1000 17
4 8 6 1 17 10 3 12 10 9 12 9 7 14 12 16 12 
12 15 17
9 14 4
19 0 8
22 0 5
15 18 11
19 22 1
6 10 1
17 21 13
10 15 3
8 12 11
16 18 7
19 21 17
16 18 10
0 2 7
7 10 2
21 0 3
13 16 17
19 22 1
16 19 5
14 17 2
22 2 14
16 19 1
9 13 2
13 17 12
1 3 5
8 10 4
23 2 12
0 2 17
8 12 1
4 8 5
0 3 11
21 2 11
8 10 14
11 12 5
1 3 9
20 23 10
7 11 6
19 22 9
1 4 11
10 12 14
15 18 13
5 8 4
4 8 5
12 15 10
19 21 10
18 22 1
6 9 14
7 11 4
9 13 5
7 10 4
3 6 16
3 7 6
12 14 1
9 12 10
20 23 3
8 10 1
5 6 10
23 1 4
9 11 6
12 15 3
2 6 17
5 8 6
15 19 1
23 1 16
20 0 1
9 13 6
4 8 9
1 4 3
6 9 2
21 23 15
5 7 4
0 3 1
4 8 9
22 2 2
1 2 3
23 3 1
20 23 7
6 9 13
4 8 8
16 19 12
22 0 17
22 2 15
18 22 10
17 20 15
3 6 8
17 21 15
17 19 12
1 3 9
10 12 13
4 6 9
8 10 5
1 6 4
18 21 3
5 8 4
8 11 3
17 20 13
15 19 17
8 11 14
23 2 16
20 23 15
23 3 16
2 5 3
3 6 12
7 10 7
8 11 8
4 8 7
16 19 8
5 9 4
22 1 11
11 14 6
20 22 16
13 17 13
11 14 14
15 18 16
11 13 13
17 21 15
16 19 3
11 16 3
7 11 13
10 14 13
1 3 13
18 22 10
0 4 9
16 19 3
20 23 15
13 14 15
13 14 16
2 4 15
8 10 10
0 4 3
23 2 4
7 9 6
19 22 11
11 12 5
16 20 14
10 13 17
19 21 10
8 12 15
6 7 8
6 8 12
22 2 11
9 11 13
10 13 17
0 4 9
17 21 5
6 11 17
10 13 7
16 19 5
3 6 2
19 22 12
12 14 4
2 4 9
15 16 10
6 8 5
2 5 8
10 13 9
17 20 7
6 9 2
22 0 8
5 7 7
13 16 3
18 20 14
10 13 6
1 5 6
2 5 4
20 0 6
8 11 16
17 20 6
13 16 12
18 21 14
11 13 5
18 22 6
3 7 16
1 5 10
1 4 8
8 10 17
21 21 1
13 16 6
21 23 10
6 9 1
5 8 11
22 1 4
3 6 16
3 6 3
23 3 1
15 16 10
16 20 7
19 20 9
13 15 12
23 3 7
1 3 16
12 17 14
5 6 4
4 7 14
16 18 13
10 12 8
1 4 8
3 5 12
5 8 8
10 13 13
17 20 9
18 20 14
21 1 6
6 9 12
23 0 16
6 9 10
17 21 1
23 2 5
1 6 16
4 7 17
18 21 12
14 18 14
0 2 16
11 14 7
16 18 5
18 20 1
17 19 1
13 18 3
9 14 16
15 18 3
15 19 6
17 20 11
18 20 15
19 22 11
4 7 13
18 21 6
10 14 14
18 19 13
16 19 8
10 14 4
3 6 10
13 16 6
15 18 1
22 1 6
17 21 14
6 7 7
11 14 17
7 11 5
0 2 1
3 6 13
0 4 12
7 11 4
17 17 17
4 6 15
21 23 11
18 23 6
1 4 15
13 15 6
18 20 8
9 11 13
13 18 14
18 20 3
17 21 14
22 1 3
11 12 6
0 3 11
3 7 5
19 0 6
9 14 16
18 19 13
5 8 1
0 0 13
22 2 5
2 5 10
12 14 8
13 16 12
4 7 14
18 20 9
9 11 5
3 7 7
12 14 14
5 8 13
16 20 1
12 15 16
18 21 5
13 17 6
4 6 6
2 6 5
14 18 4
15 17 9
13 16 11
17 22 13
12 13 5
17 21 1
10 12 15
1 6 5
14 18 6
14 17 10
14 16 13
19 22 9
22 1 4
21 1 15
16 19 17
17 20 12
7 9 13
14 18 15
8 10 11
4 6 2
23 3 13
3 6 15
21 22 11
9 11 2
4 6 10
7 10 3
9 12 17
13 15 4
19 21 1
9 12 13
17 20 17
21 0 2
8 9 12
1 3 8
16 19 2
10 12 11
20 23 1
8 10 10
3 6 5
12 16 4
20 0 15
7 11 14
20 21 13
23 3 4
14 16 12
17 20 6
10 13 12
6 8 14
6 9 2
16 18 7
19 22 4
13 16 3
20 21 5
11 13 6
4 5 1
6 10 14
10 12 10
11 15 17
11 14 11
7 11 14
17 20 1
1 4 2
9 11 12
12 13 14
17 20 15
18 21 11
20 1 9
16 19 17
13 17 11
21 0 3
14 17 3
23 3 4
20 22 5
20 23 10
21 0 4
9 12 5
21 0 11
18 23 13
9 12 15
22 0 9
22 1 15
5 6 14
1 4 3
0 1 4
23 4 5
10 15 1
2 4 7
21 1 12
12 17 9
15 18 5
23 2 8
23 2 2
2 6 7
19 22 10
20 23 10
14 16 14
17 20 7
22 3 14
4 8 12
0 3 2
3 6 15
5 8 9
15 16 2
13 18 16
13 15 13
17 19 11
18 21 3
4 7 6
10 13 14
10 14 12
6 7 8
12 16 6
0 2 10
12 14 8
16 18 10
6 8 13
14 16 11
9 11 3
22 2 16
4 8 13
9 12 13
21 23 10
2 7 16
4 6 12
21 23 11
18 20 14
0 4 3
22 2 10
0 3 12
2 5 16
19 22 17
10 13 9
4 9 13
7 9 7
11 15 6
1 5 10
3 7 8
21 0 5
13 15 12
17 20 17
3 7 1
15 18 3
19 22 4
4 7 3
22 2 10
21 0 8
23 1 14
16 19 7
10 13 11
14 16 14
23 3 15
21 0 9
13 16 4
1 5 17
14 16 3
19 23 2
12 17 11
8 10 14
23 3 6
5 8 13
13 17 9
16 19 4
0 3 1
8 10 14
1 4 9
23 3 12
16 19 15
20 0 2
11 12 11
7 10 8
22 1 1
13 17 6
9 12 1
10 13 11
4 6 15
12 14 14
19 21 5
10 14 14
7 11 7
2 4 12
7 9 13
20 21 6
19 20 16
4 8 2
13 15 12
19 20 17
6 8 16
6 9 8
1 3 14
11 12 4
1 3 9
11 14 2
13 15 10
17 20 8
3 5 13
9 12 3
21 0 7
6 8 12
16 20 1
4 6 3
18 18 7
9 10 8
23 2 7
8 10 11
15 18 4
8 10 2
11 14 15
19 0 4
5 7 9
18 22 8
21 23 3
2 5 9
23 3 1
13 16 14
23 4 1
19 23 3
7 11 6
22 2 12
16 18 11
1 3 7
15 18 13
1 4 5
12 15 13
19 23 6
23 0 4
0 1 14
14 17 7
23 1 7
0 2 14
3 4 10
7 9 2
14 18 7
1 4 1
19 22 9
14 17 5
19 23 6
1 5 14
21 0 11
19 22 8
13 15 11
18 19 17
8 10 6
1 3 10
22 2 13
6 7 17
19 22 4
14 17 13
8 10 8
12 13 1
14 16 8
12 15 16
12 13 17
6 9 1
18 22 11
14 18 2
20 23 8
13 16 15
17 21 4
22 0 7
23 3 1
3 6 1
13 16 2
9 12 4
17 21 11
18 21 17
8 10 6
9 13 8
22 3 6
23 2 17
23 1 13
2 6 6
23 2 5
9 11 7
9 12 17
15 19 5
21 0 1
10 13 13
12 15 2
1 5 4
7 10 12
21 0 10
8 11 5
7 9 5
13 17 13
6 8 4
5 6 3
23 2 7
17 19 10
17 21 13
19 20 1
9 11 9
21 0 6
19 22 9
19 21 11
0 1 8
0 3 4
19 22 1
9 13 3
16 21 9
6 9 12
1 6 17
20 22 15
21 0 8
12 14 4
20 22 1
2 5 17
7 11 8
12 16 13
11 12 8
15 18 11
0 3 4
3 6 6
1 4 15
23 3 5
21 1 5
6 10 17
20 22 15
1 6 2
17 21 13
12 15 15
5 9 11
6 9 1
6 10 10
8 10 17
19 21 11
6 10 17
18 21 15
20 23 9
0 4 17
9 11 5
20 22 5
19 23 12
22 1 14
19 20 15
8 10 7
17 20 12
23 2 2
21 1 8
22 2 5
8 11 8
4 8 15
22 2 5
10 15 4
7 8 6
18 23 6
10 14 4
20 23 12
8 11 6
23 5 12
23 2 5
22 23 16
16 19 14
14 17 15
16 20 4
11 14 13
14 17 11
13 15 7
21 0 16
21 22 1
1 4 8
0 5 16
14 17 4
20 1 3
9 12 13
18 19 14
20 21 4
18 20 15
12 16 16
6 10 6
4 8 3
23 3 6
3 6 16
18 20 5
14 17 6
15 18 3
8 10 1
21 0 15
14 17 6
16 19 3
3 6 11
16 18 17
7 11 10
8 10 15
17 20 6
11 14 12
17 20 11
8 11 15
19 22 17
18 23 17
6 8 4
1 3 6
7 9 2
13 17 4
12 15 1
10 12 3
22 2 16
23 3 7
11 13 16
23 3 5
7 10 13
4 7 13
18 20 15
7 10 15
8 13 2
11 15 3
23 2 12
17 19 1
2 7 1
2 5 17
21 23 17
1 3 4
12 15 15
22 2 7
23 1 10
21 23 15
13 17 1
10 14 7
15 18 12
12 16 16
2 5 7
11 15 8
14 17 1
18 21 2
8 10 16
16 19 6
9 12 16
22 0 13
13 15 8
4 7 2
3 9 11
11 14 2
8 10 17
13 16 9
16 18 13
0 3 8
3 5 9
22 1 14
21 0 8
18 22 9
15 14 14
10 12 13
13 16 17
8 11 1
8 11 6
21 1 17
17 19 16
7 10 1
18 20 10
23 2 12
4 8 8
17 20 11
21 1 16
16 19 13
11 14 3
3 6 16
19 20 9
23 1 15
10 13 14
12 15 15
9 13 13
21 0 10
11 16 14
17 21 6
10 12 11
11 15 1
12 16 2
21 1 9
17 19 3
0 3 12
21 0 10
21 0 13
6 8 17
10 14 8
2 4 6
1 3 1
2 2 16
21 0 2
13 18 9
14 15 15
8 12 14
4 7 4
17 20 17
5 6 8
11 12 7
10 13 16
0 1 3
0 3 1
19 22 2
19 1 8
12 15 14
6 8 14
1 4 6
13 17 15
18 22 3
14 16 15
21 22 11
1 4 3
8 11 10
16 18 16
13 16 15
21 0 13
9 12 7
19 20 9
16 20 7
5 8 5
16 19 4
0 4 13
12 15 14
18 20 12
8 12 6
11 14 14
6 7 2
19 21 5
4 7 3
2 5 4
8 12 12
7 11 7
19 21 5
0 3 7
1 3 3
12 14 11
14 16 8
3 6 13
15 18 1
5 6 16
15 18 14
10 13 7
11 13 10
14 15 4
8 11 3
17 20 1
23 23 4
20 21 10
15 17 2
8 11 1
6 9 10
21 0 1
21 2 8
5 9 12
3 7 6
22 1 4
14 16 7
5 8 4
3 9 9
17 20 7
2 5 1
1 3 4
23 1 17
20 0 12
14 16 16
20 23 10
21 0 16
13 16 7
7 10 9
11 14 12
21 0 7
20 0 15
11 13 8
8 11 7
22 0 7
8 11 1
17 20 12
8 11 15
17 20 8
5 8 6
11 15 2
19 23 17
23 2 2
18 21 17
8 9 13
19 23 1
2 5 15
10 12 2
16 19 15
16 20 13
17 20 3
20 0 3
7 11 8
12 15 6
22 2 14
15 18 6
21 22 9
9 12 6
5 7 9
15 17 8
8 10 15
20 23 13
15 20 15
7 9 14
7 10 12
18 20 13
6 10 17
4 7 16
8 8 1
21 0 14
20 23 10
7 10 12
9 12 16
10 12 3
6 8 14
10 13 12
15 19 9
8 12 9
1 1 15
13 16 8
4 7 9
18 22 1
17 20 6
17 21 12
6 8 10
15 17 12
20 0 11
2 3 8
19 23 16
21 1 9
22 3 4
8 12 9
0 3 10
14 17 3
19 22 15
13 17 2
17 21 15
16 19 16
21 1 2
6 9 14
22 1 9
12 16 3
20 23 17
0 3 17
5 10 11
16 19 1
9 11 16
16 19 2
2 6 5
17 19 1
0 2 7
3 7 1
15 19 7
21 0 15
20 23 11
18 21 17
13 17 9
17 22 10
0 3 5
0 4 10
7 9 7
19 0 5
14 16 5
22 0 8
3 6 15
14 17 8
14 16 3
6 9 6
18 20 15
8 11 16
9 13 1
18 22 11
12 14 16
6 9 5
16 19 3
14 17 14
19 0 9
12 13 15
9 11 2
11 14 15
3 8 6
12 14 5
4 7 5
4 6 2
18 20 5
7 10 7
20 23 13
19 22 10
10 12 1
18 22 17
20 23 10
14 17 8
17 20 2
2 4 11
15 18 4
10 13 4
17 20 7
3 6 13
16 18 1
15 18 16
16 21 10
18 20 8
23 1 12
2 5 16
9 13 10
11 16 8
5 8 11
22 1 3
7 10 12
15 20 5
22 1 10
9 12 11
7 10 10
0 4 16
14 15 8
13 16 16
9 12 3
13 16 11
19 21 7
17 20 2
18 23 15
6 8 5
20 0 17
16 19 14
19 22 3
17 21 13
5 8 2
10 12 4
10 11 13
4 8 4
13 16 13
1 4 6
18 22 3
19 22 15
17 20 13
2 5 6
6 9 17
