1000 47
5 19 33 46 15 35 43 34 46 22 9 29 16 15 12 24 5 44 23 37 38 10 19 3 39 12 11 39 41 10 11 36 25 25 22 39 38 32 22 30 25 21 28 13 21 2 29 
16 20 43
15 18 8
13 17 26
11 13 13
6 10 2
22 1 40
16 18 46
13 18 30
21 1 2
4 7 23
2 6 18
6 9 11
8 9 4
7 11 45
4 6 8
3 7 18
19 22 24
15 18 7
4 10 29
15 20 38
9 13 23
14 18 10
6 11 37
1 4 18
20 0 4
4 7 43
8 11 17
18 22 28
21 0 23
2 5 11
14 17 11
20 22 29
13 14 37
16 19 7
7 9 4
0 2 36
18 20 42
8 10 7
7 10 24
11 15 23
1 6 26
13 17 20
22 0 47
2 4 9
12 16 45
6 9 41
13 17 19
6 9 7
16 19 11
21 1 7
7 10 43
2 5 43
3 3 38
7 10 44
21 23 13
21 1 21
4 7 42
5 9 45
13 15 30
9 11 34
9 12 9
21 0 6
0 3 46
22 2 25
8 11 14
17 20 28
17 21 45
17 20 44
4 7 28
0 2 35
20 23 25
23 1 42
2 6 29
5 8 9
17 20 38
16 19 29
12 15 44
3 6 38
8 9 7
20 22 17
15 17 31
18 20 8
1 4 46
23 0 32
9 11 3
12 15 43
5 7 19
9 12 39
11 13 28
1 5 29
12 14 34
14 17 11
3 5 24
2 4 41
23 3 27
23 2 1
22 1 36
7 9 29
10 11 15
9 12 19
3 6 39
5 9 2
5 8 5
18 21 13
3 5 11
13 17 35
18 20 37
11 15 25
9 11 33
8 11 41
15 17 46
11 14 24
10 13 23
7 11 8
16 20 45
8 10 21
17 20 7
16 19 32
9 11 3
0 3 30
4 8 28
14 18 39
21 23 37
2 3 45
4 5 32
16 19 9
2 5 37
12 16 43
15 17 43
11 14 30
16 19 2
11 13 40
10 13 1
6 9 27
22 3 13
4 5 9
18 22 4
9 11 24
0 2 41
0 1 36
10 13 27
10 15 47
3 6 44
7 11 5
11 14 5
12 15 10
8 11 38
15 18 19
17 19 5
11 13 6
4 7 14
10 14 14
23 23 46
17 19 10
4 9 17
20 22 25
14 18 13
23 2 5
1 6 17
1 4 23
10 12 33
16 19 40
16 18 29
21 1 13
10 13 18
10 14 25
16 20 10
18 20 47
2 5 2
23 3 44
23 3 37
0 2 44
15 17 4
14 17 22
4 6 11
3 5 10
22 0 12
17 18 23
11 15 20
7 11 15
19 22 37
21 0 26
2 4 27
4 8 38
11 14 39
13 14 13
11 12 26
18 19 41
6 8 28
12 16 21
10 13 37
21 0 8
16 19 13
19 22 31
21 1 37
22 2 14
6 9 27
9 11 6
12 17 39
7 9 2
13 15 28
18 21 23
12 14 18
7 11 16
5 9 21
10 13 35
18 20 28
0 2 29
16 19 27
17 22 39
6 10 35
15 18 32
22 2 8
15 17 27
21 1 39
23 2 12
16 18 6
7 8 45
10 13 21
13 17 1
14 18 12
22 1 3
3 6 2
12 15 24
9 12 11
5 7 1
5 9 28
1 4 17
15 18 39
23 3 27
23 1 36
15 16 1
13 15 19
0 5 30
21 0 31
14 16 18
12 14 47
14 16 41
9 13 9
4 6 44
8 11 12
23 1 2
3 5 40
22 1 28
15 18 5
17 19 32
15 18 25
4 6 46
18 22 6
0 2 25
18 22 24
22 1 46
4 8 4
5 8 34
18 21 16
16 19 41
11 14 30
21 0 2
4 8 27
20 22 31
14 19 36
6 11 7
23 3 44
0 2 39
10 12 10
4 7 39
11 13 9
7 12 15
23 3 38
3 5 20
1 6 15
9 12 38
0 4 15
6 9 7
20 0 36
22 1 15
18 22 30
6 8 35
9 13 30
2 5 46
6 10 8
13 16 16
2 3 40
20 23 34
0 3 31
18 21 10
21 0 17
6 8 47
15 19 35
19 20 12
3 7 4
9 13 43
13 15 29
8 12 41
16 18 15
9 12 31
14 18 17
15 18 6
17 20 8
9 11 6
20 23 4
15 18 4
14 17 7
21 22 44
2 6 35
20 23 8
19 22 12
20 21 42
1 4 14
12 14 46
20 21 20
20 0 8
17 19 41
3 6 21
5 6 37
3 7 27
11 15 24
17 19 10
12 14 31
19 22 45
18 21 36
21 0 38
2 5 38
4 6 4
11 15 28
21 1 24
21 23 13
15 17 44
4 8 14
5 8 26
17 20 10
20 0 6
15 18 21
2 3 13
11 15 35
20 23 7
11 15 18
4 7 20
2 7 36
14 16 14
6 10 37
9 12 6
17 22 26
10 13 11
3 4 30
12 17 10
10 15 10
7 9 30
6 11 28
9 14 39
6 11 19
19 22 19
8 10 47
21 1 23
12 16 19
12 15 6
19 21 47
4 6 10
3 7 7
7 9 10
23 3 28
1 5 40
10 11 12
4 6 20
0 2 15
22 0 1
21 0 18
12 14 11
14 19 17
5 6 19
4 7 31
0 3 14
16 20 27
14 18 6
20 1 29
6 10 17
17 19 6
17 20 43
13 16 47
17 21 14
10 13 40
16 20 28
14 16 21
6 9 5
9 11 11
19 22 40
23 2 35
23 2 30
23 1 39
5 8 45
0 2 15
16 19 35
21 0 12
12 17 3
2 6 40
23 3 33
6 10 11
11 14 46
14 17 32
1 5 35
17 20 19
5 8 21
9 12 4
14 18 36
21 3 37
1 5 2
15 18 36
1 3 3
23 2 47
9 12 46
9 11 9
15 16 39
15 19 21
21 2 11
16 18 46
2 6 36
16 19 22
23 3 14
5 7 13
16 19 7
1 5 12
0 4 22
0 3 24
17 19 6
0 3 4
10 13 13
8 9 2
12 15 24
14 17 43
22 1 13
8 11 42
2 4 39
7 10 31
22 1 2
18 20 11
7 11 9
3 7 11
20 23 44
23 2 18
17 22 2
19 22 47
7 11 2
8 11 25
1 3 20
11 14 7
21 1 31
3 5 17
12 16 46
8 9 15
2 6 35
5 9 44
19 20 45
18 0 25
6 10 32
21 23 46
19 22 6
15 17 38
1 5 36
12 15 32
11 13 32
12 16 43
4 7 22
11 14 31
5 8 1
19 23 3
6 7 41
1 4 39
23 2 29
0 4 24
21 0 12
15 18 47
14 16 11
14 17 3
2 4 37
1 4 8
23 2 37
16 19 27
19 22 37
18 20 6
22 23 6
14 17 47
9 13 24
3 6 11
23 1 25
14 16 6
18 22 25
10 15 13
7 8 43
14 16 21
18 20 12
0 4 40
13 16 18
16 18 2
1 1 33
15 20 26
3 7 1
9 12 45
1 4 6
17 19 29
13 18 24
16 19 17
2 3 46
1 5 21
2 6 1
19 23 28
6 9 26
0 2 33
7 11 38
15 18 47
11 13 17
22 2 24
9 12 46
18 21 22
3 6 6
23 0 40
4 7 27
2 4 37
8 12 36
12 16 46
19 21 20
7 8 45
7 10 38
9 11 18
2 5 9
14 18 29
3 5 20
13 16 17
3 5 29
5 8 29
18 23 21
18 20 47
9 11 46
19 0 24
2 4 47
4 7 12
5 6 7
7 9 6
19 21 14
16 19 46
17 21 30
5 7 9
12 15 6
19 23 15
4 7 30
4 7 36
16 17 33
7 9 1
6 8 7
8 11 33
14 16 22
7 9 39
15 18 44
14 17 17
17 20 46
10 13 21
22 3 46
6 10 22
12 15 4
18 22 32
21 0 47
5 9 16
22 0 18
3 6 30
14 18 32
16 20 37
17 19 19
2 4 24
10 12 28
12 15 7
6 8 15
19 23 24
5 7 3
16 20 9
21 0 23
10 13 17
22 1 25
4 7 9
2 6 21
14 18 45
2 6 10
23 0 30
1 4 18
11 13 45
3 4 45
8 11 8
20 23 19
11 14 37
7 10 27
12 14 24
23 2 47
0 2 45
14 18 37
14 16 5
6 10 10
7 8 17
15 18 28
9 10 16
3 5 39
11 14 5
7 8 32
8 10 10
10 13 24
3 5 47
2 7 43
23 3 5
17 19 11
21 0 12
18 21 31
7 9 36
10 13 12
3 5 41
13 17 16
12 14 7
20 1 42
14 18 15
22 1 24
0 4 13
16 19 20
7 10 2
19 22 26
8 10 41
5 7 41
2 6 33
3 6 40
13 16 41
19 20 6
23 3 43
14 19 38
16 19 19
16 17 44
23 2 38
7 9 17
23 2 17
8 12 47
21 0 35
21 0 10
18 22 39
8 10 43
17 22 32
17 20 12
5 7 19
4 8 3
7 9 42
10 13 17
12 14 31
6 9 23
11 14 24
22 1 26
6 10 2
7 8 37
20 22 36
21 1 2
10 11 16
4 7 18
9 13 13
16 19 46
13 16 14
14 16 45
13 16 18
11 14 8
10 12 24
10 11 4
23 3 19
21 0 28
13 16 36
18 21 25
17 19 34
0 3 12
16 19 14
1 4 15
7 10 35
13 14 38
6 9 28
4 7 41
3 7 7
21 1 35
17 20 47
14 18 37
22 1 42
22 2 23
11 14 46
22 1 28
15 17 43
4 5 46
21 0 11
17 18 32
10 15 9
22 0 7
20 23 42
9 11 24
7 10 40
22 0 40
6 8 15
6 10 32
13 15 36
16 18 43
21 23 41
16 20 20
9 13 14
9 12 22
8 12 46
2 4 12
0 4 34
2 4 14
15 17 44
7 9 26
3 7 24
11 12 39
8 10 32
19 22 13
4 8 38
17 19 34
7 11 36
4 7 11
6 10 7
0 3 26
16 21 25
18 21 18
14 17 40
19 20 46
21 0 45
18 20 32
15 19 10
11 14 2
21 1 41
19 22 16
13 16 23
18 19 39
7 11 15
22 2 9
5 6 33
22 1 18
11 15 35
22 1 1
12 15 6
19 21 46
19 23 25
18 22 31
1 5 3
9 11 42
0 4 11
6 9 6
19 21 35
14 18 34
1 5 15
21 23 25
20 23 46
0 4 41
0 2 41
9 12 46
15 17 4
18 22 17
0 2 21
20 21 2
7 12 43
1 3 40
19 23 43
4 7 31
13 16 3
23 2 31
12 15 32
5 7 20
7 10 47
1 4 28
11 14 32
6 10 18
5 7 42
22 2 23
4 8 3
2 5 12
8 10 46
1 5 4
11 14 16
10 13 41
6 8 42
16 21 45
6 9 4
2 5 26
17 20 24
12 15 25
5 6 38
5 7 8
17 20 26
2 5 9
19 20 34
0 2 1
12 13 32
18 21 13
2 5 2
1 4 47
5 8 13
2 5 45
9 12 44
14 18 44
9 11 11
20 22 22
22 2 24
2 5 12
1 5 26
16 18 32
5 7 47
17 20 1
22 2 2
18 19 6
21 0 45
20 23 43
21 23 26
7 10 20
0 4 17
12 15 1
22 0 38
9 12 3
6 8 39
1 4 28
3 7 38
10 14 40
19 20 39
3 6 28
2 3 32
6 8 30
18 21 13
16 20 31
4 8 42
15 16 32
9 13 22
20 22 47
14 17 7
14 16 38
9 13 40
13 15 35
7 10 3
6 7 37
12 15 14
21 1 13
12 15 11
20 1 17
13 17 5
16 19 28
12 14 16
20 23 32
13 16 16
9 12 13
21 23 38
22 23 9
7 10 10
21 0 3
5 10 10
16 19 45
23 2 31
2 8 40
3 6 47
16 18 32
17 20 21
8 12 11
15 18 8
5 8 23
4 8 29
20 23 22
21 23 20
2 5 2
16 21 39
2 4 13
23 4 17
5 8 5
20 23 15
19 21 22
20 21 35
16 18 33
6 8 40
20 23 46
20 1 13
14 17 44
4 8 41
2 4 46
22 0 25
12 14 3
22 1 12
18 20 13
16 20 11
6 9 6
3 6 45
14 18 26
1 4 1
12 14 14
10 13 24
3 5 40
20 1 8
5 8 13
6 7 35
14 16 46
9 13 47
6 9 42
14 16 25
21 23 20
7 10 39
4 6 12
20 23 45
2 5 15
1 4 7
1 3 25
4 7 28
15 18 47
13 17 22
3 5 8
11 15 29
4 6 47
7 10 27
8 11 35
5 8 31
6 10 26
0 5 21
9 12 28
14 16 13
20 23 12
11 14 33
7 9 37
2 4 11
8 11 19
1 5 14
5 7 45
7 10 1
5 10 10
3 4 26
5 8 13
15 19 1
3 5 1
16 19 31
21 23 3
3 6 41
12 15 35
17 20 44
13 18 6
4 9 43
10 13 42
9 11 37
21 0 18
7 10 28
16 19 45
0 3 4
14 16 23
5 6 6
9 11 12
20 23 35
19 22 2
9 10 43
1 3 37
13 14 36
15 19 44
17 20 20
14 17 31
17 20 27
11 13 1
0 5 21
21 1 20
18 21 7
12 15 25
5 7 24
9 11 42
13 17 9
14 16 31
18 20 39
10 13 43
20 23 8
4 7 8
19 23 10
5 8 22
20 1 28
7 10 23
11 15 15
17 21 2
22 2 46
20 22 2
1 3 35
16 19 14
6 9 36
18 21 10
14 18 19
19 22 24
15 19 1
17 20 31
12 13 9
17 18 15
5 6 17
2 4 17
4 7 43
6 9 5
17 21 27
19 21 10
8 11 36
7 11 31
11 13 32
12 16 41
19 22 9
3 6 5
16 19 32
7 11 31
0 1 30
16 19 39
11 14 31
13 16 42
