1000 53
49 29 38 43 19 34 23 31 12 2 35 14 22 34 18 37 4 51 7 31 27 21 28 28 3 7 3 11 5 47 50 45 13 33 14 19 5 22 22 12 50 42 29 28 17 11 25 31 1 18 5 50 24 
7 10 6
21 0 36
7 11 33
6 10 9
18 22 10
20 21 20
22 1 42
18 20 26
23 3 48
14 17 20
5 7 33
8 13 52
4 7 41
2 5 6
2 4 21
21 1 28
5 9 10
15 18 30
6 9 3
1 4 30
5 7 40
3 6 42
15 19 38
21 0 21
5 8 6
18 22 46
9 13 1
11 15 3
8 11 29
21 0 46
9 12 43
0 3 19
5 7 53
18 21 33
5 10 34
3 6 28
9 14 43
10 13 48
21 1 39
19 21 50
6 10 47
12 18 1
10 13 3
12 15 7
0 3 29
12 15 24
8 9 23
15 17 42
9 11 50
15 17 46
14 16 5
22 23 34
17 19 41
23 2 43
3 5 27
13 16 2
19 22 3
20 23 50
0 0 5
20 23 5
10 13 10
13 18 53
4 8 29
16 20 18
15 18 12
21 0 50
16 20 43
10 12 27
23 2 36
18 21 43
22 2 13
0 3 13
4 8 53
22 1 23
21 23 15
11 14 49
21 0 37
11 14 22
23 0 9
14 17 34
23 1 31
19 20 30
20 22 45
10 13 6
22 2 10
19 0 28
18 22 23
0 5 49
10 14 24
3 6 26
19 21 3
9 13 20
15 17 34
12 13 20
2 7 49
17 19 42
8 12 15
19 22 24
19 22 53
6 8 22
22 1 22
16 16 38
23 3 44
23 1 9
2 5 43
14 17 45
4 8 10
5 7 30
13 17 41
5 8 17
10 11 37
16 20 26
19 21 3
0 3 9
8 11 46
7 8 35
8 10 53
6 8 42
12 15 11
21 0 31
2 5 32
9 11 22
19 22 6
14 17 14
2 4 40
19 23 32
14 16 32
9 14 30
11 13 18
11 13 53
2 5 42
19 23 45
13 16 32
22 0 35
23 2 50
8 11 23
2 4 2
21 1 46
3 8 25
7 10 32
10 13 12
13 17 46
4 7 53
0 3 26
22 1 15
19 21 19
23 2 29
17 21 16
16 21 43
12 15 21
0 3 52
17 21 1
5 7 22
3 7 10
6 8 31
13 15 30
7 9 41
12 17 1
12 15 10
9 13 32
11 13 52
9 12 17
10 13 6
5 8 37
16 19 15
15 18 4
3 6 47
22 2 33
3 7 39
21 23 42
19 21 3
6 9 49
16 18 17
8 10 18
5 10 37
19 22 18
22 1 43
7 11 6
22 0 50
21 1 30
20 0 28
12 17 23
12 15 7
18 21 44
4 7 23
18 21 28
12 14 20
15 18 41
4 6 4
5 8 26
15 18 40
20 0 2
8 10 53
19 22 30
1 5 16
18 21 18
12 15 2
18 20 2
23 2 13
11 13 53
21 23 16
6 9 16
7 8 14
10 13 41
15 17 14
23 2 3
8 11 10
0 4 23
14 17 3
12 14 36
16 18 16
19 23 23
0 3 4
6 9 37
10 13 50
15 17 10
8 11 22
13 17 36
4 7 17
13 17 52
15 19 30
22 0 40
5 7 48
22 2 49
0 4 25
4 6 45
7 10 19
12 16 50
21 21 44
18 23 47
13 16 5
23 1 5
18 22 24
14 18 15
20 0 43
13 15 11
6 10 27
3 6 46
15 18 38
22 2 19
13 17 9
4 8 47
18 21 27
7 9 17
5 7 14
6 9 44
4 7 16
4 7 8
6 9 6
14 17 33
12 17 26
14 17 28
4 7 29
20 23 38
1 2 33
9 13 47
4 7 31
20 23 47
17 20 1
5 9 26
6 9 4
2 4 7
18 22 39
2 5 18
2 5 23
17 22 8
7 11 24
16 17 8
15 18 11
21 2 6
17 19 29
10 12 33
2 6 51
6 8 45
20 22 42
14 16 46
1 4 23
10 14 3
12 16 35
18 21 10
17 20 12
23 2 8
14 15 39
8 11 17
21 0 17
8 10 35
22 3 30
3 7 3
13 15 20
0 3 19
18 21 4
7 9 24
20 0 42
14 18 19
11 14 52
19 21 28
12 16 36
21 0 12
19 21 35
6 8 20
12 16 16
20 0 30
4 6 14
6 8 13
18 22 36
11 16 37
21 0 11
1 4 46
20 23 51
18 22 51
1 5 8
14 16 23
6 8 26
8 12 9
1 4 44
11 16 21
16 19 29
11 13 29
4 6 38
9 11 41
23 3 28
12 12 40
3 5 51
18 21 16
22 2 44
20 0 24
7 9 52
21 0 20
9 13 46
10 14 13
0 5 12
5 8 36
4 9 33
20 1 11
14 16 16
8 11 51
23 2 42
2 4 41
3 7 19
13 17 44
19 22 44
16 19 13
7 10 3
23 3 40
2 4 31
5 8 16
5 6 27
9 14 27
11 16 46
23 1 50
20 23 1
20 1 53
21 0 37
8 11 31
11 15 1
23 1 48
15 18 48
23 2 22
8 11 17
9 12 49
21 1 22
22 1 38
13 15 3
6 12 27
7 10 6
17 19 50
12 14 15
6 11 34
4 7 48
14 18 2
10 13 17
11 15 53
0 3 14
11 13 25
19 22 3
20 22 45
9 11 13
11 14 46
4 7 21
20 23 41
19 22 6
16 21 35
7 12 4
19 23 41
6 8 5
6 8 21
23 4 5
12 15 41
20 1 38
22 2 48
18 20 30
5 7 20
10 12 6
4 6 13
5 9 24
11 14 47
8 8 23
9 11 3
6 10 4
14 18 37
14 17 46
12 17 7
20 23 15
18 20 38
19 22 53
2 3 36
1 4 26
15 18 20
9 11 15
21 0 13
10 14 11
9 10 20
1 3 19
0 2 16
12 17 25
3 6 24
11 14 9
16 20 25
15 18 20
6 10 50
2 5 31
19 21 45
5 10 51
20 21 18
21 0 9
1 5 15
13 18 15
21 1 47
4 8 20
17 20 53
20 0 19
21 0 11
11 15 29
2 6 16
22 0 24
6 10 11
21 23 45
4 8 48
20 0 31
14 16 11
20 23 12
5 7 11
10 13 10
5 9 32
3 6 34
16 19 32
19 23 48
11 16 12
22 1 2
0 1 49
20 0 10
16 18 52
23 3 26
21 0 38
7 11 44
23 2 22
7 11 48
3 7 16
7 11 28
11 13 15
10 12 38
5 7 16
4 7 48
2 5 37
4 7 52
11 14 8
14 18 27
21 23 45
13 15 43
6 9 3
13 15 19
0 2 13
11 13 17
8 12 49
18 20 24
12 13 51
21 0 43
12 15 53
9 13 27
11 15 24
20 0 47
17 20 11
1 4 48
7 11 7
7 10 17
7 10 18
2 5 34
2 4 25
19 23 17
8 11 49
14 17 40
18 21 33
22 2 41
19 21 23
9 11 44
20 0 32
8 10 22
7 11 52
22 1 11
21 0 26
1 3 26
11 14 43
17 20 44
6 10 1
5 8 7
21 1 6
12 14 45
19 21 11
17 21 28
22 1 40
12 16 22
3 7 9
10 13 52
1 4 41
0 4 27
19 21 49
8 12 18
11 12 5
18 21 41
6 8 32
1 4 47
10 12 35
22 2 47
1 4 1
6 10 53
22 0 52
4 8 31
11 12 42
0 3 35
5 8 12
12 14 44
1 5 18
14 18 50
11 15 33
18 21 7
20 22 8
23 1 7
9 12 21
9 14 2
1 6 29
20 22 28
9 12 40
12 14 17
20 23 52
18 22 53
20 0 28
21 0 4
10 13 9
3 7 17
10 13 27
16 18 25
8 10 3
4 7 43
20 0 21
17 22 41
3 4 48
15 17 35
10 14 51
21 1 26
20 0 17
6 8 19
11 16 32
15 17 29
15 19 38
3 7 36
2 5 31
0 3 9
14 16 20
8 11 6
13 16 39
22 0 25
6 10 9
22 23 3
3 6 21
15 18 11
3 6 19
0 2 30
16 19 20
14 17 37
13 14 1
0 4 11
10 14 53
7 9 10
19 23 14
17 21 24
19 22 47
4 8 43
18 22 47
10 12 18
23 3 32
19 23 45
1 4 13
17 21 53
9 12 6
7 10 45
1 6 27
18 22 50
18 23 28
14 18 12
6 9 16
16 18 49
12 15 1
1 5 24
19 21 10
8 12 50
15 19 40
8 10 40
0 2 9
14 16 40
18 19 2
8 10 39
6 8 35
7 10 29
0 4 49
11 14 42
22 2 25
22 0 25
4 7 41
23 4 11
22 2 48
14 16 51
12 14 27
9 12 17
15 18 51
22 1 30
3 9 51
9 12 41
22 0 34
3 7 44
15 17 42
20 23 38
10 14 27
16 18 36
23 1 23
11 12 38
22 1 38
17 20 15
7 9 19
22 1 40
3 8 31
3 7 3
23 2 7
0 4 37
19 23 53
15 18 39
18 22 29
13 16 39
0 4 40
22 0 2
20 22 34
20 23 51
8 11 21
6 12 21
13 17 5
12 14 32
19 23 15
1 3 5
16 19 14
6 10 3
20 23 25
10 14 23
11 13 15
15 18 8
21 1 7
0 2 37
6 10 34
21 1 29
3 5 37
3 5 36
10 15 17
7 10 47
18 19 42
9 11 50
18 20 10
13 15 29
20 1 40
8 11 21
15 18 8
2 5 33
21 2 22
13 17 45
15 20 35
0 4 23
21 23 2
9 14 12
15 17 12
8 10 21
4 8 6
0 3 13
7 10 27
6 10 45
23 2 48
13 16 19
17 21 26
1 4 36
14 16 40
17 18 6
2 6 25
7 10 12
21 22 27
21 23 2
9 10 39
18 22 32
11 15 3
1 2 53
0 3 33
6 9 44
19 21 51
7 11 22
21 23 28
8 10 18
11 16 38
2 6 52
7 9 44
17 18 12
1 4 18
7 11 27
14 17 23
4 7 4
2 6 43
2 5 13
9 12 5
15 18 46
9 13 43
19 21 37
13 16 37
6 8 37
19 22 7
17 19 28
17 19 50
14 15 40
7 11 14
1 5 20
19 22 1
7 10 10
9 14 31
0 5 27
18 22 48
5 7 39
9 12 27
18 21 34
9 11 23
22 23 32
3 7 39
15 18 22
18 21 24
9 12 28
16 19 21
6 7 25
1 3 23
16 18 46
17 20 21
10 12 14
14 17 14
14 15 22
21 1 11
22 1 4
18 20 49
18 21 16
6 9 26
14 17 3
2 5 42
15 17 47
21 0 46
15 18 44
3 7 43
18 21 33
13 15 18
18 22 16
15 19 51
23 1 48
0 4 19
22 1 49
1 2 29
16 20 51
19 23 42
14 16 8
16 19 5
23 2 30
9 11 23
21 22 16
8 9 52
5 10 20
8 10 11
20 0 50
0 3 19
18 21 53
18 20 3
23 2 49
12 15 29
12 13 10
21 0 9
0 3 3
17 20 20
18 20 37
12 13 5
8 11 31
21 1 49
9 12 47
19 20 50
12 15 2
12 15 14
22 1 31
1 2 38
6 9 9
12 17 49
0 2 40
7 11 46
0 2 7
10 14 36
3 6 23
10 13 27
10 13 10
4 7 38
1 3 52
22 2 14
1 2 18
14 14 40
11 14 26
22 1 32
23 2 1
10 13 35
13 16 32
18 19 37
11 13 46
15 17 29
11 14 5
19 23 53
14 17 7
2 7 4
4 7 23
22 3 28
10 11 30
23 3 45
7 9 36
0 2 43
16 19 38
7 11 22
19 21 44
14 18 35
4 6 16
9 12 20
4 7 53
20 23 21
14 16 30
19 22 7
14 17 26
16 19 5
16 17 9
4 5 48
15 18 33
9 11 52
5 8 41
12 14 2
6 10 5
18 20 31
7 9 50
2 5 11
0 5 21
12 15 33
6 10 28
8 12 45
1 3 37
11 14 26
5 6 11
3 4 38
12 15 10
17 19 3
17 20 41
5 8 21
23 1 18
23 3 48
20 23 30
0 3 4
16 19 13
4 8 33
4 5 12
16 19 8
9 13 34
8 10 15
2 7 49
9 13 2
14 14 16
9 12 40
18 21 25
21 23 53
14 17 17
9 11 35
23 4 29
19 21 32
15 19 29
14 16 46
4 6 49
9 11 9
7 10 28
6 12 11
16 19 4
11 14 17
23 0 4
17 19 5
21 23 49
7 9 1
21 23 51
0 3 24
6 8 36
1 5 24
23 2 2
3 5 35
0 6 52
18 21 35
19 23 9
18 21 53
22 1 26
11 14 17
5 10 32
11 13 9
13 16 7
22 2 25
7 11 40
10 12 24
0 4 33
22 2 33
23 3 1
11 14 23
18 21 37
16 20 33
19 21 3
8 9 36
19 22 31
3 5 48
16 21 2
23 0 24
1 3 9
17 20 43
9 13 23
19 21 11
16 19 3
5 7 35
10 11 23
11 14 44
6 8 3
23 2 32
11 14 43
7 11 49
12 16 22
21 1 29
8 9 49
19 22 33
7 11 35
6 9 37
6 9 53
16 19 43
7 11 18
18 21 31
1 2 19
8 12 47
19 1 18
5 9 11
2 3 29
7 10 16
13 16 3
17 20 3
8 10 45
5 7 40
21 23 20
23 1 42
5 9 44
1 3 23
15 18 40
20 22 11
9 13 22
18 22 16
3 7 7
11 13 25
14 16 49
14 17 47
5 7 7
0 4 3
9 12 37
9 12 37
6 10 1
6 8 33
19 22 23
19 21 39
4 6 24
11 16 42
19 22 31
14 19 4
21 23 9
12 15 53
10 13 29
19 22 24
14 15 30
13 15 18
9 11 15
5 8 42
18 22 18
3 6 13
15 19 12
18 20 15
