1000 36
28 16 9 10 22 27 26 21 11 11 1 11 18 35 21 17 6 31 22 12 14 27 7 26 24 11 6 1 13 23 26 7 17 11 20 17 
8 11 31
14 17 33
8 10 30
19 20 26
7 9 13
15 17 24
6 8 23
5 9 30
5 7 28
13 16 12
1 3 27
6 9 3
4 7 18
6 10 28
6 9 5
17 20 20
13 17 36
11 14 13
15 19 35
8 10 34
15 19 12
6 10 33
14 17 15
12 14 34
15 19 32
6 9 36
15 20 35
13 16 20
4 8 16
5 7 13
19 23 2
7 9 27
14 16 3
22 1 20
8 12 22
2 5 29
16 19 21
11 15 18
18 22 26
16 20 22
1 3 35
1 3 25
15 19 32
15 20 36
0 3 30
19 22 2
0 3 17
21 22 22
8 10 3
11 14 19
23 1 27
18 21 13
15 18 14
1 4 29
23 3 35
6 10 11
11 14 28
8 11 16
12 15 14
7 9 20
4 8 19
2 4 19
22 3 24
11 13 21
13 16 24
17 21 2
10 13 5
12 13 32
5 7 4
4 5 16
5 7 16
5 9 25
5 7 32
20 23 11
5 8 26
18 21 8
5 7 33
4 7 17
15 20 8
11 14 36
0 2 2
0 2 33
14 18 2
3 7 20
23 3 13
23 3 21
5 9 7
0 3 6
15 17 2
4 7 35
20 0 31
23 2 3
6 10 33
22 2 34
16 21 18
7 12 30
8 11 4
13 16 5
10 14 12
11 15 10
12 14 14
22 1 5
3 5 24
16 18 23
1 3 15
10 13 36
16 18 10
2 6 36
17 20 35
22 0 9
15 18 24
15 20 19
13 16 29
15 18 2
0 2 1
21 0 28
23 2 24
15 20 8
13 17 24
11 14 22
11 17 27
4 7 36
21 1 20
18 22 35
9 12 36
0 1 19
3 7 7
1 5 9
3 7 4
4 5 18
7 12 8
13 15 6
17 19 7
14 17 26
12 16 21
14 15 35
21 23 19
22 1 35
6 8 2
7 10 28
8 13 6
13 17 21
3 7 11
1 5 9
23 3 11
7 9 1
8 12 30
17 18 15
13 16 33
3 5 17
8 11 24
17 20 12
23 2 15
15 19 22
14 17 10
13 17 9
0 3 3
10 14 5
21 1 25
13 15 36
13 17 32
6 9 13
17 21 6
9 13 13
16 18 20
3 5 4
16 19 20
21 22 10
13 16 23
4 7 28
2 6 35
5 7 20
19 23 23
6 10 27
3 6 14
16 17 21
17 20 19
2 5 5
5 7 2
20 22 35
1 5 35
17 19 9
0 4 23
2 3 14
6 9 17
10 11 35
12 15 21
23 0 14
23 2 29
15 17 8
3 5 10
13 16 33
5 9 21
20 23 19
1 5 21
2 4 18
8 11 13
13 17 10
12 15 7
22 0 21
17 21 11
2 6 27
19 22 13
3 7 25
9 12 29
10 14 17
3 6 9
23 3 28
4 7 5
2 6 21
13 16 27
2 7 31
20 23 25
21 23 26
3 7 20
16 21 31
15 16 8
18 22 22
2 6 10
17 20 15
12 15 20
1 5 33
6 9 10
6 10 12
12 16 5
10 12 8
4 7 14
21 2 31
4 8 31
5 8 2
14 18 15
7 10 36
17 18 22
8 11 1
1 4 13
6 8 22
8 11 25
19 22 16
21 1 14
21 0 3
14 17 23
1 4 1
11 13 8
21 21 16
6 9 22
4 8 26
7 10 2
10 13 20
12 16 18
7 11 32
16 19 30
19 21 10
14 17 21
12 16 10
3 5 21
22 2 28
15 18 13
2 5 8
6 9 24
4 6 19
1 2 29
20 22 22
18 20 11
23 3 24
4 7 31
22 2 21
8 11 8
5 7 15
4 7 3
16 21 5
18 20 5
9 14 28
4 7 4
9 12 13
5 9 23
7 8 16
10 12 31
23 1 12
12 15 31
15 19 33
10 14 27
16 19 25
16 19 17
23 3 23
17 20 21
15 18 27
12 17 23
4 6 25
0 2 21
8 12 12
22 0 4
17 21 18
11 15 18
19 21 8
20 23 24
21 0 23
16 18 27
9 12 19
5 7 33
15 19 4
19 23 6
23 2 12
6 7 6
14 17 1
13 15 17
4 9 31
1 4 4
2 5 27
21 0 8
0 2 26
22 2 31
5 8 34
23 1 32
0 3 29
23 3 22
11 14 1
14 15 26
17 22 5
2 5 11
10 12 22
14 19 26
0 3 24
4 8 21
14 17 32
7 9 30
23 2 34
22 0 11
13 16 7
20 23 35
23 0 28
18 21 29
23 3 17
11 13 15
19 20 17
10 11 12
17 19 2
13 15 27
14 18 16
23 5 20
15 19 13
4 8 26
17 20 30
22 0 32
16 19 3
16 20 8
12 15 36
21 0 35
4 9 15
19 21 31
13 16 30
9 13 24
21 2 29
2 4 23
20 23 8
10 11 11
5 8 3
0 4 26
22 2 6
3 4 24
14 17 11
10 13 16
19 21 14
23 0 3
19 22 9
11 13 35
1 3 16
14 17 3
22 1 15
16 20 28
8 11 31
5 9 21
15 19 24
9 14 14
14 17 23
7 9 28
16 21 1
3 6 35
8 11 17
23 2 13
5 7 13
8 8 3
0 2 14
9 13 29
12 14 26
18 21 25
23 2 15
22 1 18
4 6 20
7 12 23
4 7 13
15 17 18
7 9 15
13 16 30
7 11 23
5 8 14
16 18 32
4 9 8
1 4 12
23 2 22
23 1 31
3 7 25
15 18 18
21 23 35
4 5 11
7 10 25
13 16 33
19 21 12
19 21 13
7 9 27
12 17 29
6 8 4
12 13 19
22 2 14
22 1 25
15 18 28
10 12 24
0 2 18
20 23 8
7 11 32
10 13 30
3 6 14
21 1 5
2 6 32
23 3 30
10 13 1
20 22 8
19 19 7
11 14 10
23 3 7
15 18 31
0 2 14
21 1 32
0 2 31
20 23 16
9 14 6
1 4 20
2 4 9
14 17 32
12 16 5
15 18 6
8 10 1
17 18 8
1 4 24
10 13 15
11 15 36
4 8 25
1 3 19
23 1 14
16 19 6
23 3 23
14 18 22
5 8 11
6 10 36
22 2 11
13 18 18
13 17 33
8 10 35
20 22 8
20 22 5
23 2 29
6 10 18
7 12 3
21 23 23
12 15 25
7 12 33
4 8 28
8 11 10
3 7 15
21 22 17
15 18 1
8 12 32
23 2 27
22 1 17
11 14 2
8 13 21
14 17 11
19 23 22
8 9 29
13 17 3
23 2 4
16 19 8
22 2 34
20 0 11
1 4 17
15 20 17
10 14 7
22 2 17
6 10 16
11 13 25
23 3 3
12 15 13
11 14 15
15 18 4
23 2 11
15 19 8
4 6 34
2 4 5
0 5 29
22 1 12
20 0 24
8 11 6
12 15 17
6 8 22
2 4 28
16 20 29
18 21 26
17 20 5
6 10 20
18 20 19
9 12 5
6 9 33
11 14 12
22 2 19
9 10 35
16 19 8
10 13 5
16 19 28
14 16 18
14 17 1
0 2 24
0 3 11
12 15 20
15 19 8
3 4 5
6 8 29
9 13 33
22 1 17
21 0 1
9 12 24
15 19 17
5 10 35
4 9 17
11 12 2
21 23 32
13 17 27
4 6 12
9 11 32
2 4 31
10 14 18
6 9 11
16 19 11
1 5 24
6 12 30
15 19 19
10 14 34
20 0 25
4 8 23
20 22 36
11 14 10
1 3 12
3 6 24
21 0 30
19 23 11
6 8 23
14 17 5
14 17 29
2 5 30
0 3 19
3 6 35
23 3 24
0 3 18
8 11 36
6 10 7
0 4 2
8 11 13
5 8 20
19 22 14
17 19 5
2 4 1
11 14 18
14 16 15
17 21 29
6 9 2
20 22 15
3 5 22
13 15 25
12 16 20
1 5 5
6 7 3
6 12 9
12 16 11
7 10 24
11 15 32
22 2 8
18 20 18
5 7 18
10 13 24
0 3 4
15 17 24
22 1 27
18 21 18
9 11 9
21 22 11
3 6 14
16 19 27
6 7 29
15 19 12
5 7 26
16 18 24
5 10 17
23 1 4
16 20 23
8 13 27
12 15 4
6 10 23
14 18 16
3 6 29
21 2 21
8 12 23
20 0 7
17 20 25
16 18 31
22 2 10
22 3 31
17 20 5
18 22 30
9 13 25
19 21 2
20 0 26
4 5 24
22 1 18
8 10 21
12 15 5
16 20 8
20 0 1
1 5 28
22 1 13
1 4 12
0 3 28
7 12 9
16 22 21
12 14 31
20 0 24
7 10 33
10 12 29
23 3 31
5 9 30
0 2 20
5 6 31
4 7 27
2 5 8
21 23 9
5 8 28
18 19 7
18 21 35
19 23 10
6 9 10
19 21 26
19 22 20
13 17 2
20 1 32
20 23 17
22 3 31
4 6 1
6 10 32
5 10 16
15 17 13
0 3 14
5 7 5
13 16 33
10 13 36
19 20 31
16 21 27
12 15 19
18 22 18
19 22 33
0 4 18
11 14 1
7 11 16
12 16 28
4 7 18
6 8 5
11 16 7
2 7 6
19 23 7
20 21 34
19 22 32
20 0 17
19 22 19
9 13 1
18 22 24
17 19 25
1 5 22
4 6 10
22 1 22
0 2 16
22 0 21
11 15 26
23 0 5
0 2 17
11 14 20
2 5 24
8 10 32
6 10 16
7 10 13
20 23 34
7 10 30
9 12 12
1 4 30
14 17 31
14 18 2
4 6 2
20 23 11
10 15 15
10 12 34
17 21 8
14 16 22
3 8 16
12 15 17
9 12 19
4 7 11
9 12 4
5 7 16
4 7 23
16 19 16
5 9 11
2 4 32
20 0 20
5 11 16
4 7 13
14 18 33
7 9 21
1 5 11
18 19 34
15 19 14
20 1 8
0 3 36
8 11 18
11 13 4
19 22 10
2 6 14
2 5 26
10 14 36
15 20 23
13 16 28
1 4 17
8 11 35
11 16 19
11 12 8
17 20 32
10 14 31
8 10 19
8 11 29
6 9 31
7 9 20
22 1 8
17 22 10
11 14 19
7 10 31
9 12 2
5 9 2
6 9 2
0 3 8
3 7 30
21 2 17
11 14 30
18 22 30
12 17 21
18 21 23
5 8 18
9 11 36
3 8 23
19 22 21
14 17 18
14 17 32
14 17 11
3 6 7
8 11 4
16 19 9
18 20 23
14 16 13
16 17 2
10 12 26
21 0 23
12 14 32
16 18 23
1 5 13
1 3 25
10 13 32
7 11 7
12 15 24
3 7 27
4 5 13
2 4 26
4 7 32
10 13 12
16 19 31
2 5 15
2 6 9
22 1 17
19 21 13
8 12 33
16 18 25
2 6 36
13 17 24
10 13 14
20 21 6
10 12 14
17 21 23
11 14 20
15 20 22
13 17 28
14 18 30
20 22 32
0 5 26
15 16 29
21 0 9
0 2 3
6 8 19
7 10 11
23 2 17
3 6 16
15 19 34
15 19 36
2 5 1
21 1 23
13 17 8
11 15 3
11 15 4
4 6 24
11 14 26
6 8 15
12 17 15
15 18 4
0 2 1
23 1 17
8 10 1
2 5 33
19 22 32
7 10 3
23 2 14
6 9 4
1 4 13
7 9 32
0 4 27
23 3 7
19 22 10
8 11 16
23 1 5
22 2 2
6 10 15
17 19 23
22 0 32
20 0 16
17 19 11
14 18 19
20 0 16
14 16 30
10 12 33
0 4 9
22 0 23
16 17 21
1 4 2
8 13 29
17 19 14
16 20 34
19 21 22
7 9 34
6 9 12
18 21 22
15 20 6
15 18 36
17 21 22
12 16 19
17 19 34
5 7 13
0 4 36
14 17 18
7 11 11
23 3 33
9 13 30
4 6 23
8 11 22
7 10 24
11 13 7
2 4 9
17 21 3
4 6 15
20 23 17
1 3 16
23 1 18
5 8 16
14 18 9
10 14 16
15 18 35
15 18 9
15 20 34
14 17 33
7 11 11
8 13 14
14 17 23
18 21 19
22 2 12
11 13 23
13 16 16
16 18 22
13 17 1
3 6 21
8 11 32
17 20 1
17 19 27
17 19 8
23 3 19
23 2 31
13 17 32
11 15 16
5 9 31
17 21 17
22 1 23
2 7 2
18 20 36
1 5 15
10 13 8
12 14 22
19 22 2
13 15 22
11 14 6
11 13 10
18 22 20
11 14 3
7 11 34
20 22 27
21 1 9
0 2 8
7 10 11
20 23 11
20 21 29
1 4 30
1 6 8
3 3 30
22 1 12
11 14 15
19 22 22
21 0 15
21 22 25
21 2 28
22 2 33
22 2 2
0 4 34
21 1 33
23 2 4
4 9 14
0 2 18
22 2 36
12 16 24
1 4 18
20 1 28
14 18 1
1 4 23
13 15 15
19 21 9
4 8 16
10 13 9
7 10 5
23 1 23
9 12 3
15 18 11
6 10 36
7 8 4
14 18 33
22 2 28
13 15 19
1 4 17
7 9 30
13 16 29
7 10 29
7 9 14
12 15 13
22 0 35
6 9 6
10 12 20
12 15 6
2 6 30
5 8 9
10 13 32
14 17 12
15 18 24
11 15 16
18 0 33
20 0 6
5 8 8
23 2 25
1 3 22
3 7 21
10 14 9
15 18 20
10 14 31
10 14 15
22 0 31
15 18 4
6 9 27
13 15 25
5 8 29
21 0 2
10 14 18
22 0 24
19 22 4
8 11 30
20 1 17
3 5 20
