1000 89
89 35 30 71 72 3 57 39 58 10 21 5 86 29 66 27 34 5 23 17 76 57 67 3 45 39 62 50 40 88 58 49 50 32 16 88 38 49 86 50 25 56 65 65 74 48 1 81 55 12 56 71 67 49 24 45 45 33 89 64 19 74 1 57 48 84 60 14 4 78 47 49 29 29 42 89 54 4 20 26 18 84 43 31 73 54 4 58 65 
4 8 5
0 3 15
10 13 43
16 19 21
22 1 23
7 12 85
23 1 74
16 19 30
14 15 8
13 16 85
9 13 52
1 5 87
23 3 47
9 13 68
23 1 84
14 16 14
21 1 8
7 9 76
20 0 9
10 13 17
22 1 64
9 12 35
20 23 9
15 17 28
9 12 18
6 8 6
19 23 21
10 12 6
9 15 13
2 5 50
2 6 48
17 19 52
17 20 33
11 15 42
2 5 35
16 20 76
3 7 34
0 3 58
13 18 7
10 15 15
3 7 76
5 7 18
4 7 5
19 22 78
23 2 27
4 6 13
2 6 8
16 19 21
19 20 63
2 6 81
2 6 79
12 15 57
11 14 49
0 4 63
0 1 85
0 3 19
6 8 18
17 22 56
16 19 10
23 2 5
0 2 62
6 10 63
10 14 83
9 12 25
6 8 78
18 21 21
13 16 88
15 18 66
22 1 85
7 12 51
10 11 67
0 3 53
20 23 79
12 14 70
15 19 63
0 4 35
3 7 11
23 4 49
7 11 78
22 1 84
0 4 40
20 0 71
11 14 61
2 4 77
7 10 67
2 7 25
4 10 29
8 9 61
7 9 16
21 0 29
0 2 7
12 15 55
7 11 41
17 20 11
3 6 9
5 7 53
20 0 82
9 12 42
11 13 21
21 1 69
20 22 51
5 8 87
1 2 59
1 2 55
5 9 11
19 22 8
1 5 56
18 21 61
21 23 16
3 6 70
8 10 79
8 11 26
20 23 72
5 8 71
10 12 69
17 18 11
7 10 19
10 13 69
11 15 65
2 4 65
13 15 69
10 13 64
2 4 13
4 7 30
15 16 20
18 21 72
1 5 18
18 21 18
8 11 39
16 18 36
12 14 32
7 8 53
5 8 73
10 14 63
21 1 84
0 1 25
6 8 12
15 17 36
23 3 33
18 22 41
7 11 75
13 16 41
6 10 29
9 13 77
14 16 49
10 13 15
12 15 40
11 15 84
8 12 22
7 10 85
7 10 50
22 1 28
13 18 82
21 23 62
2 5 47
21 1 14
4 10 38
10 12 68
4 6 45
19 22 56
15 19 32
6 8 22
14 18 14
9 11 10
15 19 64
23 2 16
19 23 80
21 0 78
13 17 42
5 8 75
9 11 30
13 15 88
23 2 19
19 22 57
19 22 37
4 6 13
3 6 50
12 15 69
16 18 22
17 20 84
10 12 7
7 9 17
20 0 86
16 18 19
2 4 51
8 12 69
10 13 62
18 21 89
16 17 47
13 14 11
13 16 53
20 2 71
7 10 6
4 8 56
3 5 12
5 7 86
2 5 60
18 21 25
6 9 83
7 10 76
2 4 84
15 18 78
19 22 14
9 12 54
19 22 72
2 6 70
17 20 58
3 5 59
10 11 10
6 8 57
0 2 50
14 17 60
5 6 21
7 11 15
10 16 49
9 12 79
19 21 19
13 16 25
14 16 82
0 4 75
9 14 59
21 23 22
22 2 16
9 12 33
14 17 8
0 2 49
7 10 55
16 20 33
15 18 88
4 7 25
4 8 21
15 16 4
2 4 78
17 21 60
6 9 84
20 23 45
14 17 70
6 10 51
14 16 36
14 17 35
12 15 52
4 6 75
20 0 70
9 12 21
14 18 81
12 14 67
3 6 8
19 22 67
5 7 51
2 5 42
0 2 12
16 17 73
0 4 8
0 3 82
18 22 22
9 12 54
23 2 36
22 1 6
12 15 62
5 9 11
9 13 19
6 8 86
17 20 61
23 2 62
15 17 60
9 12 44
4 9 32
0 3 46
21 0 12
0 3 17
13 15 29
12 16 84
6 8 56
19 21 38
14 16 38
5 8 82
18 21 16
15 17 20
7 9 88
0 2 74
13 17 88
7 12 87
4 7 28
18 23 27
11 14 86
0 3 7
8 13 9
4 8 70
10 11 38
20 23 60
15 20 61
6 9 12
0 3 42
22 1 59
1 4 80
6 10 68
11 15 18
5 6 33
18 21 29
18 20 60
0 4 28
23 4 74
21 0 5
21 1 30
3 4 85
10 14 2
0 4 11
0 4 8
4 9 25
12 15 13
16 19 80
22 2 61
22 1 76
19 22 64
19 22 22
3 6 82
5 8 62
16 18 64
6 10 68
22 1 45
2 5 46
16 19 88
14 17 70
12 14 13
17 20 66
7 11 36
13 16 75
10 14 23
14 18 12
13 14 88
22 2 68
21 0 13
21 0 70
5 8 10
9 11 10
15 17 58
23 2 20
14 17 89
5 9 23
21 2 31
5 7 59
9 12 16
13 16 81
22 0 62
17 21 45
2 5 81
12 13 18
23 4 76
19 23 36
16 17 61
13 16 36
10 12 17
6 9 36
7 11 6
9 13 77
10 13 52
4 8 13
20 1 61
6 9 12
17 19 10
7 11 58
15 17 64
7 9 45
8 10 89
15 17 69
18 21 59
3 5 65
15 16 53
13 16 70
13 17 30
11 14 29
10 14 60
2 6 17
6 8 42
15 17 35
0 2 19
22 23 12
7 9 63
15 17 35
20 23 29
2 5 79
8 12 46
19 22 63
4 6 58
5 8 42
22 2 1
22 23 73
2 6 21
9 14 32
4 7 82
14 16 36
11 13 84
9 14 55
2 5 60
17 21 87
13 15 50
21 1 67
22 0 77
19 23 34
8 11 19
19 20 2
5 9 39
15 19 70
18 21 75
9 12 8
22 1 31
13 16 43
8 10 9
22 1 77
14 17 56
20 22 79
9 13 45
18 22 80
16 19 32
5 7 60
23 2 54
9 13 65
21 0 23
5 7 28
22 0 5
12 15 45
9 13 24
2 5 7
10 12 55
3 8 10
16 19 87
23 2 61
4 6 10
1 5 44
22 1 20
3 6 20
11 16 63
21 0 69
19 0 46
16 20 22
14 17 4
10 13 18
16 21 85
22 2 13
16 19 70
11 15 46
12 14 1
22 0 8
0 4 25
6 9 21
22 2 70
1 4 9
15 19 10
4 6 64
17 21 39
7 11 57
9 12 51
22 23 20
11 14 67
23 3 58
13 17 49
2 4 40
1 2 49
1 2 37
12 15 48
14 17 3
21 1 82
6 8 28
17 18 23
21 0 44
19 0 3
21 23 45
12 17 72
17 21 83
13 16 38
13 16 26
13 15 50
23 3 40
14 17 11
23 2 69
19 21 64
11 14 49
6 9 57
8 11 8
20 0 25
12 16 38
18 20 25
20 23 54
17 21 50
12 14 1
4 9 56
5 8 12
0 1 12
9 13 17
17 20 46
11 13 84
21 1 40
13 18 12
9 11 76
15 18 78
12 14 56
18 22 33
1 4 33
10 11 81
21 23 87
14 18 21
18 20 11
23 2 80
12 14 75
20 23 8
3 5 1
18 21 29
2 6 17
3 6 31
14 18 86
1 5 24
9 12 19
21 0 30
9 12 80
16 19 5
8 10 32
13 17 77
7 9 40
15 18 5
22 1 65
11 15 34
19 0 61
14 15 43
22 3 89
4 5 76
8 11 88
1 5 56
5 7 10
12 14 22
11 16 58
13 16 50
7 9 18
20 22 25
1 4 52
23 3 81
20 0 18
20 0 75
6 9 39
18 20 45
10 13 50
17 20 7
3 5 26
16 19 22
17 19 73
7 12 54
14 16 11
6 9 35
9 14 41
10 13 21
22 22 78
16 19 33
4 8 89
5 6 36
22 3 46
15 17 19
0 0 64
8 14 79
7 11 25
0 3 81
8 11 36
7 8 38
13 15 12
17 21 71
5 8 10
10 15 6
6 9 29
5 7 63
18 22 43
10 13 26
1 5 23
21 0 58
13 16 47
23 1 64
16 18 61
21 1 48
2 5 21
11 14 79
10 11 40
12 15 50
1 6 65
3 6 5
5 8 77
0 3 74
15 15 23
11 15 3
9 11 44
20 22 67
17 20 66
18 20 3
12 15 13
14 18 6
13 17 20
19 22 29
10 12 54
22 1 64
15 19 6
4 6 64
0 3 15
23 1 63
22 1 75
0 2 33
11 14 49
3 6 88
3 6 27
9 14 22
11 13 41
14 16 62
17 19 83
21 0 31
9 13 88
17 21 4
0 3 6
19 21 67
6 8 18
1 3 80
18 19 88
3 5 49
10 13 46
2 5 30
7 9 87
0 3 17
15 19 52
3 5 17
7 10 84
8 10 56
16 18 31
3 6 4
9 11 35
16 19 60
20 23 2
8 12 70
20 23 23
17 21 28
6 8 28
9 12 89
12 14 42
18 20 6
20 22 69
15 18 42
17 19 12
3 4 54
19 21 62
18 21 44
3 5 28
11 15 7
4 6 31
5 8 67
8 11 29
1 2 55
23 2 49
5 8 33
18 23 53
4 5 72
10 12 33
11 15 20
13 16 79
11 12 26
5 6 86
18 21 67
0 4 18
21 1 8
14 16 87
19 22 54
19 23 83
7 9 46
8 11 89
15 18 58
5 8 42
0 2 86
16 19 60
4 8 72
3 6 33
8 11 2
16 16 52
4 6 67
9 12 27
18 20 36
4 9 61
17 20 2
16 19 61
12 15 86
0 2 12
4 7 59
12 14 40
23 2 39
6 11 23
14 17 75
15 18 17
16 20 13
1 4 83
2 4 14
20 22 71
8 11 46
7 11 32
10 13 80
9 11 33
23 3 35
17 21 58
14 17 34
18 22 23
5 7 61
4 6 37
18 22 48
20 22 59
22 0 39
20 22 24
8 10 64
16 18 10
10 13 70
11 15 74
21 23 44
17 21 70
18 21 71
11 15 64
14 16 45
3 6 47
20 23 64
19 21 70
9 12 83
22 1 36
16 18 72
12 14 18
14 16 67
2 7 40
22 3 73
5 9 14
7 11 55
2 6 71
8 10 67
11 14 89
16 20 32
2 6 51
17 19 1
11 14 12
7 10 53
5 7 75
8 11 15
8 11 45
13 17 33
13 17 21
3 6 86
8 11 42
16 19 88
22 2 35
4 7 52
17 20 63
4 7 8
11 13 12
19 23 85
1 4 36
19 21 2
8 12 60
17 18 50
7 10 70
19 22 15
17 20 87
17 21 25
17 20 25
4 7 68
23 1 84
6 8 1
21 0 59
4 5 7
10 14 16
18 22 48
1 5 79
18 20 5
7 9 38
7 10 8
11 15 54
5 10 32
18 22 34
9 12 25
7 8 42
17 19 27
0 5 64
7 11 12
3 7 50
13 16 77
16 19 41
14 16 47
18 21 6
6 10 44
1 4 9
11 14 84
20 23 38
20 22 39
18 19 79
14 17 83
20 23 76
0 3 13
21 23 62
15 17 76
1 4 32
15 20 77
15 18 60
19 22 36
9 11 67
2 5 81
16 20 27
21 23 87
2 5 84
21 1 11
8 10 66
3 6 28
11 14 18
9 11 6
11 14 16
10 13 86
1 4 79
12 15 24
9 12 80
2 4 76
21 0 76
11 13 39
7 9 10
1 4 2
10 12 29
9 12 47
10 13 7
11 14 5
21 23 80
14 15 65
2 4 70
14 18 79
12 15 88
4 7 21
15 18 11
17 17 21
14 18 46
22 1 21
2 6 85
15 19 39
20 21 1
8 11 10
5 7 38
2 4 63
22 0 27
23 2 73
11 14 25
16 19 21
23 2 9
21 0 72
18 22 35
7 11 10
14 18 84
21 23 35
9 12 10
7 10 15
15 17 17
8 13 66
11 13 47
21 0 9
17 19 74
21 21 61
18 21 29
12 15 80
12 15 25
15 19 63
22 1 33
11 13 33
6 9 34
12 15 34
11 15 24
0 1 74
11 15 21
17 21 83
21 1 49
7 11 44
6 10 4
5 8 46
18 21 66
14 16 37
1 3 84
9 13 72
1 3 20
12 15 19
22 1 59
14 17 88
6 8 69
6 9 3
16 18 40
22 1 53
19 23 44
6 10 23
17 19 54
15 18 25
21 0 62
8 10 1
21 0 33
19 23 19
10 12 50
12 17 65
19 22 51
2 5 62
8 11 33
20 22 43
2 5 43
5 9 75
3 7 71
22 0 11
9 9 53
22 1 14
17 21 5
0 5 44
13 16 11
12 16 64
7 10 38
2 5 41
0 4 8
3 5 29
15 17 47
8 10 29
19 21 50
18 23 16
12 16 71
12 16 32
18 20 36
20 23 35
9 14 61
23 1 20
19 23 11
7 9 82
15 20 16
10 11 61
9 12 84
7 11 67
6 9 54
3 5 46
11 14 59
1 4 2
18 21 45
13 15 61
9 11 7
23 5 12
1 4 89
9 13 55
2 6 44
6 7 65
3 7 74
4 6 52
13 18 47
3 6 62
9 12 54
17 21 43
1 3 86
12 16 2
4 8 13
17 20 33
12 15 23
14 17 88
10 12 23
14 16 42
3 6 44
8 11 13
7 11 80
1 4 76
20 23 13
16 19 2
6 9 37
20 0 39
6 9 18
22 2 13
12 16 55
18 22 43
4 7 7
12 15 52
12 14 42
23 1 85
23 2 28
1 6 49
18 21 38
15 19 26
4 10 38
0 1 4
1 4 38
0 3 4
12 16 1
21 1 1
21 0 27
2 6 88
20 22 4
8 10 75
8 12 47
6 10 72
6 8 26
17 20 77
5 10 58
21 23 56
7 9 62
21 1 80
1 5 65
3 7 80
20 0 83
3 6 43
14 16 78
5 9 88
5 8 57
11 14 12
10 14 70
