1000 39
11 25 25 32 37 4 18 36 8 24 7 8 20 2 15 21 33 29 15 19 30 1 35 8 38 17 9 6 16 25 18 5 5 24 32 5 26 10 38 
9 12 11
19 22 16
9 14 32
8 10 19
20 1 4
20 0 28
6 11 27
5 7 1
5 8 30
16 18 35
17 22 7
15 18 38
12 14 27
3 6 16
4 4 19
4 6 10
10 13 1
3 7 32
21 23 8
13 16 22
11 14 5
16 20 12
23 2 7
5 7 14
3 5 3
11 16 11
9 11 36
11 12 4
20 22 7
11 15 26
3 6 19
10 15 20
21 0 13
23 2 29
0 2 36
7 7 7
23 1 34
11 14 7
3 5 2
19 21 25
10 13 7
14 18 24
14 16 16
21 23 30
20 0 35
4 8 39
2 8 6
3 5 11
10 13 11
10 12 27
16 20 23
6 9 39
11 14 31
15 18 7
19 21 24
4 8 23
5 9 13
0 4 27
2 4 1
18 21 27
0 3 5
3 5 18
22 0 34
16 19 36
17 20 12
14 16 33
17 20 28
2 6 29
23 4 34
15 17 39
11 14 8
7 9 23
13 16 11
1 5 17
7 11 20
11 14 19
6 10 30
9 12 27
10 11 23
7 10 8
16 18 22
8 12 26
19 21 8
13 15 27
23 3 21
12 15 19
7 9 21
10 13 21
22 3 2
19 22 24
13 16 35
13 16 13
4 6 1
7 10 14
6 9 38
5 8 37
11 14 32
10 13 31
6 10 30
6 10 3
23 0 9
6 10 23
12 15 39
13 16 15
5 9 19
7 9 27
18 21 25
10 13 33
16 18 19
8 11 33
3 6 37
9 12 10
16 20 21
6 9 13
1 4 9
7 11 7
17 20 17
10 12 16
16 18 22
7 9 17
14 17 35
7 10 35
11 14 2
4 7 3
2 4 20
13 15 21
22 1 39
21 22 20
7 10 11
4 8 4
21 22 17
20 0 22
11 13 17
19 23 16
13 17 37
7 10 21
19 23 30
8 11 7
18 21 3
20 22 36
14 18 24
19 23 37
11 13 3
20 23 24
4 8 13
2 4 9
8 11 28
6 9 16
7 9 34
13 17 6
16 19 30
19 22 37
7 10 23
14 17 32
4 8 9
9 12 33
1 6 26
17 19 5
14 17 31
2 5 11
6 8 25
19 23 8
10 13 1
23 1 28
4 5 24
4 8 23
6 10 9
8 12 39
6 9 28
18 19 22
3 7 13
3 8 3
5 9 2
12 15 8
8 13 37
7 11 4
10 12 10
9 13 30
3 6 30
6 10 11
15 18 17
10 13 4
13 15 16
22 23 16
2 6 35
14 18 5
7 8 23
1 4 8
14 17 27
16 19 29
19 21 38
20 22 7
16 20 38
18 21 8
1 5 4
6 7 2
5 8 32
12 15 3
12 15 35
20 23 12
9 12 11
17 20 39
14 16 28
10 13 10
2 6 26
16 20 1
0 4 9
6 8 27
20 1 31
7 10 29
23 2 31
23 3 7
23 2 23
15 18 5
17 20 38
10 13 8
7 9 27
11 15 39
3 5 21
1 3 4
7 11 39
3 5 16
17 21 31
0 3 26
12 15 23
22 1 28
16 19 12
13 17 16
16 19 30
2 5 27
5 8 18
19 22 17
13 15 21
0 2 9
14 15 7
18 21 20
4 7 11
16 19 6
3 6 15
15 19 9
21 23 11
8 12 17
0 4 32
18 19 3
9 12 23
23 1 4
12 17 5
21 1 30
12 14 33
2 7 29
1 5 30
1 2 10
17 19 32
13 14 7
0 3 17
22 1 13
20 23 31
17 20 39
10 13 25
18 23 7
7 9 22
11 13 3
4 6 2
16 19 32
16 18 27
12 15 15
19 22 9
15 18 24
8 11 14
3 4 18
17 22 25
9 12 13
9 10 29
23 2 7
19 20 17
19 22 4
17 20 30
21 0 6
14 18 2
12 16 26
20 0 14
10 13 22
18 18 6
17 20 2
19 22 35
2 4 19
15 17 15
22 0 3
20 0 18
7 10 15
11 14 24
18 21 34
18 22 1
7 11 19
15 17 27
0 2 14
4 8 26
15 18 8
13 14 20
10 12 20
12 14 36
16 19 19
11 14 6
12 15 7
12 16 26
22 0 26
7 10 31
2 6 2
20 0 22
3 5 32
13 17 31
7 10 15
17 19 39
19 22 26
18 20 28
19 23 9
3 6 39
5 8 3
17 22 29
10 13 3
22 2 6
14 19 31
16 18 18
11 14 20
17 21 6
12 15 18
15 20 3
8 10 8
22 1 8
11 15 22
0 2 12
22 2 10
9 12 12
15 19 5
16 19 12
22 2 14
16 17 31
17 19 20
17 20 30
23 1 29
18 23 15
6 10 21
2 5 33
7 9 27
21 1 21
0 2 37
12 15 19
6 8 3
18 21 7
20 1 27
21 1 34
11 13 26
0 3 1
7 9 7
18 20 34
12 14 15
10 12 20
15 18 33
19 21 37
11 13 34
20 0 9
4 8 6
4 6 2
15 19 27
4 6 35
2 4 25
19 22 25
1 3 37
4 7 10
9 11 10
0 2 32
18 21 12
8 13 39
7 9 14
2 3 32
4 7 2
9 12 15
23 1 35
11 14 24
6 10 28
16 19 1
14 15 31
2 6 34
12 14 39
9 12 28
8 12 17
0 4 29
8 11 31
4 7 2
18 22 10
21 1 27
20 22 20
10 12 31
21 0 1
10 14 31
7 11 24
5 8 18
17 21 31
14 18 32
5 10 27
19 21 2
6 9 12
14 17 21
16 18 15
2 3 2
8 11 4
12 14 10
20 23 35
12 15 10
10 13 30
1 4 1
3 5 24
4 7 36
11 15 11
7 10 4
2 6 25
4 8 4
11 14 2
18 21 37
23 2 13
5 7 4
4 6 25
1 3 14
19 22 38
4 9 16
11 14 9
9 12 36
5 8 22
23 2 31
10 12 19
12 14 21
6 7 23
16 18 38
3 7 31
23 2 34
3 5 31
18 20 26
3 5 9
9 11 22
1 4 15
12 16 36
0 3 26
8 11 11
1 4 21
5 8 18
14 20 31
20 23 1
19 21 27
9 14 25
8 12 24
18 20 14
12 16 9
21 23 11
6 10 19
3 5 3
11 14 35
14 18 37
17 20 38
1 2 33
19 23 36
23 3 13
15 18 1
18 20 7
14 16 16
0 4 31
21 1 11
22 0 27
5 7 39
10 13 28
16 21 29
21 0 11
21 23 9
17 19 5
6 8 37
20 22 3
3 7 4
19 0 36
5 7 17
7 10 21
0 4 29
22 2 28
12 14 22
4 8 28
23 2 28
5 9 34
23 2 15
19 19 20
9 13 29
13 17 30
17 20 22
4 7 4
14 16 3
19 22 9
7 9 13
17 20 34
12 14 34
3 6 25
8 10 11
20 0 25
1 5 26
20 21 19
17 19 10
22 23 36
23 2 31
9 12 33
21 0 37
20 22 1
20 23 12
18 21 22
5 9 5
19 20 29
11 15 15
12 14 13
20 22 25
15 17 2
1 4 13
9 11 22
6 9 10
17 23 25
9 13 26
15 18 27
15 19 31
8 13 30
21 0 8
11 15 31
16 18 38
20 22 2
9 11 26
4 7 27
21 1 11
14 17 3
10 12 35
23 2 29
17 19 35
4 6 8
4 7 37
10 12 2
15 18 15
20 0 27
15 18 36
11 13 37
2 4 28
13 17 36
21 0 33
11 15 13
6 10 14
13 16 19
4 6 26
3 5 21
1 4 10
23 2 36
3 5 5
8 10 18
14 16 32
8 13 38
23 2 27
3 4 21
12 18 14
17 20 20
17 19 22
13 16 35
8 9 2
12 15 23
9 13 32
9 13 31
12 14 19
13 17 32
14 18 26
18 22 17
6 6 4
9 12 33
0 4 1
7 10 25
23 2 6
3 7 20
1 5 5
18 20 4
21 1 13
17 19 21
21 23 24
0 3 30
14 17 33
9 10 26
3 7 27
19 21 31
23 2 6
14 18 22
7 11 25
0 3 6
2 3 11
17 21 28
14 17 11
11 13 25
1 2 33
19 22 19
6 10 4
6 9 20
15 18 5
10 13 36
12 16 6
22 0 17
9 12 12
1 4 21
1 5 20
10 14 20
23 1 32
2 5 25
18 22 35
14 17 14
9 11 31
12 16 36
17 21 21
23 3 23
4 5 25
23 2 18
15 19 9
14 15 23
19 22 7
0 2 19
5 8 8
22 1 17
18 20 28
5 9 32
0 5 39
8 12 36
3 6 33
18 20 36
20 23 38
22 2 34
23 2 26
18 22 34
17 20 2
12 14 38
1 3 6
0 3 30
0 3 23
15 19 12
19 0 27
19 21 21
11 14 3
4 7 20
18 22 34
2 6 38
9 12 6
3 7 4
5 7 16
13 16 2
4 6 33
21 0 39
17 19 14
1 4 28
22 1 27
15 19 28
1 3 26
6 9 36
17 21 3
14 16 25
19 23 39
19 22 26
7 10 37
20 0 13
5 8 32
19 22 29
0 3 26
14 19 30
0 3 38
22 2 31
20 22 26
20 22 31
14 17 3
5 9 19
15 20 28
21 1 34
18 22 14
1 3 36
16 20 22
5 7 13
5 7 2
23 2 18
19 20 35
11 14 12
12 14 22
8 10 11
4 5 12
18 21 28
16 19 1
21 23 31
22 0 6
12 15 18
15 17 25
1 5 23
19 20 17
20 21 6
22 1 32
20 23 1
15 19 2
10 13 7
7 12 24
10 13 4
14 17 28
6 9 29
19 22 13
10 13 2
21 1 14
22 2 18
9 11 3
3 6 33
1 4 34
20 0 26
19 23 7
18 22 15
7 9 21
18 20 29
6 9 24
19 0 39
14 16 19
10 14 3
5 8 5
18 22 23
5 8 7
3 5 38
7 9 4
15 20 37
23 2 33
15 17 24
9 11 18
3 6 5
23 1 9
3 6 36
8 11 3
3 7 1
20 23 26
9 11 23
12 15 30
12 14 7
15 17 20
0 2 36
11 14 10
21 23 19
21 22 24
22 1 13
5 7 2
12 15 4
14 18 9
17 22 6
1 3 31
20 0 22
17 18 33
20 0 38
18 20 30
20 22 33
2 6 2
3 5 2
10 13 4
7 9 31
3 6 4
18 20 1
2 4 23
19 22 3
11 15 22
21 1 33
8 12 19
7 9 14
12 16 7
18 21 22
23 3 7
1 2 14
12 16 8
8 11 14
22 3 3
22 1 16
5 7 23
22 3 27
3 7 19
18 21 31
8 10 7
2 4 31
6 10 25
0 4 12
19 19 28
9 11 21
7 10 18
13 17 6
2 6 20
15 19 2
5 9 14
7 9 9
14 18 25
22 0 21
21 0 32
18 21 10
23 2 6
8 9 29
3 6 20
23 3 32
14 17 31
6 10 22
22 1 2
23 3 19
12 13 15
20 22 37
20 23 10
2 6 34
16 19 38
9 12 38
17 21 38
10 14 34
19 23 33
7 11 8
23 2 29
13 15 20
5 8 29
3 8 20
23 2 17
9 12 11
5 10 2
9 13 35
2 5 2
0 5 23
7 10 32
5 7 35
14 17 37
20 0 25
12 14 13
6 9 5
10 12 28
15 20 11
4 6 34
7 9 22
18 21 32
9 11 31
12 14 32
13 16 33
10 12 35
9 13 9
1 5 30
4 9 36
2 7 29
15 17 15
14 17 1
5 8 22
16 18 37
11 13 12
12 15 25
13 17 14
20 0 10
11 15 11
0 3 31
1 3 6
11 15 7
18 20 6
21 1 12
5 10 12
0 2 1
18 21 7
8 10 3
20 23 21
0 3 32
4 6 10
21 0 10
12 15 4
19 23 22
7 10 31
18 20 9
1 4 2
16 19 11
22 2 21
22 0 27
5 7 33
22 1 1
6 10 17
17 20 16
18 21 20
19 21 12
13 16 32
21 1 25
23 2 32
23 2 17
5 9 16
15 18 14
21 0 32
13 17 26
3 5 30
17 19 22
19 22 35
1 6 24
5 9 8
18 21 10
4 6 10
13 16 29
8 11 4
20 0 24
10 12 22
7 10 39
10 12 26
23 2 6
7 12 33
9 13 2
22 2 25
13 16 9
19 23 21
21 23 4
22 1 39
11 11 39
1 4 27
4 8 22
3 5 32
23 1 17
15 19 24
7 9 24
23 2 7
11 15 13
10 13 27
6 7 32
23 1 7
2 4 4
12 15 10
15 19 34
17 20 21
9 13 23
15 16 32
18 20 30
16 17 25
15 17 21
11 16 32
9 13 20
23 3 34
3 6 10
5 7 4
0 3 27
18 22 26
14 17 21
1 4 2
16 20 7
12 14 7
12 15 13
14 16 23
9 11 30
9 11 32
16 19 6
13 16 31
0 4 16
0 3 28
5 7 34
12 17 11
9 15 4
4 8 26
8 10 23
1 5 32
18 19 4
3 6 10
7 10 6
5 7 4
14 18 21
17 19 31
23 1 16
9 12 32
8 10 8
1 4 32
21 1 32
5 8 21
0 3 25
0 2 28
8 12 33
17 20 13
10 11 25
4 7 10
23 0 13
3 8 8
3 6 15
14 16 15
8 13 30
18 21 18
2 5 14
2 6 21
2 6 15
13 15 35
2 4 31
2 5 39
9 11 36
20 0 17
15 16 15
6 9 22
18 23 25
2 5 28
12 15 20
2 6 1
4 9 20
6 11 32
18 21 26
23 1 34
7 9 10
12 15 21
11 14 35
21 0 18
21 0 36
17 20 5
20 22 34
16 20 36
4 7 8
