1000 21
17 8 16 18 3 15 2 8 20 7 8 11 6 16 17 10 3 20 14 21 3 
15 18 8
4 7 16
13 16 9
1 5 1
6 9 5
11 14 11
7 10 9
14 16 2
15 18 20
15 20 18
15 18 21
21 1 12
12 15 9
11 15 17
2 7 1
0 4 18
13 16 11
11 15 19
18 20 7
8 12 11
19 22 18
11 14 16
19 21 5
1 5 12
16 18 5
6 8 9
1 5 9
8 12 15
21 0 10
6 9 17
20 23 1
4 6 17
9 12 1
22 1 16
15 18 3
19 22 15
2 4 21
13 16 14
2 6 16
10 12 11
4 8 10
0 2 16
8 11 9
17 21 19
17 19 6
3 5 6
8 11 11
8 10 3
13 16 12
16 19 18
17 18 2
22 0 1
16 19 21
0 3 15
22 3 20
14 18 5
19 0 19
3 4 17
13 17 18
15 18 12
22 1 17
2 7 14
13 15 6
16 19 12
12 14 21
13 14 13
22 1 8
11 15 3
4 5 21
7 10 6
10 12 3
9 12 9
11 14 6
7 11 3
14 19 5
20 23 10
17 19 14
9 12 18
3 6 11
2 3 9
7 11 16
2 5 8
6 10 2
11 12 20
3 5 16
23 2 8
1 5 2
9 13 17
17 18 13
18 23 3
21 0 3
19 22 14
6 8 21
20 22 7
13 16 6
5 8 18
0 4 21
11 14 6
14 15 1
6 9 11
23 1 10
18 20 18
3 4 4
20 22 10
22 1 10
8 9 12
16 20 6
2 5 21
3 7 19
9 11 19
22 0 2
1 4 13
6 9 21
10 15 15
17 19 6
7 11 6
4 7 16
1 3 9
22 1 13
1 5 19
15 18 19
14 17 20
10 14 19
9 11 18
14 17 20
4 8 1
8 10 16
9 12 17
9 14 21
21 1 18
5 7 4
19 23 19
1 4 9
13 16 16
12 13 19
20 23 19
23 0 21
0 1 11
14 17 9
11 17 6
1 4 11
13 16 5
14 16 12
11 13 1
8 10 1
0 5 17
23 2 12
23 0 15
16 18 7
21 1 14
0 3 21
8 11 18
8 11 19
9 12 3
22 0 1
22 1 7
7 10 21
8 10 7
21 22 7
9 12 13
17 20 4
14 17 3
0 2 13
12 15 15
1 4 14
16 20 14
5 6 19
19 23 1
18 21 11
4 9 6
21 22 12
12 16 11
8 12 8
15 20 15
2 5 17
8 13 20
7 10 11
10 13 19
0 5 17
10 13 3
8 12 6
13 16 6
1 3 15
21 0 4
3 6 20
11 14 21
4 7 11
6 10 6
16 19 13
16 20 20
15 18 19
13 16 20
23 2 18
23 2 12
6 9 4
22 1 2
1 4 8
8 12 14
19 21 11
15 19 3
11 14 13
23 3 9
21 1 18
5 9 2
10 13 6
23 2 4
13 14 17
15 17 12
7 9 17
12 14 18
21 0 17
23 3 12
16 21 6
20 0 20
8 11 10
6 10 7
15 16 4
20 0 8
11 13 10
11 14 18
5 8 3
4 6 10
7 11 18
20 0 21
14 18 3
10 13 15
3 6 12
11 14 9
18 21 8
1 6 2
1 5 15
19 22 4
17 18 18
14 15 16
23 4 15
20 23 2
23 3 5
18 22 4
12 15 15
3 5 16
9 13 4
15 17 2
18 20 3
23 3 14
13 17 21
15 18 15
5 8 16
11 14 10
16 19 2
18 22 6
6 10 16
3 5 14
11 15 4
1 4 14
0 3 6
3 8 4
21 0 16
12 17 6
14 16 5
20 0 12
7 9 12
11 14 4
12 16 11
21 0 9
7 10 16
0 1 8
3 6 17
2 5 1
5 10 13
12 16 19
15 18 12
16 19 21
0 3 18
3 5 20
21 1 4
10 12 12
15 17 10
10 13 11
7 9 12
23 3 21
20 22 7
11 14 13
15 19 1
5 9 21
22 1 19
1 3 17
20 0 15
14 17 21
7 10 16
6 8 17
12 16 3
13 17 8
10 14 11
3 5 6
16 19 20
7 9 17
13 17 12
3 6 13
16 19 16
5 9 2
3 7 2
10 12 20
9 12 8
6 8 15
21 2 5
6 8 1
5 8 10
0 2 9
1 4 20
20 23 15
3 7 5
10 13 9
18 20 6
15 18 19
5 6 21
5 9 8
15 20 11
4 8 20
4 7 5
18 21 5
11 15 2
13 16 18
15 19 6
10 13 7
3 6 16
16 18 8
11 13 6
11 14 12
9 13 6
2 6 3
12 14 19
15 18 21
11 12 8
14 16 13
20 23 5
11 14 16
4 4 1
13 14 9
23 1 6
19 22 16
14 18 1
16 19 14
15 22 10
12 14 10
19 21 4
15 18 18
21 0 12
20 23 15
23 3 6
17 21 4
2 5 7
16 21 12
6 8 1
8 9 19
15 18 7
17 18 1
11 15 17
5 9 10
1 3 16
21 22 4
11 14 6
15 19 2
10 13 12
5 7 2
2 6 5
2 5 19
19 22 17
21 23 1
19 22 18
20 23 3
18 22 18
19 22 11
1 2 21
22 0 2
10 13 13
13 16 1
21 0 17
15 18 12
15 17 4
23 2 9
14 18 20
15 20 2
0 5 18
9 11 21
0 4 4
12 15 7
22 1 2
9 11 18
3 6 18
1 4 20
22 1 1
18 22 21
15 19 13
1 5 4
3 5 3
11 14 15
4 7 14
9 11 13
2 4 8
9 11 21
10 14 10
21 0 1
8 12 13
2 4 10
14 17 15
16 21 11
10 14 15
22 2 7
5 8 7
14 18 14
19 23 9
23 1 4
20 22 10
21 0 19
21 2 7
4 8 9
5 8 11
14 17 8
9 11 15
5 8 1
9 12 21
4 6 14
20 23 13
9 13 10
20 0 11
1 3 17
12 14 5
1 3 4
22 0 8
0 3 4
0 5 20
21 23 8
13 15 5
16 20 4
3 6 10
8 10 5
18 21 4
12 16 17
21 23 16
9 12 12
12 14 10
11 15 8
16 17 7
4 9 9
9 12 7
20 23 17
1 5 6
0 4 7
0 2 21
13 15 8
13 16 14
13 17 2
19 23 16
8 11 17
2 6 2
21 1 17
12 16 15
8 11 7
6 8 10
21 23 14
17 19 19
18 20 15
7 11 21
9 12 3
1 4 17
1 4 10
20 23 13
1 4 20
15 19 10
21 23 15
22 3 1
11 14 6
19 22 15
4 7 9
21 0 6
19 22 8
7 10 17
13 17 17
15 18 10
0 2 9
6 9 5
1 5 15
5 8 18
14 17 19
17 19 11
10 14 10
14 17 10
22 1 8
11 13 14
21 1 16
18 21 9
8 11 12
18 21 8
14 18 1
4 7 13
19 22 7
8 10 5
14 17 19
16 17 16
9 12 9
1 1 16
1 6 4
1 4 6
11 14 17
20 0 18
6 10 3
18 22 11
22 1 17
0 4 18
3 5 10
8 12 4
2 5 6
2 5 13
10 15 14
0 3 8
18 21 8
23 1 11
16 19 9
4 6 10
22 1 17
16 21 14
7 10 9
10 12 3
4 7 3
0 2 1
0 3 5
7 8 10
17 20 16
14 16 15
15 19 3
16 20 3
10 13 10
23 0 20
15 17 6
4 8 15
21 23 7
6 8 1
4 8 16
9 11 1
16 21 2
0 3 8
23 1 1
9 12 19
15 18 4
12 16 10
11 14 3
15 18 13
10 15 18
2 5 9
16 22 11
23 2 17
22 2 3
12 16 5
17 20 5
3 7 1
0 2 2
3 7 1
23 3 18
7 10 13
11 14 3
22 1 2
14 17 17
8 12 20
2 3 6
10 13 15
3 5 16
15 18 20
23 1 13
7 10 5
8 13 17
6 9 17
10 15 18
10 12 12
2 5 15
8 10 9
11 13 6
5 9 21
6 9 12
4 6 10
15 17 1
23 4 4
17 18 1
6 8 2
8 10 2
8 13 7
20 22 3
15 17 8
19 21 12
8 9 6
22 1 1
5 10 15
9 13 5
10 13 12
14 18 13
14 17 14
19 22 16
0 5 2
21 22 20
23 3 1
1 2 5
14 16 3
20 0 6
10 14 4
8 10 12
23 4 2
10 11 7
3 6 13
16 17 13
13 15 14
19 21 17
22 0 17
7 11 6
1 5 11
7 10 20
14 16 21
14 16 11
3 9 10
14 16 21
2 4 16
0 4 15
11 14 4
12 16 13
17 19 21
1 4 18
3 8 6
3 5 13
13 16 16
13 17 2
9 12 21
0 2 6
9 10 7
3 6 8
5 7 3
12 15 8
7 8 6
16 19 2
17 20 15
8 11 13
9 13 8
13 16 17
3 5 2
23 3 15
11 14 18
8 11 8
17 18 13
5 8 12
21 0 16
16 20 13
21 1 15
0 1 19
23 2 16
10 13 15
9 11 19
19 21 5
20 23 3
13 15 9
10 12 8
7 10 10
5 10 3
9 12 5
1 4 2
1 3 1
5 7 13
4 6 3
3 5 14
16 20 20
15 18 2
3 6 7
21 0 7
0 2 14
21 1 18
10 14 1
4 6 16
14 16 15
22 0 20
22 3 3
10 12 8
14 17 4
1 3 7
1 2 11
21 2 20
13 16 19
5 6 9
18 19 17
8 10 21
8 13 10
4 6 2
1 3 21
14 16 14
11 12 5
11 12 5
17 20 18
18 21 7
1 3 4
12 15 9
23 3 18
10 13 15
5 7 21
7 10 16
4 8 9
22 0 14
12 15 8
14 19 11
0 2 19
13 15 1
7 10 5
8 11 15
4 5 1
14 16 9
21 0 16
15 17 20
7 10 8
3 6 15
3 4 2
6 10 7
9 14 16
6 8 13
1 3 17
2 5 2
16 21 6
23 1 15
15 17 9
19 0 5
5 8 7
18 22 12
15 18 9
21 23 11
0 2 16
22 0 18
8 13 20
21 23 19
10 15 5
19 23 17
16 18 12
2 7 8
5 8 18
5 8 8
0 2 14
12 16 4
8 11 10
10 13 20
23 1 17
8 14 4
13 15 9
17 20 8
10 14 6
6 9 10
10 14 16
13 16 7
21 2 2
10 13 15
14 17 5
18 22 2
3 7 9
14 17 15
11 14 13
2 5 11
22 1 5
1 3 17
8 11 5
14 17 5
0 3 19
0 1 8
17 19 1
21 0 6
7 12 10
10 15 13
18 21 13
23 2 13
0 2 12
6 8 2
12 14 11
15 19 10
0 5 14
11 14 12
7 10 6
17 20 5
7 10 4
11 14 14
19 0 9
1 2 13
3 6 14
11 15 21
4 7 4
15 17 15
23 1 2
3 7 10
5 7 21
20 0 3
2 5 21
7 10 11
7 10 4
0 2 12
5 8 16
17 21 17
17 20 14
10 13 2
19 22 6
11 13 16
0 2 7
18 20 7
1 4 4
19 21 1
9 12 12
8 11 10
1 4 21
5 9 2
22 2 11
2 6 12
4 7 3
21 23 1
0 2 3
23 0 2
7 10 9
13 16 3
16 19 3
1 5 13
8 12 18
2 6 7
1 3 14
1 5 8
2 8 16
3 7 8
19 23 3
18 21 9
20 23 2
8 10 2
6 9 11
0 5 5
16 19 5
22 1 2
11 14 2
23 3 15
13 16 20
15 18 15
18 21 11
13 17 4
0 3 17
3 6 21
2 7 21
6 8 16
16 19 11
3 7 5
4 7 11
11 16 4
4 8 5
10 12 12
1 4 5
18 21 11
13 17 21
10 13 7
1 4 12
5 7 11
9 14 5
4 8 14
7 10 6
15 18 14
22 2 10
8 9 2
15 17 4
1 3 9
20 0 14
16 18 11
13 17 8
5 7 15
21 1 15
9 11 14
14 16 2
8 11 4
16 19 3
3 6 17
5 7 16
15 16 13
19 21 3
12 14 14
17 21 3
15 19 13
17 18 17
0 3 14
6 7 13
18 22 21
14 17 17
21 23 4
22 1 13
23 1 19
19 22 18
18 21 13
2 7 7
15 17 1
13 14 12
13 16 13
10 12 6
2 6 16
16 20 19
21 1 15
20 23 2
0 3 18
15 18 14
12 17 19
14 16 11
4 6 7
20 21 9
15 18 3
3 3 17
8 12 14
14 17 18
16 20 18
14 18 16
2 5 18
14 17 7
17 19 5
17 19 14
14 19 19
20 22 3
13 14 12
7 10 3
23 3 8
16 18 20
13 17 15
4 9 16
10 13 4
6 12 16
12 16 8
6 10 18
19 21 20
17 20 7
11 14 13
23 4 4
16 19 17
16 20 16
18 21 12
14 18 2
6 8 20
22 3 9
0 4 1
7 10 3
10 13 5
11 13 3
2 6 19
23 1 15
0 4 20
1 4 4
21 0 4
6 9 2
0 1 4
8 9 18
5 10 11
8 12 8
8 10 17
9 10 6
5 11 2
4 7 6
0 2 19
4 8 7
11 15 3
0 3 18
5 9 7
12 15 1
15 16 19
15 17 17
7 10 16
16 19 14
21 23 16
5 8 21
2 5 11
5 7 15
0 4 18
12 16 12
12 14 12
19 0 17
18 21 13
13 15 3
5 9 3
19 0 3
18 23 18
14 15 15
14 17 6
3 7 2
0 2 1
19 23 16
2 6 16
14 18 2
11 16 6
22 0 3
3 7 8
8 12 6
15 18 19
12 14 10
3 7 5
23 1 2
1 4 16
0 2 18
20 23 18
9 10 17
18 21 12
0 3 9
10 13 13
0 3 9
7 12 7
10 14 2
