1000 63
7 17 5 43 47 57 10 43 13 22 60 8 48 13 49 3 57 18 35 38 59 61 15 56 35 41 20 18 50 42 40 51 13 43 27 39 47 42 35 25 49 47 59 59 12 7 60 45 12 56 20 54 26 38 17 35 27 28 5 58 23 10 32 
12 14 55
0 3 13
23 1 61
11 14 18
4 9 27
5 9 38
2 5 31
7 10 2
19 23 35
6 8 62
10 14 3
7 9 53
7 10 2
11 15 50
16 19 29
9 14 56
13 15 27
9 12 37
5 9 48
8 10 46
20 22 46
15 17 29
9 13 5
2 6 23
7 12 57
17 21 2
8 11 13
3 5 58
3 6 1
8 11 52
3 5 1
19 21 40
6 9 7
2 5 1
13 14 13
3 5 62
4 4 5
19 22 13
11 14 3
13 15 32
4 7 29
11 13 39
9 12 63
8 12 51
21 0 37
18 20 10
22 23 63
15 16 9
10 11 55
12 15 59
10 13 33
5 10 39
7 11 48
10 13 43
9 11 23
11 14 3
18 20 41
7 10 20
13 16 62
12 14 4
14 16 29
7 9 33
15 16 16
19 22 4
9 11 56
16 19 54
1 4 52
8 11 33
20 23 33
8 11 42
15 18 29
7 12 46
16 19 22
4 8 10
13 15 36
3 7 14
19 21 21
14 18 16
1 5 25
9 12 29
20 0 46
23 1 41
6 10 16
4 7 26
6 9 37
2 5 14
12 15 39
2 5 44
13 16 37
5 8 28
10 13 54
3 5 6
3 6 50
18 22 46
16 20 55
23 2 50
18 21 38
15 18 9
23 4 29
20 22 10
8 10 6
17 20 50
2 5 42
23 3 47
4 7 15
6 8 39
1 5 11
21 1 19
6 11 19
4 8 48
13 16 6
1 4 45
10 13 24
14 18 3
1 3 23
2 5 60
8 11 60
1 5 37
22 0 9
3 6 6
22 1 13
22 0 19
13 18 8
23 1 4
2 6 44
3 6 59
18 20 12
22 2 48
22 2 27
13 16 61
13 16 29
2 7 38
20 22 16
14 16 10
4 8 17
1 4 18
18 21 20
21 0 14
15 19 41
19 21 41
14 17 37
21 2 55
7 9 41
7 10 55
3 5 60
20 22 63
8 13 10
17 18 58
5 8 6
12 15 7
14 17 18
23 5 42
11 13 23
20 22 54
20 0 39
21 23 61
23 3 23
9 13 38
21 1 6
4 7 47
23 2 33
1 4 37
5 7 31
5 9 23
11 14 39
18 20 56
23 1 40
6 8 31
13 15 31
8 9 21
20 0 32
16 20 53
22 22 4
11 14 12
15 18 58
11 13 51
10 13 60
3 5 40
6 9 7
6 7 34
20 0 32
4 5 48
22 2 60
6 10 19
3 7 27
16 20 36
6 8 36
9 12 38
18 20 24
5 8 48
1 2 11
3 5 5
22 3 16
16 18 27
23 1 41
22 2 5
14 16 17
19 0 56
4 8 7
18 22 16
1 5 8
5 8 42
2 5 11
5 7 8
0 2 40
3 5 7
23 2 6
17 18 35
5 6 8
18 21 52
0 4 39
19 22 45
16 21 57
7 10 29
21 1 58
11 14 18
20 23 32
7 11 39
16 18 24
19 20 22
6 10 34
4 7 50
15 19 25
23 2 43
13 15 18
21 23 26
1 4 14
9 11 20
13 15 62
8 10 21
1 4 27
23 2 41
16 20 63
14 18 11
21 1 18
16 18 30
15 17 45
2 7 38
16 17 38
5 7 63
17 21 39
18 21 39
23 1 32
2 5 61
18 21 37
3 6 48
20 23 35
11 13 11
16 19 18
18 21 1
9 12 59
22 2 12
5 9 1
1 5 22
22 3 37
18 22 16
11 15 24
8 10 23
23 2 12
7 10 22
12 15 51
6 10 44
7 12 37
3 6 14
6 9 22
3 6 60
11 15 39
3 7 10
17 21 16
21 0 7
13 15 26
11 13 52
16 19 35
11 13 3
12 15 21
21 1 4
17 20 39
20 22 12
17 20 48
15 19 24
3 7 48
4 8 42
17 19 53
20 22 15
7 7 23
18 20 23
15 17 35
18 22 46
0 2 38
11 16 56
12 17 15
5 8 38
2 6 27
3 7 26
14 16 9
12 14 25
23 3 61
16 18 5
5 8 36
2 5 46
13 16 25
4 6 21
10 13 22
8 12 44
4 8 55
17 21 11
12 18 31
8 11 53
7 10 41
11 14 23
7 11 2
23 2 2
2 4 16
22 1 9
12 14 1
0 2 7
6 9 40
17 19 10
22 1 54
18 21 27
0 3 15
16 19 9
15 18 55
15 18 29
18 22 26
8 10 34
1 4 43
6 10 33
19 23 23
16 19 52
0 3 21
8 12 53
11 13 21
15 18 42
4 8 47
8 10 48
22 1 58
11 16 42
8 11 13
1 3 18
3 5 39
19 22 7
8 12 37
0 3 2
10 12 14
0 3 4
10 14 45
23 2 19
1 6 29
4 6 12
19 21 26
10 13 37
4 7 1
0 3 37
23 2 9
1 5 39
23 2 21
4 5 19
12 15 58
10 14 52
20 0 49
20 23 10
22 1 22
19 22 32
7 9 22
13 15 6
8 12 34
14 18 12
1 4 28
17 19 10
11 14 62
19 22 53
7 11 5
22 4 49
6 9 48
8 12 45
0 4 12
15 18 58
6 9 59
1 4 40
18 23 23
8 10 50
6 7 21
14 16 18
1 4 56
13 15 33
4 7 29
22 1 16
2 4 11
15 17 15
3 8 53
20 23 22
1 5 18
13 16 57
19 22 28
19 22 53
6 11 12
22 0 2
3 6 45
9 12 51
15 19 1
10 12 52
21 0 42
10 14 3
5 7 4
12 14 62
1 3 62
23 1 1
3 6 7
3 6 42
13 17 20
22 1 51
16 20 7
8 12 23
1 4 22
11 14 5
12 16 36
21 21 54
16 17 6
20 23 16
14 18 18
14 17 9
15 16 18
15 19 38
10 12 1
11 15 16
11 14 7
5 9 17
16 19 12
7 9 10
20 0 52
6 9 39
6 8 28
21 1 48
2 4 40
16 18 62
12 15 54
0 4 25
10 13 24
9 12 62
11 14 17
10 15 62
17 21 40
8 12 22
11 14 14
17 20 33
14 18 18
16 18 41
6 7 33
16 20 30
6 8 19
21 1 5
1 3 2
2 7 6
21 23 52
21 1 34
4 8 44
4 7 44
8 9 28
6 9 8
3 5 6
0 4 62
2 6 20
9 12 45
20 0 21
14 18 57
20 23 11
20 23 35
7 9 20
5 9 39
11 13 25
5 7 6
7 9 31
8 11 11
4 9 53
10 12 28
11 16 8
6 9 13
17 20 22
4 6 4
14 17 17
11 15 17
20 0 47
5 7 23
22 1 43
18 23 37
11 14 36
3 5 40
21 0 56
9 13 38
17 20 4
15 18 13
14 17 26
15 18 38
12 15 52
17 21 44
3 5 43
16 21 41
19 21 10
16 20 2
7 10 18
22 2 44
4 8 56
5 9 56
5 10 47
23 2 40
21 0 6
15 19 16
1 4 29
4 7 36
6 10 58
5 7 23
19 22 16
2 7 10
23 1 40
8 11 21
11 14 14
17 18 51
10 13 6
2 4 61
8 11 47
18 21 6
22 1 14
18 20 30
12 16 17
11 15 30
6 10 35
12 15 47
6 8 7
1 3 27
5 7 62
11 15 31
6 10 16
19 21 2
0 4 56
23 1 35
16 20 13
6 8 37
6 8 4
0 3 56
4 7 14
20 1 54
9 13 60
22 23 29
10 13 53
17 18 49
22 1 24
0 2 5
19 23 33
20 0 50
0 4 11
6 10 36
8 11 14
7 11 7
8 10 61
3 6 12
3 6 3
1 5 46
20 23 52
17 22 5
6 9 24
23 4 18
21 0 28
13 17 44
11 15 19
19 22 59
9 12 25
7 10 5
21 1 47
15 18 9
7 9 45
1 3 41
3 5 5
17 18 3
6 10 23
0 3 9
16 20 53
12 18 43
8 11 60
7 10 39
9 13 18
7 11 47
17 20 51
19 22 13
16 18 63
0 2 50
0 5 62
20 22 55
6 9 7
16 20 10
1 4 58
1 5 46
21 22 42
12 16 1
2 3 30
4 5 50
15 18 12
3 6 16
0 3 33
21 23 15
17 20 36
19 23 24
6 10 33
18 20 31
15 18 22
8 10 20
7 9 11
14 18 56
15 19 8
2 5 37
23 1 33
17 19 61
15 18 59
1 6 61
16 18 58
3 6 23
5 6 27
4 7 27
12 17 2
2 5 59
4 6 47
3 6 8
10 13 58
4 7 42
5 9 17
16 20 43
4 7 38
15 15 33
11 15 49
2 4 52
5 7 47
14 17 37
15 19 20
10 15 35
16 19 37
15 21 13
16 19 35
4 8 37
5 8 49
2 5 44
3 7 44
4 7 10
3 6 30
23 2 21
18 22 28
8 12 23
0 3 14
17 19 6
16 17 45
4 8 32
1 5 41
13 15 22
11 14 56
18 19 61
6 10 42
16 19 30
22 1 34
18 22 33
22 0 12
17 19 3
11 14 49
9 11 52
12 14 32
22 2 29
16 18 16
23 4 41
14 16 29
12 14 33
3 5 63
14 18 33
23 3 9
9 11 49
12 16 49
13 17 47
12 16 13
23 2 20
7 8 14
12 13 24
8 12 37
12 16 51
4 5 53
11 16 42
20 0 33
19 22 4
21 23 51
11 15 43
9 13 34
12 14 28
12 16 43
1 5 60
4 6 8
12 15 36
11 14 31
9 13 25
11 16 26
6 9 7
5 9 1
4 7 58
21 23 19
1 5 9
13 16 60
23 2 11
12 15 15
17 20 17
8 12 49
22 1 1
17 22 17
9 13 32
17 20 49
16 20 10
11 13 19
15 17 14
11 16 63
20 23 51
17 20 52
20 23 11
14 17 35
23 1 16
4 7 33
14 17 33
10 12 46
7 10 34
10 14 59
0 3 60
22 1 21
4 7 58
18 22 27
16 18 9
9 12 47
15 19 36
21 23 61
4 6 10
16 19 44
18 22 26
8 10 11
8 11 17
3 5 14
20 22 1
11 14 58
1 4 62
1 3 28
12 15 10
12 16 3
5 8 40
21 23 33
9 12 27
12 17 26
12 16 33
10 15 38
14 17 63
21 2 35
7 9 17
0 5 43
2 3 19
6 7 48
14 18 48
6 10 3
12 14 28
8 12 3
7 10 26
10 11 44
5 7 21
3 6 53
22 2 40
17 20 39
20 23 54
6 9 57
4 7 17
16 17 50
14 18 40
21 0 2
15 17 12
6 9 8
3 5 63
19 21 34
0 4 41
12 15 58
7 9 12
17 23 5
2 7 61
18 21 57
2 2 1
21 23 1
0 4 59
3 8 22
15 18 44
9 13 56
21 1 25
4 6 20
20 23 56
5 7 19
6 9 12
5 9 7
6 8 30
14 16 59
15 19 63
22 0 45
3 6 25
17 21 41
6 7 2
15 19 29
19 22 43
7 9 45
10 14 42
6 10 14
3 7 23
3 5 60
21 23 23
6 10 52
10 11 14
17 20 53
7 9 33
4 6 39
6 10 51
3 6 6
15 20 46
20 22 49
8 10 7
21 23 2
18 21 16
22 1 6
2 5 17
8 10 60
10 12 53
4 8 17
8 11 31
13 16 52
10 13 51
19 21 36
15 18 42
15 19 19
17 22 9
20 0 36
18 21 41
17 22 22
6 9 60
16 19 34
0 2 28
13 16 61
10 13 1
12 14 2
15 19 26
22 1 38
11 13 23
23 2 42
11 14 28
11 15 59
23 2 63
15 19 27
21 0 17
17 20 46
0 1 15
4 9 4
9 11 58
20 22 16
1 4 50
20 0 30
18 22 59
7 10 16
4 6 17
21 0 45
3 5 51
12 15 25
8 12 54
17 17 62
0 1 1
22 2 2
15 18 1
2 5 17
7 11 17
1 6 52
2 4 16
21 0 23
22 2 29
11 13 32
10 14 54
20 23 48
5 7 57
16 18 24
14 18 12
9 10 51
2 6 46
5 9 43
0 1 46
0 2 14
13 15 11
18 22 46
21 2 43
17 19 15
3 6 11
6 6 49
12 15 44
3 7 26
22 1 8
16 21 59
22 1 50
1 3 10
19 22 9
21 0 54
0 2 27
13 15 8
13 17 3
10 12 9
4 4 10
13 15 32
8 10 62
6 11 37
9 11 61
3 6 34
12 15 29
1 3 34
9 11 29
2 3 8
10 14 59
8 11 11
6 9 46
1 4 3
5 10 36
2 5 27
14 18 45
15 17 32
4 8 47
21 22 14
18 21 15
21 0 3
9 11 25
18 23 34
2 7 39
14 16 22
22 2 38
7 10 9
19 23 31
0 4 33
4 9 30
15 18 29
10 13 59
19 23 50
6 9 54
16 19 26
0 2 34
0 4 12
13 16 26
12 16 24
12 15 46
1 5 10
3 6 7
14 18 4
4 7 21
14 16 58
1 3 48
19 23 36
16 20 60
17 21 50
0 2 34
21 5 29
5 8 24
13 15 36
16 20 35
14 16 22
3 5 43
21 0 59
1 3 38
23 1 63
16 19 58
13 15 38
4 6 2
8 11 59
21 0 40
8 11 16
8 10 31
20 23 24
7 11 22
5 8 53
1 4 47
9 13 54
23 0 6
7 8 16
7 9 18
10 13 59
11 14 63
22 1 16
23 3 51
12 16 30
15 17 20
4 8 26
21 0 38
2 5 30
16 20 59
1 3 7
22 0 7
23 2 61
11 13 28
0 2 15
9 13 36
7 9 50
22 2 21
21 1 26
4 8 61
22 1 3
10 12 47
