1000 100
32 90 96 14 2 45 65 83 78 28 83 29 53 78 76 95 54 31 96 16 77 53 17 98 31 78 56 24 32 66 18 81 50 45 48 93 85 99 17 6 10 14 81 5 60 52 39 34 39 48 32 77 12 48 54 2 85 18 92 62 7 13 3 90 65 91 69 36 58 15 72 62 73 69 18 54 28 31 17 40 53 17 92 37 83 60 85 46 32 79 68 63 55 21 22 89 84 86 33 81 
21 1 58
8 10 97
2 5 53
17 20 21
22 2 38
5 9 59
12 15 5
20 23 17
9 11 36
9 10 27
15 19 45
4 7 66
8 11 15
2 5 30
21 1 42
16 21 5
10 13 78
12 16 48
0 2 31
9 13 18
22 1 37
15 17 40
11 15 16
17 19 77
2 6 28
9 12 2
18 22 12
7 11 100
23 2 30
12 14 92
21 0 88
17 19 43
16 18 50
5 7 21
18 21 65
15 18 25
21 23 63
18 20 44
5 8 22
16 22 23
13 16 86
7 10 89
16 19 43
22 1 26
6 9 89
23 3 48
7 10 52
17 20 80
14 17 49
9 12 79
15 19 29
15 18 26
20 22 9
23 3 18
13 17 22
20 23 40
1 6 72
14 16 28
8 13 15
3 7 35
11 15 11
11 14 94
13 16 62
5 9 55
3 7 15
13 16 86
12 15 89
10 14 47
11 14 20
20 0 31
10 11 36
18 20 40
19 22 18
2 5 8
22 1 86
0 2 65
22 0 18
4 7 62
4 7 57
0 1 63
7 11 64
0 3 14
23 1 19
15 17 66
3 6 6
5 7 35
17 19 4
4 8 14
2 8 91
14 18 89
18 22 70
2 6 94
15 18 70
23 2 85
4 8 6
3 7 85
10 14 48
8 12 61
12 16 38
4 7 98
23 2 1
13 14 53
18 21 15
10 13 68
19 22 23
1 3 44
16 20 37
19 21 54
4 6 71
17 20 58
23 1 45
17 19 43
10 13 85
6 9 69
17 21 11
6 9 98
7 9 52
14 17 52
19 22 48
15 19 89
18 20 61
7 11 97
8 11 60
4 7 55
7 11 44
18 21 82
11 13 2
20 23 55
13 15 2
5 8 12
12 15 64
14 16 74
14 16 80
11 13 49
9 13 60
12 15 79
13 15 79
16 19 31
6 7 81
3 7 12
20 21 46
6 9 24
7 11 37
15 20 16
17 20 66
21 0 24
17 19 30
21 0 84
16 17 74
1 3 5
18 21 31
7 9 31
3 7 69
16 17 89
7 9 60
17 21 9
4 5 34
0 3 62
19 0 86
6 10 43
11 14 2
11 15 97
12 15 11
2 6 70
15 19 97
1 5 30
11 14 19
3 7 2
20 22 67
19 22 78
11 12 79
4 7 53
14 17 42
21 0 78
18 21 56
10 12 69
21 23 49
4 7 68
8 13 50
6 10 88
16 19 54
19 22 86
16 19 4
15 17 4
19 23 68
9 12 50
20 22 56
6 8 54
7 10 72
7 10 13
22 0 75
14 18 98
22 0 11
7 10 77
2 6 23
20 23 21
1 3 86
23 1 2
20 23 35
22 1 36
21 1 78
21 0 50
1 4 44
17 20 77
22 23 13
6 9 27
1 4 72
5 8 21
21 0 74
5 9 14
20 22 25
22 2 17
3 2 31
12 16 85
4 7 65
12 14 10
23 3 31
18 23 92
8 12 35
14 16 26
7 10 37
9 9 12
1 5 91
5 7 63
10 11 66
13 16 74
19 23 63
12 14 58
16 20 95
1 4 78
13 17 28
13 16 99
2 6 97
4 4 66
19 21 19
11 16 10
17 20 46
1 4 3
23 1 21
13 16 12
14 15 15
9 13 87
3 7 57
13 16 44
16 19 79
19 21 38
2 4 26
7 10 43
20 23 12
19 23 49
18 21 46
22 0 74
11 16 77
20 21 72
16 20 79
10 13 77
1 3 63
18 21 79
13 15 52
3 4 3
16 18 47
21 23 41
23 2 80
8 10 62
11 14 43
4 7 100
6 10 100
11 15 20
13 15 45
2 5 58
8 9 30
8 11 19
3 6 86
22 2 93
14 18 70
18 20 6
2 5 77
5 7 61
8 10 75
16 20 66
4 6 87
0 2 2
4 7 23
23 3 16
21 2 8
9 12 68
13 15 53
8 11 48
18 21 53
6 7 29
8 12 52
17 20 14
15 17 8
4 7 50
16 20 39
20 0 97
13 15 60
22 0 31
6 9 63
3 8 81
22 3 47
23 1 78
1 4 75
3 6 37
22 2 1
7 9 68
11 14 24
8 11 3
6 9 29
12 13 97
8 11 58
19 20 7
3 6 34
13 15 2
23 3 96
3 7 3
14 16 97
16 18 99
17 19 20
21 0 93
1 5 82
14 17 60
22 1 63
5 8 83
8 10 64
8 10 91
20 22 65
22 0 41
23 1 52
10 11 80
21 0 19
15 19 73
5 8 64
12 17 54
11 15 9
17 21 100
5 7 39
7 9 53
20 23 61
11 14 48
16 19 50
6 9 56
16 19 50
13 16 31
7 8 40
4 7 16
13 15 76
11 14 55
3 5 20
19 22 66
2 6 96
7 9 47
17 20 60
18 20 72
2 2 23
5 9 36
13 14 97
15 19 19
1 5 90
4 6 35
0 2 61
11 14 78
19 23 97
12 14 63
10 13 90
23 2 23
13 17 64
12 15 36
20 23 66
6 11 23
17 20 77
21 1 28
13 16 8
10 12 4
14 17 77
23 2 11
13 17 93
20 23 77
14 15 63
12 15 76
21 1 49
22 1 11
17 22 46
1 5 35
1 3 88
18 22 67
12 17 87
5 8 83
8 9 97
19 23 53
10 14 21
15 18 100
6 10 40
21 0 94
4 7 84
0 3 86
5 9 21
19 23 56
0 3 14
11 13 79
11 14 60
18 21 100
12 16 86
2 3 15
22 2 37
10 13 20
2 4 18
7 9 80
4 7 100
9 11 68
4 8 45
16 19 14
0 3 71
2 6 57
18 21 99
12 15 33
17 20 77
22 1 85
20 23 76
13 17 71
8 12 79
22 1 45
16 20 25
10 12 13
3 6 69
8 10 52
15 19 49
20 1 57
16 21 11
19 22 92
13 17 46
17 19 9
21 2 94
2 6 6
23 2 14
10 13 27
10 12 24
5 9 88
4 8 40
10 15 86
6 10 22
22 2 97
7 9 87
20 22 12
12 15 75
8 11 23
17 20 11
22 2 14
22 3 13
1 6 93
12 17 78
0 2 89
14 16 37
7 12 94
18 21 97
2 6 8
0 2 66
12 15 71
17 20 35
11 16 94
11 13 87
18 21 26
16 19 51
4 7 44
9 12 76
0 3 54
10 14 96
22 2 18
1 5 10
8 11 70
14 16 56
1 4 28
17 22 97
6 9 22
12 17 27
2 3 24
18 20 7
12 14 42
9 11 10
18 23 15
22 1 9
1 4 52
15 19 93
22 2 84
16 19 52
6 8 35
6 9 89
22 1 21
17 19 43
7 9 81
12 14 54
17 20 70
15 17 10
20 23 66
14 16 32
1 3 21
5 10 72
12 15 3
11 15 52
17 21 27
7 9 21
8 13 38
3 7 89
14 15 4
15 18 11
22 0 50
1 3 8
0 6 8
17 22 94
4 7 65
9 11 68
7 11 7
23 3 19
23 1 85
19 20 14
22 2 41
3 6 55
23 3 89
10 13 24
10 12 56
21 23 69
3 4 79
10 12 51
21 22 2
22 23 92
7 11 90
4 6 27
6 8 96
14 18 85
20 0 57
23 1 63
21 0 85
12 17 28
8 10 86
23 2 59
14 16 18
9 12 1
19 23 19
0 3 84
19 21 72
14 17 2
10 12 88
10 14 7
3 5 85
9 12 90
15 19 75
6 10 38
7 11 18
3 7 4
21 0 87
4 8 24
13 16 68
8 9 81
13 15 62
15 17 81
22 2 25
14 18 68
9 12 60
5 7 40
19 22 92
19 22 23
22 1 48
5 9 23
7 8 49
17 18 19
5 8 47
21 23 68
12 14 58
21 1 51
8 11 76
1 3 43
21 1 84
21 23 1
15 17 14
10 11 42
2 5 12
4 7 1
6 10 39
22 2 86
8 12 85
22 1 43
9 13 64
4 8 45
8 11 57
7 9 65
4 9 29
3 7 51
16 19 20
13 17 54
16 20 2
8 12 11
4 7 58
17 21 17
4 7 32
14 15 77
10 12 33
6 9 59
10 13 50
7 10 32
17 19 33
13 17 95
7 11 27
9 12 98
4 6 90
16 20 35
11 14 5
21 0 34
20 22 85
18 21 87
19 21 60
22 2 38
1 4 81
9 11 31
13 17 81
18 21 15
1 2 69
10 14 3
21 23 93
17 20 52
1 3 29
8 12 97
18 21 72
6 9 20
19 23 52
1 4 59
11 14 21
17 20 17
12 16 55
9 11 2
17 21 5
6 10 32
16 18 60
2 6 43
4 8 13
11 15 53
8 12 32
18 22 24
13 16 49
9 14 50
3 6 11
9 11 65
17 18 80
7 9 57
5 8 90
11 13 95
20 0 24
7 9 10
18 21 94
0 2 97
23 4 93
7 11 42
18 21 2
7 10 95
9 10 10
1 4 45
8 11 91
2 5 54
23 2 1
1 3 55
22 1 71
9 11 38
0 2 82
3 6 1
8 11 33
18 21 97
12 18 82
4 8 49
6 9 9
6 9 93
23 2 11
1 4 88
1 5 48
7 11 46
11 12 87
23 0 11
7 11 55
18 21 89
15 20 38
22 0 16
2 6 61
18 20 76
17 19 18
2 4 60
18 22 12
12 15 98
13 15 45
8 10 20
21 1 82
17 19 52
3 6 93
15 18 2
17 19 78
5 8 30
18 21 20
15 17 80
7 10 70
8 13 7
1 4 99
8 12 92
1 4 48
16 20 45
12 14 10
4 7 56
16 17 69
23 4 45
17 19 19
20 22 93
2 3 74
20 21 13
1 4 61
17 21 16
0 2 30
8 10 38
9 11 48
4 6 70
3 5 15
7 8 85
14 17 64
23 2 72
8 12 5
10 12 68
12 16 14
3 5 81
21 1 72
1 4 52
9 12 66
4 6 9
13 17 30
3 5 92
6 9 63
5 9 71
3 4 67
20 23 6
1 4 65
11 13 17
12 16 29
12 16 65
2 4 11
0 3 32
5 7 27
16 19 29
5 9 47
14 17 84
8 13 49
5 7 96
0 2 58
13 16 22
11 15 29
8 12 80
17 20 34
12 13 32
2 5 31
16 21 33
2 5 75
1 5 50
18 21 41
18 21 69
4 5 38
19 22 16
4 7 38
20 1 78
7 8 73
19 21 3
3 6 94
16 19 90
15 20 82
11 15 61
18 23 98
15 17 82
17 22 61
21 1 86
21 1 93
2 5 89
22 2 91
1 5 78
16 19 39
19 22 63
16 17 86
11 14 35
6 9 9
18 21 92
11 15 97
20 23 8
22 2 83
7 9 39
4 7 81
6 10 84
17 20 70
21 0 30
4 7 89
7 9 30
3 5 84
7 9 48
14 19 4
15 18 89
0 2 11
9 12 68
6 8 15
23 4 66
4 7 89
19 20 98
0 4 53
13 17 21
6 10 16
8 10 6
9 13 59
22 1 35
15 17 25
17 19 9
4 7 17
11 14 12
11 16 16
2 5 71
6 10 61
19 22 9
16 21 65
19 22 75
21 0 3
15 18 67
12 16 43
4 5 29
12 14 72
16 20 83
2 5 51
18 20 58
23 5 44
13 16 80
7 9 27
8 11 31
14 18 50
16 20 1
23 2 53
9 14 57
4 8 92
22 0 16
21 0 48
21 23 65
23 1 20
12 15 36
8 11 86
16 19 5
2 6 14
20 23 24
15 18 78
0 3 51
12 16 93
18 21 65
15 19 40
9 13 77
13 16 10
14 17 26
8 10 33
14 15 61
2 6 14
3 6 77
0 3 12
4 8 12
8 12 65
8 9 50
22 2 38
9 12 28
15 18 56
4 8 46
21 1 8
21 23 45
22 0 34
22 1 34
20 21 37
2 6 47
12 14 88
16 17 51
13 16 74
1 3 52
5 7 42
3 7 50
18 20 31
4 7 18
8 11 14
18 20 19
13 16 67
3 7 2
4 7 35
14 17 79
12 13 40
12 17 9
10 13 45
15 18 36
20 0 79
4 7 41
20 1 2
10 13 88
23 2 66
18 22 74
9 13 54
18 21 18
14 18 19
14 17 63
1 4 63
19 23 51
6 7 8
21 0 48
17 20 77
17 21 18
10 14 69
5 7 52
9 11 1
22 0 99
17 20 25
4 8 3
20 23 51
19 21 87
7 9 32
16 19 71
23 2 35
18 21 27
18 20 8
17 20 32
15 18 27
2 5 22
20 23 90
18 21 83
4 8 71
23 1 67
23 3 52
22 1 43
11 12 56
10 14 96
2 5 73
21 1 93
4 8 87
20 1 74
14 16 7
15 18 68
19 21 34
8 12 44
19 22 8
14 18 20
3 6 91
3 5 69
12 15 54
1 3 26
12 15 71
21 1 33
21 0 35
13 17 60
15 18 2
17 20 73
4 8 64
14 17 47
8 13 13
11 14 70
20 23 46
0 2 92
18 21 51
16 20 65
15 18 52
19 23 16
21 2 57
8 12 74
9 14 74
4 7 57
6 10 83
3 6 68
7 10 10
21 23 59
6 8 8
1 3 18
11 14 64
21 0 72
23 0 16
15 17 45
5 9 51
0 2 80
6 9 69
18 21 97
13 16 68
0 4 69
21 0 90
0 4 42
7 10 18
0 3 21
8 11 67
7 11 82
22 1 68
17 18 60
12 14 4
12 17 64
7 9 69
0 4 60
12 16 60
11 13 69
14 17 93
20 1 79
23 3 84
18 20 8
10 14 32
9 10 30
7 10 62
11 13 41
8 9 45
