1000 62
39 5 45 16 28 39 20 47 34 37 28 30 50 20 6 55 34 18 43 2 55 45 3 59 45 20 23 5 30 41 1 14 24 55 44 52 53 56 34 59 9 32 24 55 51 59 46 34 59 8 14 31 51 3 41 62 52 53 6 29 46 37 
3 6 59
7 10 56
1 5 6
4 7 29
13 17 16
20 23 62
23 3 61
20 22 48
1 4 3
20 23 29
14 17 45
17 19 21
4 9 31
22 1 3
19 21 59
1 4 47
2 5 19
9 12 41
9 12 23
9 14 42
14 17 40
2 2 25
5 8 16
9 11 24
23 2 39
12 13 55
17 21 57
10 14 7
21 1 46
5 6 60
16 18 11
9 13 10
9 10 62
12 15 4
3 6 44
23 1 6
3 6 45
4 5 20
13 15 20
17 20 42
13 17 41
6 9 53
14 16 2
17 19 32
9 12 34
23 1 14
18 21 41
14 17 25
19 22 28
10 12 51
22 0 47
18 20 37
11 14 22
15 18 22
19 22 2
7 10 45
11 14 52
19 21 25
11 14 15
12 16 3
23 3 31
3 5 29
13 16 30
21 21 12
19 22 30
16 17 12
17 20 14
13 16 51
23 1 15
5 8 34
19 22 10
6 10 36
20 22 36
18 21 59
9 11 23
3 6 16
9 12 11
17 20 43
17 20 21
19 23 10
15 19 16
4 7 2
14 15 35
18 20 29
16 20 52
22 1 43
11 15 11
7 10 12
4 8 60
12 15 40
20 23 9
12 15 37
2 5 58
19 21 47
1 4 18
8 11 57
5 10 3
19 22 34
23 2 58
1 4 45
1 3 51
12 16 56
15 19 48
1 5 26
11 15 8
11 15 52
16 20 56
16 18 62
20 23 1
7 10 34
6 9 27
10 12 16
6 10 21
16 20 13
19 22 52
15 16 53
7 10 19
22 0 33
11 15 21
12 16 25
20 0 48
1 7 44
6 9 30
12 15 48
18 21 10
1 4 46
4 6 16
16 19 54
17 19 37
11 13 62
23 1 28
22 1 20
19 21 14
17 20 62
6 8 2
2 7 33
15 19 55
9 9 15
8 12 48
21 0 2
3 6 51
5 8 19
6 9 8
6 11 26
7 11 24
22 0 4
4 7 29
15 17 36
1 4 34
22 23 17
9 12 30
10 12 46
22 3 18
8 11 31
10 13 21
17 20 45
17 21 19
16 18 19
10 14 21
19 21 42
3 7 46
21 0 3
15 19 31
13 17 4
15 18 37
9 13 31
23 2 2
11 14 60
9 11 55
7 9 12
11 14 56
10 11 6
9 12 35
12 17 25
5 8 36
17 19 21
8 10 33
21 0 23
15 19 60
5 10 8
15 18 4
16 19 18
20 0 26
22 2 42
14 16 56
0 4 62
22 0 10
11 14 29
8 12 38
7 10 4
16 18 8
3 4 58
8 11 33
17 22 54
19 22 22
7 9 35
14 18 12
16 19 25
0 4 7
21 23 29
22 2 59
10 12 56
12 16 29
0 2 6
4 6 32
23 2 58
11 14 17
2 6 49
11 14 54
8 11 6
4 9 49
4 6 61
5 6 6
22 1 2
21 23 27
14 17 13
20 0 7
21 1 60
20 22 6
17 21 59
15 19 29
7 10 34
19 23 7
12 14 62
8 11 62
22 0 1
16 19 6
21 23 28
23 4 40
10 13 6
23 3 15
12 16 2
9 13 20
11 14 31
4 6 10
19 21 2
21 1 29
2 5 39
20 23 5
18 22 16
16 18 51
0 6 36
22 1 41
2 5 3
22 3 26
1 5 48
2 5 51
3 5 47
11 13 32
10 13 40
22 2 18
15 18 39
21 1 39
23 3 56
2 5 47
13 17 45
5 8 55
9 12 58
3 5 59
12 15 46
22 0 12
20 0 11
10 13 62
3 4 21
17 20 1
14 17 61
3 6 36
19 23 36
16 20 4
5 9 60
10 13 15
0 4 16
3 6 35
23 2 12
12 15 38
9 12 43
4 9 4
4 8 41
3 5 39
11 15 47
5 7 62
6 12 41
7 11 41
1 3 23
23 2 30
19 21 47
11 13 16
21 0 40
4 7 2
22 2 26
9 12 30
12 15 4
15 19 46
13 16 9
7 10 25
4 8 31
15 18 46
1 3 54
17 21 45
15 20 23
18 23 48
7 8 8
17 21 1
8 11 11
1 2 24
9 10 55
13 17 39
20 21 61
7 9 48
22 1 10
2 3 4
12 15 31
15 18 51
17 20 3
12 15 23
8 10 59
11 13 24
7 11 38
9 10 39
6 9 43
11 14 30
23 1 15
23 1 11
6 9 62
18 22 28
2 6 20
18 22 62
10 13 55
0 4 61
9 13 34
6 10 20
1 4 44
21 1 5
2 7 14
20 0 45
8 9 38
11 13 36
3 5 51
6 9 52
5 8 57
22 22 31
1 4 19
3 6 37
22 0 11
15 18 5
15 18 56
10 12 4
11 16 28
12 15 8
8 11 48
21 0 20
20 23 7
8 13 37
16 18 49
7 10 33
21 23 22
18 22 3
23 1 44
4 9 35
3 5 49
1 2 55
13 16 4
3 8 14
7 9 19
17 20 14
7 10 9
18 22 58
14 17 50
9 11 26
16 18 45
9 13 7
23 2 46
16 19 27
7 9 36
1 5 1
8 12 23
14 18 47
11 12 58
3 5 18
9 12 40
4 6 7
5 10 8
14 17 18
6 10 61
22 23 39
12 14 9
22 2 10
22 0 22
1 5 45
3 7 17
22 23 47
10 13 40
19 22 30
12 14 3
5 9 61
3 5 41
4 7 14
23 1 45
7 11 53
13 15 28
20 23 41
3 6 11
22 0 44
8 11 14
0 3 59
1 3 28
11 14 37
4 7 44
18 18 40
14 16 2
3 6 37
2 5 4
10 13 53
1 4 1
3 5 30
1 6 23
4 8 57
23 3 18
5 9 3
19 22 51
19 23 15
7 12 50
11 13 23
15 19 37
11 14 34
20 22 43
13 17 28
23 2 56
16 19 32
12 16 38
20 22 55
17 20 61
10 12 21
8 11 17
23 2 4
1 5 33
16 18 1
18 23 22
4 8 46
3 7 9
2 6 15
14 16 46
7 9 43
23 1 23
12 15 36
16 19 4
8 10 45
11 15 10
8 11 33
18 21 38
11 14 22
11 13 32
0 4 33
22 0 32
22 1 49
7 11 36
4 7 38
19 21 27
18 22 44
11 14 46
2 6 27
2 5 56
18 21 52
5 9 38
23 2 26
22 1 61
7 10 36
23 1 1
1 4 45
4 6 25
17 20 38
21 2 15
10 11 29
19 22 27
5 7 40
7 12 30
7 11 6
14 17 43
21 2 22
17 23 56
12 16 20
0 3 25
16 18 32
11 14 6
19 20 11
2 5 37
11 14 31
3 6 45
2 5 48
10 13 49
6 10 28
9 12 58
11 14 13
1 4 23
4 7 60
8 11 57
23 2 17
16 19 21
4 7 55
6 8 52
10 11 36
22 4 29
20 22 44
7 9 34
2 7 40
7 9 38
9 13 13
3 6 48
8 11 27
12 14 9
18 21 53
6 9 40
19 23 39
17 21 9
19 23 52
1 2 1
3 7 47
17 21 62
13 16 4
18 22 4
11 12 3
9 10 47
12 16 54
6 9 15
0 4 38
7 11 26
14 16 6
1 5 32
22 2 62
11 13 7
14 17 7
19 22 47
3 7 28
15 16 4
8 12 49
16 19 21
8 12 21
23 2 5
7 9 27
7 11 15
6 8 38
11 13 26
8 12 60
5 7 17
14 17 14
19 0 9
2 5 16
13 14 13
20 0 26
12 18 49
13 14 56
19 21 32
12 15 12
4 6 23
13 15 23
23 2 37
6 9 12
4 5 27
1 4 22
20 0 10
11 13 38
13 14 43
5 8 34
8 13 35
12 15 44
20 22 15
13 16 25
0 3 11
14 19 45
16 19 23
13 17 14
14 16 23
2 5 19
20 0 9
15 16 17
6 9 50
16 20 19
12 15 58
18 20 27
20 0 5
22 1 15
6 11 44
23 2 23
20 1 14
16 18 62
7 11 9
4 6 36
23 2 58
1 3 30
12 17 32
19 21 13
2 6 51
21 1 8
5 7 9
18 20 45
22 1 42
4 9 51
13 16 4
1 6 50
5 9 28
19 22 47
4 7 42
4 8 57
18 21 36
22 23 59
20 0 28
14 17 26
0 2 61
1 3 38
6 10 59
13 16 48
12 15 3
18 22 34
21 23 60
11 13 54
6 10 31
21 1 6
12 15 6
2 4 1
23 0 32
19 21 36
15 18 2
5 8 5
12 17 52
22 1 4
6 8 40
18 20 40
5 9 16
21 23 62
4 6 27
15 18 50
18 21 56
8 11 4
5 9 35
1 2 57
7 12 54
8 9 46
11 13 61
14 17 43
8 11 31
7 11 20
16 19 8
4 5 47
15 17 20
3 7 23
10 14 16
0 3 57
17 19 33
0 3 55
7 10 29
8 10 52
3 6 13
13 16 20
16 19 34
0 3 22
7 10 57
5 6 2
15 18 21
13 17 2
2 4 34
23 1 22
23 2 8
12 14 57
4 6 31
9 12 51
16 19 25
20 22 9
15 19 50
11 14 41
23 3 12
13 15 16
14 18 32
0 2 24
2 5 24
14 16 26
0 4 32
0 3 41
8 11 17
14 18 45
19 20 37
21 23 43
21 0 22
5 8 35
13 17 39
5 8 57
11 13 3
12 15 17
21 1 29
8 11 57
22 1 2
10 12 3
6 9 59
5 8 43
8 11 5
10 13 24
15 18 31
19 21 47
8 11 56
13 15 53
15 19 43
18 20 11
17 18 27
15 19 55
7 10 14
1 5 22
16 20 7
8 12 36
3 7 36
14 17 45
1 3 62
21 1 20
1 4 3
4 8 13
18 21 36
23 2 4
18 20 57
11 14 6
9 12 32
5 8 25
6 9 48
1 3 20
17 21 14
13 16 9
14 17 37
23 2 8
15 19 40
7 11 55
8 11 59
19 23 5
4 7 44
18 20 31
4 8 24
16 19 12
23 3 24
10 13 11
10 12 14
13 16 51
13 17 8
5 7 38
18 21 3
0 3 46
18 21 53
8 10 45
20 22 3
14 17 31
8 9 20
13 15 30
18 21 14
11 15 2
14 18 31
17 20 1
8 13 32
23 2 22
8 10 7
22 3 12
2 5 10
8 10 25
4 6 13
7 10 14
11 14 32
4 10 55
1 3 28
20 23 52
13 14 51
4 8 31
12 14 49
8 11 48
11 13 6
7 10 34
10 14 49
3 7 42
11 13 34
9 11 23
14 17 32
8 11 59
7 7 43
14 16 57
5 5 19
23 3 52
2 6 56
13 16 45
20 22 43
3 7 41
2 7 60
19 22 51
10 12 55
8 10 52
6 9 59
22 1 25
17 20 56
18 20 11
0 2 34
16 19 43
17 20 33
0 2 54
23 0 59
20 0 15
6 10 15
5 8 52
13 17 1
5 7 44
9 11 30
13 15 34
1 5 26
17 19 33
11 14 58
6 9 37
17 20 51
9 13 7
22 1 46
17 19 57
2 4 48
23 2 44
16 19 28
18 22 13
23 1 37
19 23 11
18 21 28
12 14 52
23 2 31
21 0 62
6 9 30
15 19 40
14 17 26
12 12 41
11 13 15
17 19 26
17 20 27
18 20 50
13 17 16
16 19 37
11 16 12
17 19 27
4 8 44
4 8 50
10 12 48
21 23 37
18 20 55
3 6 31
11 13 47
12 16 12
21 23 16
19 22 16
16 19 16
15 18 15
4 7 16
6 10 32
13 16 53
14 16 36
17 21 39
22 0 6
2 5 39
2 4 27
16 19 37
6 10 37
8 9 35
18 20 8
7 9 8
13 15 59
21 2 29
14 17 18
6 8 27
10 13 59
14 16 51
3 5 12
21 0 62
1 3 39
15 19 57
8 9 53
10 12 42
20 23 22
6 9 4
18 20 31
10 14 3
5 9 39
18 21 35
10 13 61
15 20 34
16 20 46
11 13 46
23 3 62
14 16 8
13 17 42
14 19 23
11 10 51
19 22 28
13 19 42
12 15 56
8 11 21
13 17 49
3 6 33
2 6 51
13 15 14
13 16 61
12 15 30
5 6 61
0 2 44
18 22 19
17 21 42
5 8 6
17 20 40
3 5 32
14 17 4
16 18 37
7 8 30
12 15 43
5 10 49
10 12 11
6 10 7
2 3 21
16 19 46
19 22 61
11 14 51
11 13 17
23 3 41
8 12 9
18 22 16
18 21 52
20 23 5
13 16 21
13 16 18
1 4 42
21 0 19
16 19 10
12 15 45
13 16 47
20 0 53
0 4 48
14 18 32
18 20 22
2 4 27
0 2 31
15 20 3
7 10 58
19 23 7
10 13 8
23 2 16
12 13 29
2 5 36
17 21 17
19 22 55
1 2 26
0 4 12
20 22 39
10 13 17
7 9 46
1 5 32
3 5 12
6 9 55
23 0 39
2 5 17
23 3 11
4 7 18
15 19 1
2 6 62
15 19 11
6 10 62
0 4 29
13 18 17
3 6 13
21 0 22
18 21 12
22 0 61
19 0 48
19 0 62
8 12 27
13 18 40
3 5 34
0 3 47
21 1 34
0 2 52
4 7 62
22 1 39
23 1 56
4 8 7
3 6 37
15 19 46
13 17 9
11 15 24
22 0 59
10 13 39
15 17 24
11 14 15
2 5 43
13 15 42
23 1 17
4 6 45
0 3 43
7 9 28
22 0 21
16 19 46
3 6 14
9 11 52
18 21 35
6 9 47
10 14 6
16 18 56
6 8 3
5 8 10
21 23 46
