1000 23
19 13 11 4 10 22 16 2 12 4 1 12 15 4 5 2 16 10 8 21 1 15 5 
13 17 18
5 9 7
4 8 16
11 14 12
5 10 5
11 13 7
1 3 21
9 11 2
16 19 11
13 14 14
20 23 23
18 20 20
14 17 11
8 13 23
14 16 14
18 22 9
17 21 20
2 6 19
21 0 15
3 6 5
13 16 3
23 1 12
8 10 15
22 0 2
9 14 19
23 1 9
7 10 15
22 0 13
7 9 5
22 0 16
5 9 19
13 15 7
14 18 7
3 6 22
23 4 23
16 19 17
5 10 1
8 11 1
11 12 23
7 10 3
21 22 8
15 17 8
15 18 18
12 14 15
11 14 2
9 11 18
7 10 13
4 7 19
13 16 5
2 6 6
18 20 23
11 15 4
21 1 21
17 20 15
15 17 9
20 23 13
4 8 17
11 12 11
10 11 17
1 3 9
9 11 3
5 8 19
16 19 19
20 20 3
18 21 14
7 11 3
22 0 21
22 0 7
4 8 8
20 22 2
12 15 19
14 18 20
2 4 8
0 4 2
16 18 1
12 15 4
22 2 4
17 19 8
13 16 16
13 17 11
21 23 20
2 4 19
14 18 18
11 14 15
4 7 5
7 11 22
3 7 5
7 8 15
0 5 17
15 19 4
7 11 17
1 4 16
13 17 21
20 0 11
8 11 6
13 16 18
5 8 19
8 11 14
2 5 5
15 18 7
3 4 23
7 11 8
5 6 17
14 15 8
12 15 10
6 8 13
13 17 23
7 9 7
15 19 14
7 10 14
2 6 15
8 12 10
21 1 2
7 9 19
12 15 15
4 7 22
5 8 7
19 21 10
15 18 5
22 2 21
0 4 3
1 3 9
5 8 19
2 5 22
2 4 23
23 2 5
14 16 15
20 22 10
2 5 11
8 10 22
17 20 13
3 5 17
5 9 23
12 16 16
18 21 22
13 17 17
1 4 14
8 10 21
9 13 1
7 9 8
4 7 11
7 10 23
11 14 13
4 7 1
21 23 19
19 22 13
14 15 11
6 8 10
13 16 9
14 18 13
0 2 11
17 21 1
20 23 16
4 8 4
18 22 2
20 0 18
9 11 10
19 23 11
17 20 22
15 19 22
3 5 8
6 8 2
19 20 6
1 4 20
18 19 11
19 23 21
8 12 18
12 16 16
7 11 16
14 18 10
8 13 4
21 23 14
15 20 21
0 3 6
14 18 16
9 13 21
15 19 15
23 3 22
14 16 10
19 23 7
7 11 10
9 13 5
22 2 8
0 4 18
4 8 20
3 6 13
20 0 17
7 11 22
11 15 5
11 13 4
7 9 15
20 23 22
2 5 7
6 9 12
8 9 18
21 1 21
10 13 23
0 3 3
13 15 7
5 8 11
21 1 7
2 6 4
11 13 9
13 16 13
16 19 1
21 23 20
2 4 6
6 9 18
23 3 7
17 22 8
16 19 1
6 8 4
11 13 21
5 10 8
8 12 13
2 4 17
12 14 20
13 16 18
8 10 17
6 9 4
7 10 15
20 0 14
12 16 11
23 2 11
14 17 7
7 10 20
23 2 3
16 19 16
23 1 6
19 23 21
8 11 23
0 3 5
18 22 8
4 8 5
7 10 23
17 20 6
7 9 18
2 4 1
5 5 13
22 23 18
18 20 2
16 19 21
4 5 15
13 15 16
1 5 15
6 8 4
23 1 14
11 15 18
14 17 5
17 22 19
10 12 13
17 19 10
21 2 1
19 0 18
15 17 11
2 5 7
9 12 1
18 23 18
4 6 4
8 10 13
1 6 21
12 12 15
22 0 12
9 14 16
3 6 6
12 14 2
20 22 21
1 4 9
11 15 7
23 2 15
11 15 19
19 22 8
18 20 14
22 2 18
20 23 2
4 9 16
9 12 21
4 8 4
16 19 1
12 15 20
6 10 13
0 3 20
13 16 16
18 21 4
1 4 6
18 21 23
15 18 10
11 13 15
19 23 22
11 13 21
5 7 22
5 9 22
1 6 16
1 6 20
21 0 4
4 5 22
7 10 9
8 12 15
0 3 7
9 12 13
8 11 11
8 12 6
10 13 3
2 5 5
23 1 10
5 8 15
17 22 4
21 0 3
8 11 16
21 1 9
18 21 1
17 19 21
22 1 9
17 19 5
19 0 6
17 20 6
1 5 21
23 4 18
21 1 13
1 3 17
16 19 13
5 6 17
1 4 11
21 23 15
17 19 8
15 17 10
8 9 13
10 12 17
9 11 10
20 23 4
2 7 23
7 9 17
5 7 13
9 12 7
10 12 21
12 15 15
7 10 12
19 21 18
0 3 18
11 13 10
9 12 18
20 0 15
8 11 4
9 14 8
14 19 21
1 4 15
9 12 14
21 0 22
6 8 5
16 18 9
14 17 11
21 0 6
2 5 9
15 19 4
9 13 4
4 6 9
10 14 9
14 16 16
9 11 22
12 14 10
17 21 16
7 11 16
19 0 11
8 12 19
19 23 21
13 17 4
5 9 22
11 17 4
6 8 13
22 2 9
4 6 2
23 2 5
6 8 18
10 12 21
7 8 5
22 0 13
15 17 5
1 5 3
16 21 1
11 15 12
23 2 18
4 7 13
5 7 2
11 13 2
2 4 12
12 16 22
15 17 11
7 7 23
14 17 9
9 12 22
8 12 2
11 14 9
1 4 9
8 8 4
16 19 7
15 18 5
9 12 2
22 23 19
1 3 21
18 20 8
21 1 22
23 2 11
21 0 1
8 12 8
18 22 2
20 0 14
2 6 20
0 4 9
12 16 21
6 11 18
20 0 18
21 0 5
6 9 19
17 21 3
3 7 16
11 14 13
14 18 4
7 9 3
7 11 5
12 15 14
23 3 12
2 4 6
22 2 4
0 3 4
14 18 16
4 6 6
3 7 17
13 16 4
19 23 21
12 15 11
4 7 23
9 10 7
16 20 7
15 20 19
6 9 9
8 12 21
10 13 14
0 5 5
0 4 14
3 4 8
0 4 10
5 8 16
8 11 14
15 17 1
6 8 9
5 8 4
17 21 3
11 13 8
17 21 6
1 3 7
9 11 15
23 2 5
7 9 2
14 18 16
5 10 17
11 15 21
22 0 5
10 12 11
22 0 22
1 3 4
14 16 16
14 19 18
11 14 10
0 3 9
7 10 18
8 11 15
0 2 17
14 16 19
4 8 14
23 2 23
1 4 21
13 17 1
11 14 14
19 21 3
16 19 16
23 1 18
18 21 18
17 20 10
4 7 15
12 13 20
14 17 1
4 5 22
3 4 1
23 2 14
22 0 20
11 16 4
14 18 13
9 11 21
8 10 21
20 23 12
18 22 7
14 17 3
13 16 11
19 23 4
8 10 22
11 15 2
18 21 3
1 5 13
7 9 1
5 7 9
18 23 23
21 23 5
4 8 19
23 4 18
5 8 20
9 10 12
13 17 21
2 5 18
0 3 6
3 4 9
14 17 16
2 4 10
4 6 11
1 5 17
16 19 4
14 18 3
15 20 4
8 12 7
16 19 3
3 5 6
15 19 13
10 13 12
16 20 19
12 16 6
4 8 23
19 22 22
21 0 23
23 2 2
23 3 10
18 21 4
11 13 2
6 9 5
0 5 15
17 20 17
19 0 10
9 12 2
14 16 5
12 13 12
10 12 21
11 16 9
10 13 11
4 7 17
11 14 5
19 22 8
0 2 3
0 3 21
22 1 1
22 0 12
2 4 13
3 8 15
17 20 12
6 10 16
16 19 14
9 12 23
19 22 17
3 6 19
7 10 8
11 13 17
19 23 5
20 23 5
21 0 21
3 4 16
19 22 10
17 20 18
22 3 15
3 6 17
22 1 22
21 22 22
20 21 2
2 3 14
11 13 6
14 16 12
13 17 1
3 6 2
19 23 21
9 13 16
11 14 14
14 18 12
3 6 23
2 5 15
23 0 10
15 18 1
19 21 12
16 17 1
0 4 11
9 11 8
4 7 14
10 14 15
16 18 15
19 22 22
23 2 2
21 0 14
10 12 2
7 10 1
20 22 7
19 22 17
12 15 18
19 22 2
21 0 20
20 0 6
17 21 16
15 18 12
19 22 21
18 22 21
14 17 13
20 23 23
18 22 5
9 10 12
16 19 6
23 3 13
19 21 5
17 20 8
22 0 5
8 11 15
17 19 5
2 6 10
4 6 23
3 6 8
1 5 17
16 18 13
22 2 7
19 21 17
1 2 21
2 5 7
14 17 9
1 2 20
19 0 22
15 19 22
8 11 22
2 4 18
23 1 14
3 5 9
17 20 10
22 0 19
0 4 11
15 18 8
5 9 14
7 12 3
1 4 8
10 12 10
13 15 14
15 19 18
21 0 5
6 9 19
18 21 22
3 5 5
10 12 23
8 11 16
23 2 20
11 15 10
7 10 4
20 1 9
6 9 7
7 11 20
22 1 9
2 5 2
10 14 19
19 22 1
7 11 1
16 17 5
22 2 5
20 0 3
21 0 21
8 11 14
10 13 21
5 6 2
18 22 22
18 21 11
0 2 2
22 2 16
0 2 1
16 20 4
6 8 16
16 19 3
10 14 13
1 4 21
3 7 20
3 7 7
11 15 6
14 17 3
2 5 12
9 12 17
8 10 14
23 2 21
15 16 11
0 3 13
7 10 6
6 10 21
17 21 14
6 10 1
0 3 20
0 3 5
12 14 15
11 15 8
10 13 6
3 7 6
16 19 23
14 17 12
21 1 21
2 4 21
8 10 14
17 20 5
20 23 21
21 0 2
16 19 18
3 6 1
9 12 20
15 17 23
4 8 19
7 9 11
16 19 3
16 19 22
3 6 1
4 6 19
14 19 8
8 11 3
23 1 13
12 16 20
2 6 10
17 20 11
13 16 18
1 5 9
15 17 6
0 5 10
2 4 14
23 1 20
14 17 17
3 7 4
9 12 12
12 14 4
7 8 17
14 16 13
2 5 2
8 11 21
17 21 10
20 22 13
11 14 7
8 11 15
0 4 19
14 17 23
15 18 12
9 11 7
5 10 21
8 12 3
7 9 1
9 11 11
0 1 17
19 22 5
1 4 8
8 11 6
4 7 13
22 2 22
15 17 16
3 5 13
17 22 21
20 23 23
2 4 19
7 11 6
16 18 8
18 22 5
8 11 6
0 4 2
20 22 16
16 20 18
7 9 22
14 18 13
9 10 16
16 19 7
15 18 15
0 3 13
17 21 5
1 4 21
5 8 8
0 4 11
8 11 5
6 9 22
14 17 19
23 2 14
2 6 22
13 14 12
14 18 12
3 5 4
20 22 23
5 9 12
5 8 15
12 15 19
20 0 3
1 2 20
13 15 1
15 20 15
6 9 21
17 20 12
17 20 7
18 21 2
4 6 14
4 8 22
5 6 6
4 7 2
13 16 16
19 23 13
1 5 21
22 1 23
2 5 6
4 6 22
2 4 14
17 20 5
2 5 14
12 15 3
4 7 22
18 20 20
22 1 16
22 1 8
11 15 1
23 2 17
19 21 2
23 2 2
8 12 23
0 3 14
19 23 18
3 6 1
11 15 20
8 12 10
20 23 1
19 20 19
23 2 7
9 12 19
5 7 13
12 15 17
13 15 12
3 6 22
15 18 4
10 13 2
3 5 6
22 22 10
3 5 7
22 1 17
7 10 17
19 0 23
0 2 15
20 1 9
10 15 7
11 15 11
7 10 4
7 10 6
16 17 7
13 15 13
14 18 8
12 15 19
14 16 8
2 4 9
15 18 17
9 12 22
18 20 15
17 20 10
23 3 3
3 6 10
16 19 21
9 13 8
10 13 1
20 0 11
12 15 9
9 12 7
1 1 4
15 18 4
1 4 15
23 3 13
13 14 14
20 22 13
20 20 8
22 1 21
13 14 9
6 9 4
11 13 19
0 2 5
22 0 19
5 6 13
13 15 12
7 10 12
10 12 12
8 10 23
3 5 23
1 3 13
5 8 14
21 23 4
16 17 4
18 22 10
1 4 13
17 20 22
11 14 14
4 8 7
6 9 19
7 10 15
15 19 6
14 16 21
23 2 1
21 0 2
12 15 15
3 9 18
21 23 4
8 11 9
2 4 2
3 6 11
7 9 21
18 21 11
9 12 10
10 12 23
6 9 19
12 15 22
21 0 6
1 3 11
7 10 16
2 7 17
7 10 20
19 22 3
8 10 23
23 3 12
11 14 17
3 5 6
11 14 7
13 15 5
19 0 21
22 1 19
19 23 14
20 23 21
13 16 6
17 20 21
5 7 7
23 2 4
18 20 3
15 19 14
6 10 17
12 15 13
1 5 5
3 6 12
13 18 11
14 18 15
19 21 5
9 11 2
2 6 10
14 16 11
12 16 9
3 6 19
16 19 9
10 11 4
2 5 21
9 12 7
12 16 19
5 10 1
7 10 6
1 4 1
12 14 3
5 6 3
19 20 14
13 18 8
17 19 8
9 11 4
21 22 8
21 0 2
11 13 23
6 8 11
18 23 13
16 20 12
15 18 11
3 5 23
18 22 11
23 3 17
18 21 21
15 17 15
5 8 21
0 3 4
15 19 18
19 23 22
22 1 22
12 15 6
11 15 4
3 7 7
9 12 21
7 10 2
11 15 4
9 13 7
7 10 22
8 11 17
7 9 20
7 10 1
4 6 13
22 23 22
0 2 21
13 16 2
18 21 12
19 23 5
21 0 7
0 3 17
18 20 18
15 17 7
4 7 9
9 12 2
14 17 6
5 7 7
5 8 6
9 12 10
