1000 70
32 36 25 33 10 45 61 51 32 66 69 50 38 51 21 9 55 32 1 30 26 12 35 44 61 69 4 57 49 26 28 30 69 47 60 67 18 53 44 25 27 31 66 42 32 44 8 22 51 37 31 8 33 12 10 56 27 9 23 45 49 3 10 47 24 49 49 48 14 56 
17 19 69
7 11 11
23 4 41
20 23 41
3 9 69
23 3 57
8 12 36
8 13 52
19 23 44
20 22 5
1 5 47
18 22 46
12 14 66
9 13 11
13 16 10
23 1 7
7 9 33
23 2 46
5 6 3
17 20 43
9 13 16
10 14 31
17 20 48
11 13 4
12 16 34
16 18 60
12 16 38
0 4 13
3 6 23
20 22 60
11 14 25
1 4 53
3 7 9
8 11 70
13 18 69
12 18 67
3 4 3
2 4 16
14 17 12
7 9 46
21 1 49
1 3 46
11 12 24
13 16 28
22 0 20
7 12 22
0 4 29
0 4 56
18 18 34
14 17 5
23 2 70
23 1 12
17 18 11
16 20 59
3 6 27
14 17 26
5 7 39
13 16 24
4 6 12
5 8 28
4 9 10
16 18 33
16 19 49
6 8 46
13 15 42
4 6 21
14 18 10
20 23 63
20 23 60
11 13 24
19 22 53
2 6 18
14 17 31
14 16 67
8 11 30
22 2 47
21 0 32
18 21 63
21 23 30
14 18 24
18 21 2
19 0 19
4 8 63
16 18 31
1 4 37
8 12 32
17 21 51
18 20 48
1 3 7
14 18 64
4 8 31
21 0 32
10 13 30
13 16 23
1 6 36
19 23 64
18 22 42
20 22 10
5 8 31
19 21 32
0 2 69
9 11 67
14 16 41
16 21 13
11 15 66
22 3 11
9 12 44
18 21 42
21 23 3
0 3 44
9 14 68
2 6 46
14 17 21
23 3 17
8 12 22
8 12 34
6 10 32
1 4 23
1 4 36
23 3 59
6 6 28
6 10 11
13 15 20
16 19 1
8 12 13
17 20 11
9 10 49
11 13 59
9 12 48
11 17 12
13 17 61
2 6 43
16 18 55
21 23 23
8 11 69
14 17 49
20 0 31
20 23 33
19 0 23
12 15 44
8 11 34
16 19 61
0 3 63
22 2 55
19 22 2
15 19 11
23 3 46
6 10 19
9 12 12
13 16 23
2 4 2
11 15 55
15 18 18
2 6 2
4 8 30
22 3 59
8 12 64
17 19 49
3 4 44
7 10 56
9 14 59
13 14 8
7 9 42
20 23 14
3 7 38
5 8 53
11 13 2
20 0 70
16 21 44
10 12 59
14 18 61
1 3 50
0 3 28
22 2 44
22 1 42
11 14 41
3 6 48
6 10 63
12 16 39
0 3 13
15 19 56
15 19 61
23 4 67
9 13 6
5 8 11
23 1 28
12 15 50
7 9 6
20 23 64
19 22 32
4 8 6
5 9 17
10 12 23
22 1 22
3 7 62
9 13 62
22 1 52
16 19 32
2 3 61
5 7 58
20 23 69
11 15 22
3 5 44
7 8 5
2 7 12
11 14 24
7 10 27
15 15 65
2 6 45
16 18 54
23 3 52
13 15 35
21 22 67
3 8 15
12 16 22
11 16 35
13 17 53
4 7 66
21 0 17
4 7 31
13 16 44
21 0 16
19 22 1
13 15 3
7 9 37
14 18 43
17 20 18
6 9 52
1 4 51
6 9 67
11 14 46
19 21 69
23 3 65
12 16 15
22 0 46
18 22 52
17 19 45
4 7 63
13 16 1
16 19 1
13 16 41
20 23 9
13 15 66
15 18 54
13 16 23
3 6 26
7 9 60
23 1 62
14 18 41
8 13 58
15 18 46
17 19 24
13 16 48
22 23 59
11 14 57
4 7 9
9 12 68
22 2 8
7 9 19
14 19 4
13 16 60
3 6 67
12 16 41
16 18 54
14 17 33
10 13 18
5 8 3
9 13 10
3 6 29
22 2 30
11 13 1
13 15 70
8 11 40
15 18 70
10 13 39
7 10 22
10 14 54
13 16 12
16 20 44
22 0 17
2 7 31
3 8 27
21 23 12
19 23 56
14 18 29
3 7 24
8 11 64
0 3 48
9 13 61
23 2 52
5 8 13
12 15 21
1 4 12
23 2 41
16 18 25
7 9 21
16 17 15
22 23 27
21 0 59
18 22 43
11 13 63
5 7 54
12 15 54
19 22 27
7 10 47
3 7 40
23 1 53
14 17 35
18 22 35
18 22 27
12 15 35
21 1 20
0 3 61
22 0 19
13 17 8
14 18 32
19 22 34
17 20 9
15 17 68
9 14 51
4 9 39
4 6 43
4 6 30
2 5 11
13 17 69
2 5 12
12 15 29
19 22 31
23 2 36
9 13 22
1 4 1
4 7 1
15 18 16
10 12 19
1 4 7
13 16 31
0 4 6
5 8 35
15 18 57
3 7 70
1 3 25
3 6 21
17 19 59
14 18 32
12 15 61
7 10 7
20 1 33
14 19 33
2 3 5
19 22 7
3 7 11
16 19 46
1 5 65
17 20 11
14 18 19
14 17 6
11 15 19
19 0 21
0 2 24
2 5 32
12 15 14
12 14 7
7 11 5
18 20 35
16 20 44
3 5 56
19 22 40
4 7 22
12 14 38
22 0 3
17 20 10
19 22 56
5 7 21
14 17 58
22 23 67
7 9 61
7 10 32
2 8 37
12 16 22
12 16 1
19 22 25
7 10 60
23 2 24
12 14 11
18 20 13
11 13 14
11 13 23
7 9 46
9 13 38
15 19 67
22 0 46
4 8 64
4 7 15
5 8 66
21 0 29
9 13 11
6 10 1
17 20 16
2 7 10
15 18 35
19 21 11
5 8 16
8 11 1
12 14 42
13 15 21
0 3 25
23 4 26
1 4 43
23 1 20
11 13 46
15 18 29
22 2 19
19 23 49
17 19 6
8 10 64
2 6 44
11 13 36
19 23 44
8 12 9
11 14 17
19 23 59
15 17 26
22 1 27
9 11 61
13 16 56
15 18 38
23 3 67
16 18 26
20 23 21
10 12 34
7 9 50
7 10 34
16 18 17
13 17 43
21 0 25
16 20 3
20 22 12
17 19 21
9 11 46
8 10 58
13 16 59
22 2 1
14 18 20
3 6 24
12 13 22
1 4 14
7 11 1
21 0 5
11 10 52
16 18 29
18 21 42
4 6 57
7 11 1
1 4 62
10 13 63
18 22 65
23 3 69
12 15 69
22 0 21
13 17 1
20 23 43
10 12 29
16 20 68
23 2 67
14 16 17
18 21 1
8 11 69
21 0 43
9 14 70
1 4 38
6 9 12
5 8 7
22 4 39
5 8 16
18 21 10
14 18 53
21 23 22
23 2 64
5 8 57
21 23 24
4 9 30
18 0 8
21 22 37
10 14 4
5 7 46
5 9 2
19 22 16
19 22 8
8 11 17
3 6 27
6 8 43
2 4 5
22 0 64
18 20 39
11 14 53
10 14 53
18 20 41
5 8 3
22 1 42
7 11 53
23 2 14
22 0 52
9 13 30
14 15 12
15 18 34
16 18 38
15 18 65
4 6 63
8 10 49
14 17 47
12 15 37
2 5 67
10 13 24
21 23 52
11 14 66
16 20 70
13 16 62
17 21 27
4 5 56
3 6 63
21 0 1
9 11 58
10 14 1
0 5 28
4 8 45
3 6 14
4 7 30
18 20 37
3 7 14
16 18 22
17 18 2
6 9 67
17 19 25
8 13 70
11 14 6
9 12 2
1 1 53
1 5 2
1 4 27
19 23 21
3 7 57
0 3 24
16 20 54
23 2 10
8 11 43
22 2 48
14 17 42
8 9 39
21 0 45
7 9 55
22 1 19
16 18 42
0 5 31
17 21 7
9 12 33
1 3 12
22 0 50
6 8 53
18 22 19
8 12 39
13 15 21
14 18 1
2 5 68
10 13 22
12 15 16
1 2 50
15 19 19
1 4 10
10 14 3
8 12 35
0 5 50
4 6 43
5 8 40
22 2 60
12 15 13
16 18 16
2 4 28
9 13 22
2 5 66
2 4 11
16 19 1
11 14 43
13 15 34
20 23 35
0 2 55
12 15 59
23 1 4
13 17 40
5 9 70
11 14 49
13 16 58
16 21 34
19 0 29
19 21 69
18 20 55
13 15 30
3 7 28
10 11 51
4 6 67
17 21 66
13 15 67
23 1 48
4 8 12
17 20 31
6 9 22
6 8 18
23 2 9
17 20 47
7 10 6
0 3 24
19 0 47
11 14 55
10 12 58
21 1 65
9 12 62
17 21 9
8 11 64
23 1 53
15 17 27
19 22 29
20 22 60
1 3 28
20 22 8
17 19 30
14 18 5
18 23 29
20 23 45
15 19 65
11 13 54
12 17 9
0 3 68
22 1 13
3 6 48
8 13 63
11 13 51
13 16 66
10 12 70
21 1 34
14 19 27
14 15 37
21 1 3
8 12 59
22 2 43
18 22 50
10 13 33
20 1 5
16 20 3
23 2 54
8 11 57
11 15 34
11 14 50
14 15 39
9 12 25
15 18 36
21 1 66
8 11 20
19 0 16
0 3 38
4 8 18
14 16 67
23 1 15
7 10 67
12 14 48
18 22 16
21 1 17
5 8 20
14 16 41
0 2 34
17 18 6
0 4 31
11 14 17
7 11 5
4 6 62
3 6 70
11 12 36
6 10 14
6 10 46
8 9 22
22 0 34
12 14 42
12 16 66
23 1 25
15 17 35
11 14 17
22 1 68
1 4 10
9 11 69
23 2 40
6 9 4
10 14 68
4 8 30
12 14 25
13 18 25
1 3 40
11 14 58
14 18 8
17 21 63
8 13 27
10 13 38
17 19 27
0 4 44
12 15 22
4 8 42
5 8 58
1 1 10
11 15 22
12 14 63
10 14 64
0 3 22
15 19 57
0 3 43
18 21 27
5 8 12
17 21 70
15 16 64
8 12 6
17 18 54
0 3 41
7 10 46
6 8 3
13 16 4
9 12 67
23 2 33
4 6 27
12 14 27
5 7 68
9 13 44
1 4 68
11 14 50
8 11 25
20 1 44
22 0 10
7 11 4
6 9 26
5 7 25
14 17 50
4 7 29
0 4 42
10 12 57
19 21 64
1 6 47
6 8 14
20 22 8
14 17 14
20 23 5
16 17 29
18 22 2
20 23 19
18 21 55
8 12 63
20 23 26
11 13 62
21 0 64
22 2 43
13 16 39
1 2 37
22 1 42
11 14 27
18 22 40
10 14 4
6 9 5
15 17 48
9 12 4
0 4 33
13 15 40
4 7 61
23 1 45
1 4 7
1 4 46
8 11 17
21 22 69
20 0 66
10 12 41
17 21 5
19 22 56
22 0 62
18 21 51
18 22 60
17 20 30
21 0 35
2 4 44
14 17 37
15 17 52
21 0 42
12 15 36
11 17 8
15 17 30
9 10 50
21 22 66
22 1 56
0 2 62
5 8 30
1 5 57
12 14 43
0 5 24
12 16 13
20 0 25
22 1 25
8 12 6
12 17 67
21 1 1
15 18 20
8 13 64
15 19 4
10 15 53
9 12 26
10 13 5
15 18 12
4 6 24
13 18 9
6 11 66
20 0 37
3 7 12
9 12 54
22 0 14
20 0 15
0 3 41
14 18 69
21 2 60
0 4 19
5 8 19
11 13 52
23 4 46
4 7 63
15 18 55
20 0 41
17 19 63
14 16 62
11 13 35
22 23 69
21 0 3
12 15 29
9 12 59
15 17 64
3 6 42
17 20 4
22 0 36
10 13 30
3 6 19
14 20 8
8 12 6
0 4 55
1 4 65
14 16 9
22 23 39
15 18 2
15 19 25
0 1 47
1 5 31
11 13 44
15 19 33
7 11 43
3 8 31
19 21 29
11 13 42
20 21 1
9 11 22
23 4 21
11 13 34
10 13 4
14 15 65
23 2 65
16 18 28
8 10 59
21 0 70
20 23 14
14 16 60
18 22 66
2 4 37
19 23 69
5 8 22
17 19 57
18 20 69
15 19 8
2 4 7
4 8 12
20 1 27
2 6 56
8 10 33
13 17 47
0 5 7
15 18 19
10 14 58
14 16 34
17 20 16
8 11 60
17 19 47
18 19 15
11 15 7
15 18 2
12 15 26
19 22 27
13 18 14
11 13 13
17 18 23
22 0 45
6 10 32
14 18 70
4 8 5
23 2 60
7 11 22
23 2 35
0 3 16
6 6 38
5 10 54
18 20 56
0 3 28
20 22 8
4 7 11
6 10 23
18 21 23
3 7 7
3 8 37
1 3 35
15 18 9
7 10 29
12 14 14
0 2 35
4 8 65
20 21 42
2 4 46
8 12 16
12 14 16
22 4 36
14 16 41
22 1 12
15 19 39
6 8 57
19 21 30
20 22 3
8 11 41
13 18 17
8 13 1
10 12 64
14 17 38
10 14 45
11 13 47
14 18 48
11 14 17
7 11 54
11 16 36
6 9 19
7 9 36
20 23 32
6 7 28
19 20 8
4 8 56
15 18 45
13 17 51
13 19 69
11 15 59
11 15 24
9 12 68
2 4 58
21 22 68
3 6 37
17 19 1
4 6 67
17 20 32
7 11 27
11 13 66
18 22 29
11 15 32
16 18 51
10 14 62
19 22 12
8 11 65
19 21 43
21 23 58
3 7 23
14 17 20
4 7 50
12 15 46
7 9 64
0 3 12
8 12 29
5 7 15
5 11 67
8 11 20
21 0 21
19 23 29
14 17 29
6 7 30
3 7 51
1 3 41
21 1 15
19 22 25
7 10 18
13 15 30
13 15 10
19 22 15
12 14 48
23 3 7
9 12 26
2 6 23
12 15 8
3 4 40
13 14 24
11 14 54
5 8 59
