1000 35
27 28 35 28 30 16 1 10 29 4 30 8 27 29 27 26 9 4 1 22 8 14 24 34 34 28 20 7 11 1 30 19 28 18 31 
21 0 31
3 6 34
7 9 3
17 19 22
21 0 21
13 17 5
5 10 22
12 15 19
21 1 31
12 14 14
1 4 13
16 17 26
1 3 24
8 9 9
13 16 14
21 1 8
11 15 23
5 7 10
11 12 19
13 17 16
7 11 8
5 7 10
21 0 4
22 1 32
12 17 30
13 15 26
22 1 30
8 10 17
8 12 23
20 23 16
16 19 1
15 18 14
17 20 5
12 14 19
14 17 5
6 9 33
18 20 34
14 17 20
4 7 28
0 4 19
9 12 14
0 2 20
13 16 21
14 16 25
2 5 19
23 3 26
10 12 2
19 22 29
3 7 33
18 22 29
0 3 7
6 9 31
23 2 25
1 3 8
10 13 1
13 16 24
8 11 23
2 5 11
20 23 13
23 2 11
14 18 1
5 9 33
6 10 4
3 6 33
11 13 7
13 15 3
9 11 30
18 20 23
0 4 11
15 18 6
16 19 25
0 3 24
21 1 24
12 15 19
12 13 31
23 3 16
15 19 28
19 22 9
2 4 31
4 7 24
21 1 1
23 2 5
4 7 3
5 8 12
18 21 21
6 10 3
9 12 15
12 16 12
0 4 5
23 2 2
6 9 11
16 20 6
6 8 7
18 22 33
2 6 34
18 20 12
13 16 3
5 7 33
18 21 25
22 1 10
0 3 33
2 4 29
4 7 24
9 12 25
15 19 31
7 10 6
3 6 26
17 21 6
6 9 32
11 15 12
11 13 23
8 9 17
23 3 6
8 13 34
8 12 4
16 20 19
11 13 10
1 3 2
17 20 29
6 9 6
13 17 8
13 15 28
22 0 7
10 13 31
12 15 30
9 13 13
16 19 11
7 10 22
23 3 16
13 16 31
7 10 35
13 15 20
11 13 17
3 5 11
5 8 10
2 4 4
8 11 7
23 2 32
11 13 31
9 13 12
11 13 11
5 9 12
9 11 17
7 10 32
10 12 24
2 3 13
7 11 17
2 6 30
10 14 11
20 0 5
22 2 15
0 1 27
15 19 19
11 15 17
11 13 17
2 6 25
5 8 16
23 1 8
23 2 34
21 23 12
22 0 29
13 17 8
14 17 29
23 2 32
21 23 1
6 9 13
19 21 18
8 11 32
7 11 2
0 3 1
13 17 9
20 0 19
2 4 7
1 3 16
19 22 7
6 8 17
22 2 25
23 2 20
20 22 27
5 7 11
9 13 22
5 9 33
0 3 9
13 16 34
12 15 13
15 18 7
14 17 24
12 14 34
17 22 26
10 13 1
15 20 9
13 16 4
14 18 11
20 0 35
6 9 20
0 3 17
15 16 34
15 18 25
3 7 34
18 21 7
20 23 1
18 21 19
14 18 10
7 10 19
12 16 31
13 14 15
13 18 6
19 22 27
8 12 33
9 11 12
12 14 23
0 3 26
1 3 25
15 19 24
11 15 21
7 11 4
17 19 17
4 7 13
19 0 34
13 13 16
19 23 35
14 15 28
19 21 4
3 6 1
23 2 18
12 15 7
20 1 6
7 11 5
13 17 1
1 3 5
16 20 17
9 11 17
3 7 27
0 4 15
9 11 5
1 7 21
0 3 7
21 1 26
14 16 7
7 11 10
22 0 10
10 15 30
1 6 4
6 9 16
17 19 23
5 8 9
2 6 35
16 18 32
2 7 15
8 11 19
17 20 20
14 16 31
14 18 3
7 11 1
5 9 3
10 14 24
4 7 4
6 9 7
19 20 15
16 19 21
9 12 5
1 5 4
19 21 35
21 23 6
18 19 3
17 19 1
2 5 14
1 5 7
12 14 5
3 7 3
16 19 24
1 5 6
12 15 31
1 3 32
13 15 2
1 2 33
2 3 33
20 21 32
17 18 26
14 18 8
16 18 12
13 15 33
20 0 31
11 15 5
17 20 6
19 23 19
16 21 15
5 8 33
7 13 31
15 17 32
20 23 20
19 22 24
6 10 25
4 8 6
8 12 35
5 7 29
5 9 30
0 4 25
15 18 28
20 0 35
1 5 4
16 19 12
21 2 29
20 23 31
2 6 8
14 17 27
5 6 13
13 16 9
2 4 27
12 14 1
18 20 2
9 12 35
12 15 16
6 10 5
14 17 16
1 5 24
20 21 14
2 4 25
5 8 18
13 16 30
1 5 20
19 23 32
19 22 25
7 11 5
18 20 32
11 13 4
13 15 9
1 5 25
15 18 3
2 5 18
11 14 34
15 18 15
7 11 26
4 6 9
17 21 31
12 15 5
0 3 2
8 11 23
1 4 30
6 9 27
0 1 13
5 8 26
10 13 26
19 22 10
7 11 31
7 9 26
5 8 31
7 9 10
6 10 23
12 17 32
12 15 22
15 20 31
4 7 30
10 14 12
3 6 8
7 10 16
14 17 20
6 10 1
13 15 18
9 11 34
21 1 23
16 19 14
8 13 2
2 5 16
20 0 14
5 7 9
9 12 11
17 19 8
9 13 15
12 17 31
10 13 6
18 21 29
19 23 1
14 16 26
14 19 25
10 13 27
5 8 6
16 19 24
15 18 9
14 15 19
6 9 32
12 14 34
4 5 24
2 5 8
1 5 5
15 17 11
14 15 3
2 6 26
18 22 26
19 23 35
1 5 23
13 18 8
3 6 30
15 19 25
1 6 28
19 22 7
20 0 19
11 15 10
22 0 28
15 19 15
7 9 9
23 1 9
4 7 3
11 15 30
9 13 7
17 21 10
16 20 1
16 20 28
4 7 15
5 9 28
23 3 19
21 21 22
23 2 34
20 22 2
23 3 24
1 5 20
23 2 9
23 2 24
0 4 9
5 7 23
22 3 32
8 12 17
16 18 4
19 1 26
16 19 15
16 20 16
14 18 12
3 8 8
15 18 1
15 19 10
14 16 27
5 7 3
3 5 23
23 2 15
19 0 31
18 19 35
5 10 33
16 19 27
16 19 31
22 3 1
16 20 31
18 21 27
17 19 23
0 2 21
9 12 16
3 6 28
16 20 35
22 0 17
4 5 27
16 18 21
21 1 1
3 5 28
10 13 18
15 16 9
20 1 4
14 18 19
17 19 24
12 15 28
11 12 19
23 3 6
5 6 17
11 14 21
10 13 21
5 7 32
17 21 21
8 11 25
13 17 3
10 11 1
7 10 18
14 17 33
13 17 35
23 2 10
4 6 30
15 17 33
6 9 27
8 10 2
10 13 24
20 22 5
13 17 16
7 10 5
13 16 13
23 2 7
6 11 23
16 19 4
22 0 19
16 19 32
15 17 25
4 6 10
16 18 25
14 16 2
23 1 20
2 4 1
15 19 16
12 13 24
15 17 14
0 2 11
3 6 9
12 17 14
19 22 35
2 4 6
12 15 25
12 16 11
0 4 8
7 10 22
20 0 10
1 4 13
21 23 4
18 22 2
21 1 25
12 15 24
21 1 3
22 23 1
22 1 7
14 17 24
12 14 7
19 0 5
18 20 9
21 1 18
23 2 8
21 23 15
10 13 17
19 22 27
6 9 9
6 8 32
18 21 11
18 21 7
8 12 34
23 1 9
21 1 8
21 23 7
23 2 33
11 13 34
17 21 9
17 21 7
10 12 33
0 3 11
1 4 9
1 4 12
3 4 34
18 21 16
22 23 4
10 13 13
12 15 9
18 23 9
9 12 34
20 23 24
3 7 18
20 21 25
6 7 9
20 0 30
14 17 5
10 13 19
23 1 19
6 9 6
12 15 28
0 3 9
10 14 18
7 9 6
22 0 22
12 16 3
23 2 9
13 17 26
1 7 3
23 3 31
16 21 11
20 21 19
3 5 27
21 0 17
17 18 7
9 12 2
2 4 26
13 15 17
13 15 26
8 10 30
3 6 17
23 0 8
20 23 19
10 13 17
7 9 29
6 9 11
9 12 10
8 13 3
1 4 12
11 14 6
21 1 16
22 1 17
3 7 33
0 5 3
13 16 18
22 0 7
1 2 24
13 17 26
0 2 20
19 22 23
2 5 20
22 2 15
6 9 14
2 6 12
18 23 8
6 8 14
16 20 23
11 13 10
16 20 5
16 20 22
16 19 15
5 10 30
13 16 21
23 4 24
2 6 15
13 17 14
13 18 24
11 12 34
9 10 24
19 0 27
7 10 30
11 14 11
5 8 31
12 14 22
3 5 26
0 3 5
8 11 2
2 5 27
21 0 3
18 20 10
23 2 31
6 8 19
21 0 13
19 22 4
0 2 28
23 1 30
14 17 28
14 18 1
13 15 29
21 22 5
2 4 5
10 12 21
19 22 28
5 9 1
18 22 19
16 19 31
22 0 27
14 17 11
9 12 31
8 9 2
17 20 18
17 20 2
1 3 23
9 10 24
21 0 4
4 7 22
21 2 22
22 1 11
10 12 11
15 18 14
14 16 9
13 15 28
11 14 12
14 17 22
14 17 28
12 15 19
15 19 13
7 10 34
6 10 10
9 12 29
11 15 32
4 7 23
0 4 26
3 6 7
0 4 4
19 22 3
10 12 5
12 15 5
12 15 20
17 23 9
19 23 5
23 0 10
12 15 15
4 8 5
10 12 33
22 0 5
19 21 32
11 12 16
4 7 7
19 23 29
4 8 16
18 20 17
18 20 13
4 9 31
8 10 7
11 11 23
17 21 35
0 4 11
11 14 2
0 3 17
16 19 28
23 1 2
9 12 6
17 21 20
3 4 30
6 6 28
19 22 32
1 4 16
11 15 4
15 18 12
7 9 15
19 23 28
1 4 1
20 21 35
16 20 11
22 3 15
21 0 20
2 6 35
15 19 13
22 2 11
23 1 19
11 12 23
2 5 11
8 11 10
20 23 21
22 0 31
3 6 29
16 18 16
4 9 3
18 20 18
6 10 10
14 17 32
11 13 13
19 20 7
9 13 35
0 2 15
6 7 30
14 16 4
20 21 27
10 13 20
11 15 23
0 4 33
18 22 34
23 0 29
18 21 23
3 5 14
4 8 1
15 17 10
13 17 2
0 1 27
19 21 23
22 1 7
13 16 22
1 5 26
10 9 22
13 15 26
16 17 5
22 1 15
7 12 27
0 5 32
14 17 31
6 9 24
4 6 21
21 22 30
9 12 2
1 4 23
14 16 35
9 11 34
13 16 35
2 7 10
7 9 17
15 18 30
16 20 3
15 19 21
15 20 17
23 1 15
10 14 28
3 8 34
11 13 29
20 0 31
21 22 22
16 19 11
1 4 29
6 9 30
7 9 2
1 2 20
18 21 2
2 6 4
2 6 33
1 5 29
18 20 28
5 9 11
23 1 16
20 22 23
6 9 16
4 8 1
5 8 24
23 3 25
12 16 1
22 0 23
10 14 33
17 19 28
9 12 16
0 3 32
20 0 17
2 6 7
15 17 35
15 18 1
6 8 21
21 1 16
21 23 18
20 0 12
22 2 25
1 4 32
12 15 6
1 4 27
5 7 6
15 17 12
17 21 7
18 22 17
7 9 30
1 5 17
9 11 11
12 15 2
13 18 32
9 12 25
2 6 17
23 1 2
23 3 25
3 7 10
20 22 5
12 17 3
5 7 7
19 20 3
12 16 3
1 5 25
12 15 21
2 3 17
23 1 30
2 5 20
9 12 33
6 8 10
1 4 10
11 14 25
7 10 15
13 15 32
2 6 22
8 9 17
8 11 10
3 7 24
21 0 16
13 16 33
2 7 22
10 12 8
15 17 13
3 6 9
3 7 16
15 19 9
0 3 33
10 12 5
11 15 27
12 14 22
15 20 34
6 10 14
10 12 17
5 11 19
2 6 4
4 9 1
18 21 6
2 4 13
16 20 31
21 1 33
14 18 14
6 10 21
6 9 27
15 21 2
3 6 9
19 22 1
19 22 7
12 16 34
13 18 19
6 10 6
21 0 12
18 23 16
8 12 5
11 14 35
9 13 10
18 20 4
2 6 5
2 6 27
9 12 21
0 3 6
4 6 33
14 15 15
1 5 23
13 17 34
23 3 29
2 5 5
6 8 7
20 23 17
5 6 32
6 10 17
5 9 1
18 22 8
9 12 2
14 16 32
17 20 17
20 23 29
2 4 25
4 7 26
11 13 13
8 10 30
21 0 24
13 17 6
0 2 8
20 21 1
1 3 2
17 21 32
15 18 18
12 16 17
9 13 1
22 2 5
21 1 9
1 4 22
3 6 10
5 8 3
22 1 15
12 16 20
10 14 33
6 8 19
14 19 8
7 11 28
1 5 8
1 4 21
12 15 34
17 19 5
0 2 20
2 4 30
15 18 19
1 3 13
6 9 2
14 15 25
10 13 12
8 10 33
20 0 6
0 2 26
22 2 26
20 23 12
18 21 24
8 11 24
21 0 19
18 21 30
6 9 34
20 23 14
22 1 14
9 12 3
19 21 9
6 9 1
20 23 8
7 11 6
22 1 24
16 20 12
19 23 3
19 23 35
2 4 3
6 10 12
0 3 17
18 21 21
0 4 17
2 6 22
10 14 35
18 19 21
13 16 11
3 7 21
4 6 1
17 21 33
9 13 9
8 13 19
8 11 15
14 17 4
15 19 11
10 14 20
22 3 1
15 18 11
14 16 19
8 11 2
5 6 6
9 9 33
5 6 34
21 23 33
7 10 5
3 5 35
5 6 8
3 8 30
9 15 29
14 16 12
14 18 31
17 21 7
10 13 12
0 4 7
10 13 13
5 8 2
19 21 20
6 9 6
16 17 15
5 9 31
