1000 33
12 15 16 12 3 24 11 4 25 29 25 19 2 31 2 28 28 7 13 16 1 25 2 28 17 27 25 3 29 21 27 15 27 
16 19 26
19 21 18
1 5 1
23 2 15
15 19 20
3 5 20
1 3 11
17 22 10
4 7 7
12 16 17
22 0 18
18 21 22
5 9 33
11 12 1
7 13 26
16 20 7
5 6 31
6 7 19
2 4 3
3 6 9
18 19 7
7 10 3
19 22 31
15 17 7
11 13 1
20 1 30
14 15 32
23 4 12
16 18 33
18 20 33
17 21 24
6 10 13
17 21 17
1 4 31
11 13 20
1 3 5
13 16 7
21 0 14
6 10 23
4 7 33
18 21 26
15 17 26
5 8 30
14 17 6
7 10 31
4 8 16
20 22 33
21 23 25
17 18 11
22 0 4
22 2 13
4 8 10
20 22 10
0 3 30
13 15 20
18 20 13
15 18 16
23 3 27
3 5 23
23 1 30
10 14 26
5 9 20
9 13 18
17 20 32
12 15 22
7 10 4
3 5 28
18 20 8
12 14 29
13 15 11
12 16 5
14 17 32
3 7 30
11 13 17
0 4 23
11 16 29
6 9 5
20 23 26
23 2 33
12 16 3
14 18 33
5 10 25
2 5 4
20 0 9
17 22 26
15 19 20
7 10 22
22 2 2
19 22 9
5 7 16
23 1 29
16 19 11
13 15 12
10 12 27
10 13 18
17 21 23
21 0 4
8 9 6
0 2 24
18 21 18
17 18 22
2 4 25
4 6 17
11 15 29
19 0 26
20 22 21
13 16 27
9 14 10
4 8 33
20 1 11
23 2 24
8 11 14
16 19 25
18 21 14
15 20 5
7 9 6
18 23 18
22 0 23
6 10 33
12 16 12
12 14 26
10 14 21
5 8 15
6 8 3
20 0 17
9 13 13
10 14 5
13 15 29
13 16 21
2 5 12
23 1 26
6 10 33
1 7 27
5 8 16
17 21 18
17 20 2
11 15 2
21 1 3
23 2 16
11 14 15
6 9 19
3 6 16
11 14 31
12 13 2
21 0 13
15 18 23
8 11 19
3 8 16
10 14 15
4 6 8
17 21 24
2 5 22
23 1 29
22 1 5
2 6 28
23 2 8
0 3 12
21 2 32
20 0 23
5 9 16
5 8 20
21 1 23
13 15 12
7 11 30
16 20 30
8 12 31
15 19 20
10 13 14
21 1 24
10 13 28
8 13 27
22 1 30
22 2 19
23 3 31
5 7 30
4 8 13
10 13 21
4 7 11
16 19 15
7 10 14
6 8 9
3 5 23
6 10 17
0 4 23
8 9 20
14 17 18
5 9 26
9 14 6
20 21 6
8 12 23
5 7 27
3 7 8
20 23 18
17 19 16
11 13 10
15 17 11
1 3 30
19 23 4
0 -1 23
12 15 17
21 2 22
3 6 13
12 15 12
12 15 27
20 23 20
23 1 16
14 18 19
1 4 28
16 18 19
0 3 10
7 10 14
2 4 31
10 15 18
23 3 26
16 17 33
15 17 23
3 7 2
17 19 8
13 16 17
22 0 31
15 18 31
6 9 2
7 9 14
13 15 33
14 18 17
13 15 27
16 18 15
4 6 29
20 23 3
21 23 31
4 6 30
20 0 27
19 23 27
6 9 21
19 21 24
22 1 9
8 11 26
11 13 29
12 15 33
6 9 13
6 8 3
10 13 27
6 9 3
5 6 25
20 0 14
7 10 13
15 17 28
23 4 9
10 13 19
6 8 1
2 5 1
17 21 5
6 8 16
13 15 2
23 2 13
19 20 3
13 15 31
7 10 14
4 6 17
4 7 2
1 5 25
8 10 11
16 17 9
17 20 22
10 14 26
23 1 23
3 6 4
21 1 14
18 22 17
21 0 21
23 2 11
3 7 32
6 9 30
12 16 15
6 9 4
22 1 8
2 5 21
4 6 6
4 8 25
1 4 26
6 9 2
2 5 8
7 9 15
20 23 16
1 4 29
3 6 12
6 10 28
19 21 33
17 20 3
0 3 25
13 18 22
21 0 31
6 9 17
19 23 1
2 5 7
0 5 33
2 5 27
5 7 20
10 12 16
20 0 10
14 17 22
9 11 1
3 6 23
5 9 24
13 18 21
9 11 32
18 19 22
10 15 32
10 13 2
22 3 18
17 20 26
12 14 20
10 13 30
22 3 23
11 14 8
8 11 28
2 6 33
7 10 20
15 18 2
20 23 32
8 10 4
20 22 15
17 19 26
7 10 20
11 12 30
1 3 15
14 16 2
19 21 10
13 16 24
15 18 6
19 21 29
14 18 33
8 10 24
18 21 28
17 20 5
15 19 31
13 16 13
18 20 10
20 22 1
9 11 3
0 4 10
12 15 31
15 18 24
8 10 22
13 17 33
0 4 9
11 12 16
8 10 25
14 18 31
8 11 10
19 22 15
21 1 13
6 9 11
1 2 14
12 14 15
9 13 22
14 17 3
14 18 13
9 11 32
19 21 6
15 19 7
13 16 28
20 22 27
20 23 3
10 13 27
0 2 10
15 18 20
0 2 28
13 17 11
17 20 17
1 2 22
11 15 13
16 18 17
10 14 10
19 23 1
9 14 5
11 15 6
18 21 6
12 16 3
16 18 14
21 23 2
20 23 21
21 2 5
1 5 6
16 18 26
23 0 16
17 22 27
21 1 17
10 12 7
9 12 30
6 10 2
8 11 10
22 1 7
5 9 16
18 22 26
21 0 15
14 16 12
17 20 32
15 19 3
11 16 5
6 9 23
7 11 32
6 9 27
18 21 5
8 11 22
5 8 4
13 15 33
17 19 20
6 11 19
15 19 2
19 22 18
13 15 14
22 23 26
23 1 10
15 18 18
1 5 5
21 1 26
17 21 12
2 6 2
18 19 10
9 11 31
2 3 2
18 23 20
13 14 23
23 2 24
1 4 33
17 20 11
2 5 10
10 12 11
1 5 2
5 6 16
17 20 33
0 2 22
4 7 21
17 19 18
6 9 31
3 6 21
10 12 33
10 13 33
2 6 12
14 17 12
20 23 17
21 0 22
15 18 3
13 17 14
4 7 12
13 17 19
15 17 24
17 19 6
22 0 2
13 17 21
16 20 21
15 18 31
11 13 30
7 8 4
17 20 25
12 17 20
14 18 20
7 10 21
0 4 22
1 5 20
13 16 21
16 19 7
7 11 3
0 3 21
20 21 26
18 21 11
3 6 22
0 3 9
18 20 24
2 4 29
15 18 3
6 9 21
10 13 20
23 0 1
7 10 20
0 3 5
23 1 13
4 7 3
0 4 22
20 23 23
13 17 25
9 13 9
22 1 11
8 10 25
2 5 21
7 10 9
0 4 3
21 0 11
20 0 3
18 23 20
0 2 28
19 21 17
10 12 10
20 23 7
18 21 6
13 17 15
10 13 9
13 16 31
8 10 1
23 3 11
10 14 4
16 19 12
16 20 21
6 10 17
0 3 29
14 16 14
17 20 26
7 10 15
23 0 4
16 17 5
3 5 28
1 4 1
4 5 5
4 7 18
1 4 22
3 6 26
5 10 20
16 20 19
19 22 26
20 22 22
13 15 27
3 7 23
4 7 10
7 9 9
8 10 5
22 2 30
12 15 25
0 3 23
0 3 33
5 7 5
2 5 22
9 13 25
10 14 15
9 12 4
15 16 23
18 21 20
8 11 30
7 11 21
7 10 11
5 7 24
4 6 2
19 20 23
11 15 22
21 0 5
16 18 4
12 15 19
12 16 26
18 21 8
21 2 28
17 20 2
4 8 7
16 18 31
0 3 19
2 5 5
18 20 25
21 23 3
3 7 5
4 6 11
14 18 8
19 0 32
13 16 31
7 11 5
21 0 2
14 17 12
7 11 11
19 22 12
19 23 29
22 0 19
20 23 17
19 0 29
22 1 1
19 21 23
8 10 15
13 18 6
2 6 30
9 11 25
19 20 8
9 11 3
13 15 1
6 9 32
11 15 1
1 4 28
10 14 16
15 18 28
0 2 22
15 18 28
13 14 22
14 17 2
23 1 19
23 0 20
17 18 2
7 10 1
4 6 20
5 8 25
3 7 33
7 10 22
10 12 21
17 21 17
14 18 24
19 22 11
17 19 8
2 4 18
8 12 10
1 4 8
17 20 10
2 5 24
21 23 2
20 22 14
1 5 20
13 16 18
5 7 23
13 16 5
11 14 20
20 22 22
4 7 24
20 22 7
23 2 31
22 2 1
0 4 17
4 7 31
0 4 22
20 0 31
11 14 13
16 18 6
17 19 33
12 16 33
19 21 26
19 22 18
16 18 20
19 21 25
4 9 31
16 19 9
9 11 22
19 22 16
4 7 20
19 22 1
8 11 30
2 5 8
19 21 12
5 9 6
1 3 6
3 7 29
23 4 32
12 15 23
18 22 7
6 9 32
21 1 24
16 19 26
2 4 31
5 7 16
16 19 4
8 12 12
7 11 22
10 12 26
10 14 16
12 16 11
17 18 17
18 18 26
3 7 20
6 12 3
1 4 9
2 7 11
16 20 5
18 22 30
6 10 17
19 22 26
9 13 15
14 16 4
3 4 22
17 20 12
23 1 18
6 8 6
12 14 33
12 13 20
23 2 25
8 10 16
23 3 8
14 16 3
22 1 9
9 11 3
13 14 1
15 19 1
3 5 32
20 0 32
12 15 2
6 8 25
15 17 27
9 12 1
7 11 9
20 0 25
3 7 12
17 20 15
9 11 9
11 15 12
6 8 17
6 10 20
18 21 14
2 6 32
9 12 32
17 22 32
0 2 16
5 9 2
20 23 10
16 19 23
11 14 2
23 3 2
2 3 9
0 3 24
1 3 9
2 5 19
4 7 27
18 22 5
0 3 25
12 14 3
3 5 29
0 3 15
16 19 5
10 15 27
12 16 15
4 8 27
11 13 15
12 15 22
19 22 29
6 9 30
1 5 31
10 13 18
17 20 31
7 11 7
9 13 26
16 19 23
13 18 28
6 9 15
2 3 32
20 23 33
11 14 11
9 12 32
2 4 31
22 2 17
5 8 30
22 0 26
4 8 9
17 20 25
20 23 14
13 18 2
16 21 19
2 4 13
12 14 32
21 0 3
23 2 26
15 18 12
19 22 8
10 15 5
0 3 10
10 14 33
1 3 22
5 9 18
14 17 26
17 20 4
7 10 1
0 3 19
14 17 28
9 12 3
2 6 16
0 2 24
8 10 11
8 9 32
9 12 24
14 17 20
14 18 11
15 17 26
11 15 29
5 7 24
21 1 25
15 19 9
5 8 25
13 17 19
0 5 11
13 17 20
12 15 10
10 14 8
5 9 20
9 12 3
11 15 6
2 6 33
0 2 32
3 5 25
20 0 23
7 10 23
11 14 19
15 19 19
10 13 10
11 12 30
4 8 8
22 2 13
8 11 3
0 4 3
6 10 31
3 8 2
12 14 5
2 3 31
9 12 24
22 1 4
2 5 9
7 10 29
10 14 19
8 11 26
4 7 8
10 11 13
15 20 25
16 17 31
15 18 5
2 5 29
19 0 28
3 7 22
6 9 11
3 6 30
12 15 33
18 20 32
18 23 3
5 8 32
13 18 12
7 10 15
16 19 16
10 14 7
8 10 23
13 15 32
17 19 8
7 10 12
8 10 25
20 22 29
10 13 15
1 5 17
2 5 1
0 2 26
9 12 31
9 12 17
10 13 21
19 21 16
23 2 1
4 7 11
3 5 7
6 8 11
14 17 16
12 16 14
8 11 18
9 14 16
17 19 17
11 13 6
21 0 8
22 0 15
0 3 33
9 12 27
7 8 28
10 14 3
18 20 10
1 4 26
6 9 20
8 12 1
9 12 4
21 1 25
14 17 30
6 8 27
18 21 32
23 2 3
4 7 13
23 1 25
0 6 13
20 21 8
9 11 11
19 22 18
23 1 23
7 9 17
17 22 14
0 4 25
18 22 9
1 5 7
4 7 23
17 21 5
23 2 11
13 16 16
3 5 3
13 17 8
20 23 2
2 6 29
12 15 23
0 3 17
22 0 32
16 19 7
14 18 9
18 23 33
10 13 9
4 5 4
22 1 4
17 20 6
5 8 14
17 20 10
7 10 11
20 0 26
23 4 30
14 16 16
3 4 8
8 12 29
19 22 8
13 16 32
17 20 33
20 0 27
21 0 19
11 14 9
2 6 12
10 13 2
7 9 4
0 1 26
19 22 25
10 15 19
16 19 6
6 9 10
8 11 16
1 4 14
19 22 13
8 11 21
14 17 24
12 17 1
10 13 10
21 0 32
19 21 12
9 10 12
13 15 7
16 19 1
21 23 24
14 15 27
5 6 28
19 23 24
18 21 20
8 10 20
10 14 14
13 16 31
20 23 1
6 8 15
1 4 10
15 19 1
1 3 27
13 17 1
9 12 14
20 0 27
17 20 18
14 17 22
22 0 10
4 7 26
9 11 27
6 9 12
13 17 11
4 6 15
6 8 8
15 19 18
17 20 6
1 6 5
21 1 30
6 9 26
0 3 28
23 1 5
8 9 19
1 3 19
7 12 32
7 10 21
6 7 28
0 3 31
5 9 18
6 10 7
12 17 25
8 11 25
15 19 13
23 1 7
10 13 31
22 1 5
9 11 11
10 12 4
4 7 15
10 13 21
10 13 30
2 6 6
15 19 28
12 15 20
1 4 2
19 22 23
15 19 27
1 4 30
3 7 10
19 22 10
9 13 25
8 10 17
16 20 11
21 0 31
18 21 6
11 14 21
16 19 4
8 10 21
19 0 26
6 9 14
21 1 8
