1000 32
23 8 24 28 30 25 17 28 27 22 2 25 31 30 22 12 11 6 12 24 30 12 29 14 6 7 10 21 10 16 10 6 
12 16 19
6 8 32
23 1 21
15 19 32
9 11 2
10 13 23
19 22 15
13 16 6
12 15 15
12 15 4
2 5 31
14 16 12
19 22 27
10 14 24
1 3 27
0 4 7
17 19 1
2 4 14
16 21 19
22 2 8
18 22 3
10 14 19
16 18 15
1 3 11
0 5 11
18 21 14
2 6 3
17 19 13
16 19 20
17 19 26
8 11 27
11 14 19
9 11 27
18 20 31
23 3 21
6 9 10
4 7 5
6 10 5
12 14 3
14 17 27
9 13 8
3 4 32
5 7 24
13 16 14
16 20 24
13 16 11
21 23 5
6 11 2
23 3 20
4 8 23
10 12 26
12 15 7
0 2 25
7 11 13
2 6 13
13 16 6
20 0 30
15 19 28
8 13 10
7 11 23
14 16 18
22 2 5
15 19 28
15 16 8
4 8 27
16 18 29
16 20 26
15 17 23
11 13 16
2 6 11
5 9 20
7 10 5
1 2 22
1 5 1
15 18 4
8 10 17
12 12 9
13 15 22
9 12 15
18 20 29
14 15 32
18 20 22
5 9 21
1 3 10
2 5 20
0 3 32
21 23 2
1 4 3
3 5 4
18 22 15
10 14 29
21 0 26
19 21 1
10 13 26
22 0 17
20 22 23
8 12 32
18 23 6
6 9 2
1 3 2
20 0 23
2 5 13
22 1 1
22 0 11
7 12 22
11 12 14
3 4 6
23 1 6
5 10 22
22 0 14
18 20 26
14 18 12
3 7 17
23 1 27
0 3 12
21 2 3
14 19 25
1 5 2
11 14 24
8 10 16
19 23 6
4 7 18
13 16 4
2 6 3
12 15 14
19 22 6
2 4 30
2 5 23
4 7 18
3 6 22
4 6 30
14 18 16
19 22 6
12 16 17
22 1 27
15 16 10
8 11 32
4 8 25
22 23 1
19 23 4
8 11 11
15 18 21
19 23 32
9 14 24
23 3 12
4 7 32
16 18 15
10 12 21
13 17 5
1 2 19
8 9 29
19 22 28
4 6 20
7 10 1
16 19 25
19 23 28
1 2 19
23 1 5
19 22 20
8 12 7
6 10 25
15 18 31
16 21 22
17 20 8
0 4 8
3 7 13
7 10 4
23 3 23
11 15 26
20 0 7
5 8 20
12 17 6
22 23 2
7 9 26
17 20 2
2 6 26
4 7 20
19 23 19
4 8 11
16 19 3
4 8 30
1 4 31
13 15 28
10 11 10
9 13 27
23 1 26
10 13 15
16 19 29
11 14 25
11 13 1
5 8 8
19 21 1
8 13 18
5 10 29
8 11 24
8 13 30
17 20 16
10 14 4
2 4 16
11 16 6
9 14 31
7 9 1
7 10 23
12 13 15
14 16 32
17 19 15
0 4 32
21 0 20
23 2 6
4 6 19
16 19 21
5 7 21
22 1 21
23 3 18
3 7 2
21 0 9
23 3 6
10 13 24
2 3 5
3 6 22
12 14 6
21 22 12
6 9 7
23 2 17
13 17 20
0 4 13
22 0 23
16 17 8
4 9 18
5 9 11
9 12 8
4 7 22
22 1 27
8 11 17
22 1 10
5 8 17
12 16 30
18 21 4
5 7 11
19 23 32
13 14 8
0 3 24
17 20 26
5 8 29
1 7 4
21 0 32
17 20 31
16 17 18
2 5 18
2 4 29
4 8 28
3 6 23
9 13 2
19 22 16
2 6 1
13 13 11
4 5 25
19 22 2
6 9 28
14 18 23
1 2 23
21 0 11
2 7 27
12 17 18
14 16 27
17 22 16
16 18 6
2 7 10
12 14 11
3 6 31
5 7 28
13 15 32
13 17 13
8 12 25
12 15 4
19 22 8
0 3 28
12 16 7
6 10 22
16 20 5
12 16 14
4 6 14
16 19 18
19 22 15
14 19 21
4 8 5
16 19 25
19 22 3
2 6 14
21 1 15
23 2 20
8 10 8
1 4 6
6 8 31
17 21 9
5 8 27
12 17 17
23 3 6
16 20 23
12 15 16
23 0 2
3 5 11
21 23 12
3 6 19
14 17 10
2 6 28
23 3 14
11 15 13
23 4 24
4 4 24
7 9 31
15 18 3
16 20 29
16 16 27
23 1 4
1 4 14
10 13 21
17 19 8
1 3 32
8 11 14
11 12 22
13 18 19
16 21 13
2 4 29
7 11 14
0 3 28
16 20 19
7 11 26
21 1 11
17 21 9
15 18 13
5 7 30
8 11 3
7 10 27
1 4 5
13 17 28
20 22 20
22 0 14
0 4 14
5 7 12
21 22 19
1 4 3
0 3 6
11 14 15
13 15 27
20 23 17
2 3 10
12 14 16
22 2 14
16 17 29
9 13 30
15 16 11
19 23 27
8 12 29
8 12 20
13 15 7
4 9 2
2 5 9
10 15 24
7 11 12
0 4 26
4 6 25
19 22 25
17 19 12
0 3 11
11 13 23
13 16 24
16 19 5
14 16 5
0 1 20
1 4 6
5 8 10
6 9 31
2 5 12
0 3 8
7 10 18
15 19 14
16 19 13
11 14 10
2 3 29
7 10 18
18 22 19
23 3 4
2 5 14
18 21 11
12 15 24
8 10 5
2 5 27
21 0 15
21 0 12
23 2 16
6 8 14
11 14 19
18 21 1
0 2 24
1 3 12
15 18 15
0 2 21
9 13 24
4 7 23
16 19 23
19 23 29
12 17 27
19 22 18
12 15 14
13 16 9
12 15 1
19 20 2
13 18 27
0 1 1
4 6 16
19 22 4
6 9 13
22 1 14
21 21 30
9 12 26
17 21 24
11 13 3
18 21 16
20 0 3
12 14 20
8 11 28
16 19 28
11 14 5
7 9 3
10 12 14
8 11 16
1 4 31
4 6 14
10 13 19
23 1 3
0 3 28
14 16 17
19 22 22
2 4 15
18 21 9
2 4 10
9 11 25
4 7 3
0 3 15
15 18 31
14 18 27
3 5 29
2 3 20
10 13 14
23 2 28
10 13 30
4 7 4
18 23 4
5 8 4
17 22 9
9 13 28
13 18 18
7 11 16
14 18 12
16 20 8
12 14 14
14 17 10
5 6 27
2 4 28
1 5 30
11 12 31
2 5 3
17 22 29
7 10 16
4 7 6
2 5 23
17 20 29
3 6 19
17 20 32
18 20 28
23 2 3
11 13 25
6 10 19
8 10 10
3 7 19
0 3 21
2 5 2
9 12 24
4 7 7
4 7 24
19 22 11
7 10 19
22 0 16
14 16 5
7 9 6
23 2 15
3 6 8
11 15 22
17 20 32
11 13 4
23 4 28
6 10 28
17 18 19
4 8 27
18 20 8
5 9 5
5 8 27
4 8 24
6 7 11
19 22 3
17 20 9
10 13 5
6 9 2
8 11 1
14 17 21
7 10 30
4 7 16
6 10 11
11 14 12
4 8 8
10 14 9
8 10 9
11 14 31
0 4 4
21 23 12
12 15 6
11 13 19
6 9 5
16 19 21
17 19 21
4 7 26
21 23 13
12 16 32
14 14 30
1 2 23
9 12 6
0 3 20
4 5 9
12 16 8
22 0 16
1 6 11
4 7 5
3 7 9
16 18 32
8 12 16
18 21 16
9 12 15
3 5 30
20 0 8
20 23 18
6 10 22
22 3 19
5 8 21
18 21 2
12 15 6
17 21 26
8 11 31
10 14 13
11 14 16
12 14 23
11 14 8
11 14 28
3 6 13
19 22 29
8 11 5
0 5 28
4 6 12
18 21 4
17 21 10
8 12 11
18 21 29
13 16 11
14 17 17
10 13 23
12 17 19
5 8 14
2 6 8
15 18 2
11 14 25
19 21 19
2 4 31
9 12 8
6 11 32
7 11 14
22 1 1
2 6 32
9 12 15
6 8 17
3 6 18
15 17 20
17 19 23
23 3 14
11 14 13
16 19 29
0 3 6
19 22 9
20 0 4
3 7 8
8 14 1
11 14 5
18 22 22
20 23 6
21 21 15
22 1 4
19 22 9
18 21 7
16 21 10
21 1 32
13 16 30
14 17 5
15 19 11
22 1 19
16 18 10
8 12 18
13 16 19
6 10 3
14 17 4
22 3 4
11 13 7
13 16 22
14 18 23
4 8 31
5 9 14
22 1 20
9 11 18
17 19 9
11 14 7
17 20 27
22 2 3
11 13 9
0 3 14
22 1 5
10 13 11
20 22 27
4 6 12
13 15 10
17 22 12
22 1 1
18 22 23
7 8 6
11 15 25
22 2 32
14 16 21
18 21 30
21 0 25
15 17 23
16 19 6
15 16 11
16 20 13
20 0 16
5 8 26
3 5 32
19 23 9
20 23 14
10 12 8
15 17 12
10 13 25
21 0 16
15 17 2
6 9 6
13 15 7
10 12 30
2 5 4
20 0 6
7 8 6
19 20 8
2 5 3
23 2 10
18 21 32
13 16 29
8 10 30
0 3 15
21 22 26
10 13 14
14 17 18
11 14 9
14 16 31
20 0 26
14 17 28
17 19 22
12 17 26
17 20 29
9 12 32
22 2 32
17 20 27
23 2 13
9 13 5
0 3 2
1 3 7
8 11 25
23 2 25
18 21 4
7 9 31
21 0 25
12 16 22
9 11 24
11 15 9
23 2 21
7 12 32
3 5 25
3 9 24
6 9 22
23 1 14
23 23 32
4 8 3
20 1 24
12 16 6
17 19 1
5 8 1
17 19 25
20 22 5
4 7 15
23 3 28
7 9 22
22 2 31
22 0 10
17 19 20
6 9 20
14 18 10
5 7 10
17 19 17
20 22 1
10 13 7
7 10 14
17 21 3
14 18 27
4 7 26
16 20 3
20 0 21
12 15 15
3 4 3
12 13 4
17 22 17
9 12 32
11 15 25
18 19 15
9 12 30
2 5 27
12 15 7
1 3 9
10 12 19
20 23 6
14 19 3
21 22 7
18 22 11
10 13 4
6 11 11
13 18 22
17 20 28
10 13 23
8 10 14
7 8 24
19 0 10
16 19 14
3 6 26
0 3 21
10 13 1
9 13 25
18 20 24
9 11 17
7 8 31
4 7 1
4 6 26
1 5 18
0 1 24
3 6 24
9 12 2
18 20 14
7 10 9
12 16 1
5 9 27
14 17 12
10 13 26
6 10 3
22 1 11
2 6 20
9 11 4
19 22 4
19 22 5
4 8 31
15 19 32
2 5 22
2 6 30
5 9 14
6 9 24
6 7 12
11 14 5
18 19 29
16 17 8
9 13 12
18 22 31
12 17 26
18 23 7
6 10 26
6 12 6
19 23 9
14 17 25
6 10 9
11 15 28
15 19 15
17 21 9
13 16 29
23 0 21
5 7 20
4 7 20
22 1 5
10 12 3
8 11 11
1 5 18
23 2 8
18 21 2
17 19 10
14 17 28
19 22 20
9 12 7
7 10 6
20 22 12
14 18 23
17 19 22
12 15 9
7 9 12
9 11 12
8 11 3
17 21 4
4 7 11
23 4 21
12 15 12
20 23 8
22 0 5
22 1 2
23 2 28
10 15 12
23 3 30
8 10 2
4 7 19
14 16 16
18 20 27
9 11 7
7 9 11
16 19 12
17 19 8
9 12 6
15 18 19
19 22 12
22 0 7
1 4 16
23 3 30
3 6 24
18 22 7
22 0 12
12 15 16
19 23 26
19 21 19
19 22 12
16 18 8
14 16 14
15 21 13
10 15 31
21 23 24
9 12 26
18 21 19
21 0 21
21 23 20
16 19 23
16 18 2
8 11 13
16 19 22
7 11 1
2 4 7
7 11 4
20 22 8
4 7 4
13 16 30
14 17 22
6 8 15
1 6 26
10 14 4
0 3 6
18 20 5
16 19 30
14 18 24
20 23 11
7 9 27
3 8 26
11 14 13
11 15 18
9 12 3
1 4 32
13 16 9
22 1 19
1 4 5
8 10 12
22 2 24
21 23 31
6 9 22
17 21 20
5 9 21
0 3 8
9 11 16
14 18 30
18 20 23
19 22 26
12 16 28
4 7 20
6 9 5
15 18 15
19 22 5
16 19 26
19 23 27
6 9 10
21 0 17
4 5 25
19 22 27
8 10 31
23 3 22
10 11 7
4 8 18
2 6 10
8 11 23
4 6 24
18 22 18
0 3 14
12 14 31
1 5 23
15 15 4
20 23 21
19 22 8
8 11 13
21 23 27
19 21 8
18 20 19
15 20 15
10 15 14
22 2 16
3 5 10
17 19 7
15 16 20
3 6 18
20 22 12
2 5 8
4 7 27
5 10 8
5 7 30
22 1 3
2 5 23
12 14 3
19 23 23
6 11 13
11 12 27
21 0 23
2 5 14
11 13 13
23 2 21
6 8 19
9 13 19
8 11 29
6 9 10
9 12 32
14 17 21
0 2 12
8 12 28
18 22 7
1 6 3
23 1 18
13 17 1
10 14 1
12 15 11
0 4 27
10 12 13
10 12 4
21 1 17
2 5 24
13 15 13
9 13 9
7 9 10
5 8 19
20 23 7
2 5 32
20 22 5
5 6 22
2 7 10
9 11 30
15 17 4
3 5 30
19 22 21
6 9 19
2 6 24
0 3 14
12 13 28
15 19 27
12 18 10
8 11 29
19 21 24
9 12 27
13 15 27
13 15 3
18 21 23
6 10 24
12 13 8
22 1 18
8 11 4
1 5 23
20 21 4
0 4 17
15 20 14
4 7 22
10 14 18
20 23 15
13 16 8
