1000 22
16 20 13 15 2 12 11 8 12 17 9 6 16 1 12 5 1 7 2 15 8 4 
12 17 22
7 9 16
17 22 8
18 22 7
22 2 6
12 14 16
16 19 2
7 11 20
7 11 9
0 3 11
1 4 6
0 4 22
23 2 22
12 14 1
5 9 5
13 16 15
9 13 18
20 23 15
12 14 14
5 7 5
17 21 11
4 7 12
18 21 10
20 23 10
21 23 21
21 0 19
15 19 3
22 0 21
23 1 18
21 0 13
20 22 15
18 21 1
17 19 21
0 3 9
3 6 12
12 16 10
13 15 1
14 18 13
19 21 15
12 13 4
6 8 1
1 4 3
0 3 14
21 23 3
12 14 21
8 12 2
4 7 11
13 17 7
14 17 5
7 8 19
9 13 18
23 2 7
4 7 20
11 14 2
20 23 8
13 14 3
20 0 18
21 1 13
3 6 13
13 16 15
0 4 13
21 2 13
0 5 14
8 10 11
17 19 3
18 20 1
23 2 16
6 8 16
5 9 8
17 19 3
4 8 17
8 11 16
14 16 8
19 22 5
10 15 9
7 10 1
0 4 18
20 21 2
8 10 4
20 21 1
12 15 13
5 7 9
10 12 10
10 13 7
10 12 13
7 12 5
20 23 12
4 7 13
5 7 2
10 13 10
12 14 11
2 5 15
23 2 22
4 6 14
21 23 19
1 6 9
14 16 13
13 14 12
22 1 9
4 8 17
20 1 2
8 10 1
3 7 1
14 18 3
6 8 17
15 18 19
17 19 7
22 1 15
9 13 1
21 22 8
18 21 17
22 2 7
4 6 17
18 21 17
7 9 6
4 7 21
12 14 7
14 15 4
7 10 3
0 3 16
7 10 14
2 5 8
10 13 17
18 19 3
23 3 10
2 6 6
8 10 16
19 22 14
6 8 9
13 14 9
10 12 3
8 12 9
3 7 7
5 7 20
20 22 7
17 19 21
4 7 12
19 22 4
8 12 7
6 10 6
13 16 19
3 7 18
23 0 9
4 7 22
1 6 7
1 7 14
23 2 21
13 15 11
23 0 19
10 12 10
4 6 13
21 22 3
19 23 1
17 22 14
17 21 21
14 17 16
11 14 1
9 12 13
9 12 6
22 1 7
14 16 3
17 19 9
13 16 12
16 20 3
9 11 7
2 6 18
3 8 21
2 4 12
2 6 5
11 13 2
4 7 15
16 20 13
22 0 15
2 4 11
1 5 1
0 2 1
23 2 7
11 15 1
10 13 2
15 19 14
9 12 19
10 11 15
20 0 20
21 23 17
20 0 3
5 10 18
7 11 6
1 4 6
1 5 19
9 12 19
23 2 12
23 3 3
17 20 4
22 2 7
23 1 12
9 12 3
16 20 21
4 6 10
5 9 15
0 2 14
16 17 3
17 20 13
2 5 14
11 13 4
16 20 18
2 4 18
13 16 7
15 16 22
18 21 19
23 2 10
17 19 3
12 17 7
21 1 2
22 2 19
12 16 6
18 20 20
2 5 16
0 2 17
8 11 17
0 3 7
23 2 16
10 11 16
0 3 22
14 17 20
16 19 3
2 5 3
1 3 14
16 20 14
11 13 20
8 10 3
7 10 21
21 23 4
9 13 8
17 21 15
19 22 11
9 13 4
11 13 11
6 10 9
10 12 11
16 18 19
20 0 14
18 22 14
15 18 17
14 17 14
10 13 19
20 23 6
5 9 12
9 10 19
14 19 7
7 10 10
9 13 8
5 8 7
19 23 18
17 20 1
11 12 4
18 21 2
15 16 5
18 20 7
9 13 1
0 3 20
18 19 9
16 20 1
19 23 16
8 11 7
23 3 15
22 1 20
19 21 4
10 13 9
0 2 12
9 12 10
23 2 4
11 12 1
10 14 12
6 9 15
16 18 11
13 17 17
12 17 21
16 19 3
11 15 8
19 21 13
8 12 1
23 1 20
21 0 3
14 19 18
19 21 13
7 11 22
0 3 17
11 14 21
5 8 14
1 6 21
21 23 17
14 16 22
13 16 2
6 10 14
6 9 16
23 2 7
14 19 14
18 22 16
17 21 4
19 0 7
0 4 8
18 23 19
19 22 11
23 0 2
10 14 3
4 6 18
13 16 17
9 11 5
9 12 9
7 10 13
6 9 2
12 14 17
12 17 5
3 6 17
6 9 5
0 4 16
7 10 12
4 8 10
4 6 4
1 4 4
5 9 3
8 12 13
4 6 9
1 4 10
0 2 22
12 16 10
4 6 16
15 19 19
16 18 8
14 17 15
16 21 17
12 16 11
14 17 10
9 10 3
19 22 17
6 8 18
12 15 17
5 9 12
3 5 3
7 10 6
16 17 19
20 22 10
9 12 6
20 22 19
8 12 13
19 0 7
10 13 22
10 13 12
1 4 12
15 17 2
17 19 16
10 10 13
4 8 22
0 4 19
14 16 13
7 11 5
14 17 3
5 9 17
3 7 14
10 12 20
23 1 3
13 16 17
13 15 12
15 18 3
11 15 13
3 5 18
2 6 21
13 16 15
15 18 7
14 17 13
14 17 2
0 3 1
1 4 6
18 23 7
0 1 10
23 2 6
3 5 1
18 21 8
5 7 4
10 12 22
18 19 18
13 17 6
7 9 21
4 8 2
15 18 9
15 18 18
0 4 6
22 1 14
4 7 5
13 16 12
9 14 11
6 7 15
3 7 22
23 2 19
4 8 18
21 23 5
8 11 6
1 5 21
5 9 12
22 2 11
19 20 22
13 15 14
1 4 22
6 8 13
13 15 6
13 17 6
7 8 7
2 6 11
2 5 22
3 7 21
0 4 19
0 4 8
7 11 15
2 5 11
0 3 9
7 10 14
9 13 11
0 3 3
7 11 14
8 11 15
18 21 7
10 13 16
2 5 4
20 0 17
6 9 18
16 18 8
0 1 6
8 11 8
14 17 22
5 9 3
8 10 7
15 18 6
8 11 15
0 1 2
18 20 16
18 22 7
7 10 18
23 1 5
15 19 1
13 17 18
22 1 1
9 15 12
23 3 7
23 3 2
13 15 9
2 4 5
15 18 19
12 16 6
2 6 5
23 3 9
6 8 13
23 2 1
8 10 2
10 14 10
6 8 21
9 12 1
14 17 20
6 7 14
7 11 19
11 14 5
1 4 17
6 9 11
7 10 22
12 17 18
5 7 3
9 13 17
23 3 12
16 21 5
21 0 1
11 11 4
23 2 10
2 4 6
7 9 4
16 19 20
6 9 7
17 19 21
9 12 1
3 6 19
17 21 5
3 8 21
20 0 21
14 17 4
13 17 5
22 1 20
7 12 16
11 14 15
5 9 16
19 22 3
11 13 7
0 3 9
5 7 2
19 23 21
3 6 8
6 9 10
17 18 3
4 7 20
18 22 15
9 12 1
5 9 12
8 11 13
5 8 10
21 1 21
14 16 6
12 14 13
1 4 9
6 9 11
13 16 4
0 4 1
22 0 16
11 14 10
5 8 1
3 4 6
22 2 21
18 21 14
0 2 19
16 20 15
7 10 2
20 0 5
5 7 17
3 5 18
3 4 14
20 23 2
16 18 13
2 3 2
17 19 11
3 4 17
20 23 6
5 8 10
9 13 5
0 3 17
17 21 2
8 11 19
16 21 15
15 19 20
20 1 21
5 9 15
3 7 1
13 17 17
17 19 4
13 17 6
6 10 12
10 13 4
2 5 15
12 14 16
6 9 14
10 13 10
23 3 22
20 22 11
14 16 12
5 8 3
7 10 10
20 0 11
1 4 6
2 5 7
1 5 19
10 13 7
0 3 13
17 20 4
8 12 13
2 5 19
18 21 13
17 20 20
21 0 17
7 11 19
7 9 11
7 9 8
15 16 15
4 7 16
7 9 15
20 22 3
11 13 14
18 22 7
21 0 3
13 15 10
17 23 10
22 0 2
19 1 1
13 15 8
2 5 12
16 18 6
19 21 17
11 15 13
15 19 18
0 4 11
20 23 9
22 1 11
13 16 22
22 3 5
16 20 13
22 1 7
23 2 10
18 20 17
18 21 16
20 23 17
13 17 8
18 19 17
11 14 5
18 21 20
15 18 15
16 19 19
8 11 13
1 4 4
11 15 14
22 2 9
0 2 1
8 11 4
9 12 12
12 15 8
10 14 19
19 19 4
9 12 9
15 18 17
14 17 16
18 21 1
22 1 6
11 15 18
9 11 7
5 8 17
4 7 16
14 16 10
15 18 4
20 0 14
20 0 7
22 0 13
6 9 15
9 12 1
10 11 1
7 11 20
3 6 11
12 15 7
11 14 10
10 14 4
23 1 20
21 2 14
5 7 21
18 21 17
23 3 4
15 19 6
7 9 17
17 21 21
8 13 9
6 7 6
12 15 9
14 16 8
10 13 15
6 8 11
9 10 5
18 20 1
13 17 15
5 8 8
14 17 11
5 9 17
11 14 16
7 11 20
2 6 14
17 18 1
21 0 20
16 17 2
12 16 3
8 12 18
13 15 10
7 10 11
19 21 14
1 4 10
16 20 6
4 6 17
23 1 3
20 22 7
7 9 17
7 11 19
17 21 4
3 5 19
12 16 19
23 1 11
19 22 5
21 0 18
5 8 19
5 10 11
19 20 1
19 22 4
23 2 7
21 2 14
23 3 5
18 19 21
13 16 21
10 14 12
0 2 2
8 11 12
6 10 12
11 14 15
17 19 20
15 17 14
21 0 8
19 0 14
13 15 16
7 10 18
21 0 16
17 20 15
1 5 18
20 23 10
20 22 7
16 20 18
21 0 10
23 2 10
12 14 22
8 13 3
23 3 21
21 23 7
20 23 10
21 22 5
19 22 2
0 2 9
9 12 15
4 6 9
3 6 1
10 13 17
22 0 16
23 1 6
6 10 4
19 0 13
6 7 6
1 5 22
5 8 11
16 20 18
16 19 19
3 6 8
1 5 2
0 3 9
0 4 8
7 10 18
2 6 17
10 12 1
12 15 13
9 12 7
15 17 4
6 7 3
10 15 19
13 18 17
12 15 22
19 21 16
12 13 5
22 1 7
2 4 20
6 10 22
11 15 15
22 1 15
17 19 5
14 16 16
1 5 22
11 14 17
7 9 2
19 22 9
13 15 2
21 0 5
22 23 3
12 15 19
22 1 10
14 17 3
3 6 22
4 9 3
8 11 22
14 18 2
4 7 9
20 23 22
4 7 7
6 9 4
8 12 6
1 2 3
2 4 6
9 13 16
8 12 8
23 2 16
17 18 7
6 9 15
8 11 17
10 13 15
20 20 15
18 22 15
23 2 16
7 9 20
3 8 3
14 16 8
8 11 17
4 6 15
19 22 4
3 6 2
9 13 17
23 1 16
3 6 3
10 12 9
9 11 20
0 3 10
22 3 15
20 0 6
3 5 21
13 16 4
20 23 19
15 17 18
16 17 21
10 12 9
4 8 2
12 15 11
1 4 7
13 15 22
10 13 19
1 2 4
16 18 11
17 19 11
0 1 20
8 12 13
5 8 2
1 5 18
9 12 11
19 22 16
9 11 5
7 10 20
13 15 1
3 7 2
7 11 1
21 0 22
1 4 19
14 17 9
4 8 19
14 17 1
5 9 10
11 13 1
9 14 13
0 3 12
17 21 3
12 14 8
14 15 16
11 14 11
21 1 3
13 15 1
6 10 8
6 9 11
7 9 14
3 6 16
2 6 8
0 1 9
20 22 15
15 17 11
16 20 5
2 4 11
21 23 19
5 8 18
4 7 17
10 11 10
9 12 12
1 2 18
18 19 19
5 9 13
14 16 14
13 16 6
19 23 5
2 6 2
10 13 17
17 21 19
9 12 18
20 22 8
15 18 12
15 18 7
7 9 15
14 17 11
3 6 4
23 1 13
11 11 20
22 0 19
0 4 18
20 21 13
17 18 1
18 21 19
22 2 22
10 15 21
22 1 18
12 12 9
5 7 17
21 23 22
8 12 6
18 21 12
21 0 15
7 13 15
10 12 6
23 2 13
1 4 2
1 5 19
10 13 19
7 9 21
13 16 4
1 4 17
11 14 10
16 20 21
8 10 9
12 14 19
3 5 19
19 22 21
16 18 20
3 8 15
16 19 8
5 8 8
4 8 9
14 16 5
2 4 14
23 3 2
21 0 12
7 10 17
8 11 3
6 9 12
16 20 20
19 0 11
11 14 7
5 10 8
7 9 13
17 20 22
5 9 9
6 8 4
11 15 21
16 17 15
1 4 15
22 1 13
5 9 14
18 21 1
6 9 6
9 13 9
6 10 19
18 23 6
18 21 6
18 22 10
23 1 4
5 8 4
23 3 17
19 22 2
4 6 10
20 23 12
22 0 12
10 12 21
1 4 12
12 16 16
3 6 11
14 16 10
17 21 7
9 13 9
3 6 15
3 7 14
13 15 6
10 14 16
1 5 12
8 11 16
21 1 8
22 0 15
1 4 5
10 13 9
23 3 22
15 20 6
9 12 20
17 19 9
19 22 14
16 20 11
7 10 14
1 5 8
0 2 11
20 23 14
16 19 12
19 22 8
4 8 14
14 18 12
14 17 15
18 21 11
14 18 20
10 12 9
0 2 21
12 15 6
18 23 13
10 12 18
11 12 2
7 11 7
10 13 14
22 1 16
17 20 19
14 18 14
3 5 14
8 11 19
13 16 4
3 5 14
19 23 22
19 22 2
20 22 1
17 20 18
23 1 6
5 8 18
18 21 22
18 21 22
17 22 19
5 8 5
6 9 17
10 12 15
16 19 14
1 4 11
5 8 19
8 12 6
