1000 14
14 2 5 5 11 12 2 12 2 8 3 4 6 10 
2 4 12
21 0 9
5 8 3
14 18 14
3 7 14
0 3 9
0 5 8
14 18 13
0 3 7
20 22 12
10 12 14
20 0 6
5 7 1
12 15 1
19 22 6
2 5 1
22 3 7
21 23 13
6 10 4
10 12 7
10 13 9
17 19 1
13 16 7
0 1 14
16 19 3
13 14 7
8 11 1
21 23 13
22 2 14
2 5 1
8 11 6
4 8 9
1 4 6
0 3 14
13 16 2
6 9 8
21 2 12
20 21 14
3 7 1
21 0 4
22 2 4
15 18 1
12 17 14
13 17 6
13 15 3
12 17 10
3 7 9
18 21 6
2 6 9
7 11 4
16 20 13
13 15 1
0 2 4
9 13 4
4 9 6
10 14 12
1 5 9
7 10 11
7 10 11
10 13 6
19 23 5
1 4 4
1 3 13
7 12 9
12 16 9
4 7 3
14 17 11
10 14 11
12 16 5
12 16 10
10 12 2
20 21 6
12 16 1
17 21 1
20 22 5
23 3 1
14 18 11
18 21 3
20 23 8
12 13 1
7 10 3
22 1 5
0 1 13
6 9 12
16 20 9
23 2 14
10 15 13
17 21 5
12 17 3
21 23 8
21 23 4
8 11 7
11 15 1
18 19 9
11 15 2
5 7 3
22 1 10
18 20 7
16 20 1
7 9 7
7 9 10
11 14 12
3 5 12
11 13 1
5 9 2
22 0 12
19 22 12
0 2 14
11 16 5
8 12 6
13 15 7
5 7 3
16 19 3
6 9 9
3 6 3
7 11 1
10 12 10
8 11 10
19 23 5
21 0 2
17 19 1
15 18 1
9 13 4
10 12 9
4 6 12
19 22 7
23 1 6
23 0 2
5 8 2
14 17 2
6 10 7
23 3 13
3 5 2
21 23 14
15 17 2
23 2 5
7 9 3
5 8 12
16 20 5
8 11 6
2 4 14
8 11 11
0 2 10
5 8 3
0 3 5
21 3 8
4 7 3
19 21 3
14 16 10
14 18 8
17 20 7
14 16 2
13 19 9
9 12 4
17 18 12
17 20 5
12 16 14
16 19 6
13 17 9
12 14 13
4 6 8
1 6 3
22 0 12
20 23 9
22 2 10
13 17 2
11 15 1
9 12 8
13 15 10
20 22 4
23 1 13
15 17 11
14 15 5
15 19 9
21 0 3
18 19 9
14 16 3
10 15 13
3 6 11
4 6 3
2 3 3
13 15 3
11 12 5
11 12 10
4 7 7
7 9 3
18 20 3
3 7 2
13 16 14
3 8 2
19 22 2
9 11 14
16 19 14
10 13 2
22 4 5
23 3 3
10 13 7
6 8 3
11 14 9
11 14 8
6 8 3
6 8 6
16 18 7
22 1 9
9 12 9
17 21 9
21 2 14
1 4 2
6 10 8
12 17 3
14 17 13
13 15 11
22 1 4
18 21 2
0 4 4
7 10 2
4 6 1
22 23 7
17 19 3
21 22 1
13 16 3
13 16 9
6 5 11
10 14 3
7 8 6
16 20 7
18 20 6
18 20 10
1 5 4
12 15 12
0 4 3
14 19 13
17 21 9
13 14 10
10 12 3
11 13 5
17 21 4
9 11 10
21 1 10
23 1 3
4 7 6
1 4 11
5 7 11
7 10 12
19 22 4
18 20 10
4 8 2
16 19 3
11 12 10
6 7 8
11 15 10
8 10 4
6 8 2
15 19 8
15 18 5
16 19 8
0 4 8
10 12 7
10 14 11
12 16 9
0 3 4
10 13 1
1 2 7
22 1 4
22 0 1
15 18 13
4 7 6
22 0 1
5 9 10
11 13 8
1 5 13
16 17 3
18 20 3
1 4 2
13 17 11
8 12 10
1 5 10
17 19 14
19 23 7
21 1 12
7 11 7
17 20 2
20 22 7
17 21 7
19 20 1
0 3 8
0 3 2
1 4 10
13 16 12
3 6 4
16 18 11
19 22 3
2 5 1
21 0 3
17 21 3
12 15 11
2 6 10
1 6 2
9 11 3
6 11 6
0 4 3
23 2 12
12 15 9
0 3 14
8 10 2
10 11 7
7 10 2
20 21 14
19 22 2
8 13 1
23 3 9
13 17 9
9 11 5
14 17 12
1 4 9
3 6 7
23 2 14
12 16 9
20 22 13
11 14 5
12 15 3
2 5 10
7 9 8
6 9 14
18 21 2
9 11 5
9 12 9
10 14 2
11 14 13
13 14 13
23 2 8
18 21 14
20 22 11
5 8 9
6 9 10
11 13 6
17 21 7
1 4 8
18 21 13
20 23 10
15 16 6
7 10 5
12 15 5
21 2 12
5 8 6
6 10 14
7 10 3
0 3 2
2 4 9
8 12 4
13 16 3
17 18 10
0 3 5
14 17 7
7 9 14
22 0 5
6 8 10
16 19 1
1 3 13
18 20 7
17 20 2
23 1 12
18 20 3
10 14 11
19 21 9
12 16 6
1 3 8
3 6 2
11 15 10
11 14 4
18 22 1
1 3 12
9 12 12
2 7 4
12 16 2
21 0 14
10 11 3
7 10 11
3 6 1
16 20 1
12 14 14
0 4 7
6 10 12
17 20 5
18 23 3
1 3 13
15 20 8
5 6 12
7 10 4
19 22 13
2 5 14
22 0 12
16 21 10
8 12 7
4 8 7
14 17 9
19 22 4
4 9 13
6 8 6
4 6 13
15 18 7
5 7 3
0 1 8
0 3 12
1 4 6
6 9 11
0 4 13
16 19 12
23 1 3
17 20 14
10 13 13
9 14 3
11 13 9
19 22 12
0 3 5
2 6 10
19 22 8
6 9 2
22 1 8
12 16 4
19 21 7
3 7 1
14 15 13
21 23 12
18 20 12
15 19 1
15 18 2
2 5 13
15 17 5
1 3 13
4 8 9
22 0 2
9 11 14
7 11 5
4 8 4
1 3 11
4 7 7
12 14 5
2 6 6
4 8 7
5 7 12
8 12 4
11 15 1
3 5 9
8 10 8
12 14 12
4 8 7
7 11 13
4 7 14
10 12 8
10 14 8
15 17 2
21 0 2
1 5 11
13 17 10
4 8 1
23 1 6
7 10 2
19 22 4
19 22 8
19 21 9
3 6 13
14 16 4
9 12 4
5 8 13
20 23 5
23 2 5
17 20 13
1 5 7
4 8 6
0 2 5
6 11 6
9 11 2
0 1 5
1 5 10
5 7 5
13 17 10
5 8 9
13 18 10
10 14 13
17 20 12
6 9 7
5 8 4
8 11 4
22 1 2
3 5 5
12 15 9
10 11 13
14 19 11
4 8 3
18 19 9
23 2 9
5 7 5
10 13 5
3 6 2
16 19 1
0 3 9
7 10 9
9 13 10
23 3 7
16 19 10
4 7 7
17 20 5
17 20 14
23 1 3
18 20 6
5 9 4
18 21 8
0 2 12
20 23 12
0 2 14
23 2 10
19 20 6
7 11 9
2 3 9
16 19 8
4 8 4
23 3 1
22 2 11
18 21 7
9 12 9
0 2 13
23 2 6
1 4 5
6 11 14
11 14 13
22 0 2
5 7 4
4 7 8
17 19 13
20 23 9
0 3 1
8 12 4
14 18 7
21 1 3
2 6 8
12 15 5
3 6 9
10 13 11
6 13 2
21 23 12
5 8 7
20 23 14
15 19 5
16 17 11
18 20 14
22 23 6
4 8 12
11 15 6
19 22 11
9 12 11
11 12 8
17 20 14
12 14 2
20 23 12
8 11 9
16 18 9
19 20 1
20 0 6
20 23 9
1 4 3
11 15 5
8 12 3
22 2 13
22 2 8
7 10 5
23 3 12
1 4 13
10 13 2
2 3 12
6 9 3
9 12 3
10 13 4
20 23 11
8 10 4
12 16 9
19 0 2
10 13 1
3 9 12
0 4 13
16 22 8
8 12 3
23 2 11
14 18 5
9 11 2
13 16 12
22 2 6
16 16 12
21 23 11
6 10 11
10 15 5
16 18 1
15 18 13
7 9 2
20 23 8
0 3 14
3 6 6
11 15 3
0 3 3
15 18 11
1 3 8
11 14 1
20 21 7
17 21 12
3 4 13
4 7 3
18 21 11
15 18 1
12 14 8
23 2 14
13 17 12
1 4 4
19 22 5
11 13 9
20 22 6
14 17 13
17 20 8
9 13 8
5 9 5
12 14 11
1 4 14
22 0 3
16 19 8
15 17 7
3 6 7
6 9 4
16 17 5
3 5 12
8 12 3
13 15 8
0 2 1
22 0 3
21 1 11
8 12 2
6 9 6
1 3 7
15 20 5
16 18 3
20 0 10
21 0 3
2 4 6
0 4 9
18 20 7
10 12 4
18 20 13
17 20 12
5 9 13
8 11 13
6 8 12
7 10 13
13 17 7
17 20 3
3 5 2
4 9 7
7 8 9
16 18 9
5 8 4
14 16 8
5 9 12
16 21 14
21 0 2
9 11 8
3 5 7
18 23 13
19 21 6
22 0 12
23 1 8
18 22 1
3 7 3
11 13 10
9 12 6
5 9 12
12 14 5
6 9 8
12 14 8
0 4 4
16 20 7
21 23 8
22 1 13
15 18 9
4 7 3
10 13 9
13 15 4
19 23 13
18 21 10
13 15 13
15 19 7
7 11 10
13 16 4
21 1 13
0 2 6
20 23 11
22 1 9
7 9 9
23 2 4
8 11 5
3 6 4
7 10 13
18 22 12
11 13 3
22 1 8
4 7 6
21 1 14
2 6 10
11 14 7
20 23 13
23 1 9
9 11 12
6 9 1
14 18 2
2 3 14
11 17 2
17 20 2
5 7 9
12 15 7
6 8 3
9 14 7
3 8 2
12 16 9
6 8 9
2 5 12
2 7 3
23 2 11
15 17 7
14 18 12
3 7 14
15 17 8
21 0 14
13 15 11
16 19 12
0 4 13
16 19 13
13 16 11
5 7 8
16 20 8
3 6 9
19 21 5
4 7 12
15 16 14
17 21 3
22 1 10
23 1 8
16 18 13
8 12 13
4 7 13
6 11 7
11 14 12
10 13 2
4 7 6
14 18 5
17 19 9
1 5 3
7 11 14
22 1 2
9 13 9
9 12 2
10 14 10
20 1 14
11 14 1
12 15 4
6 9 7
21 0 13
6 8 11
7 10 13
3 6 5
2 4 12
3 8 4
9 12 11
7 11 3
19 23 1
20 23 7
18 22 5
4 6 10
20 23 7
16 21 8
4 8 10
20 0 5
3 6 13
5 9 12
5 10 5
12 14 4
7 10 3
21 0 6
18 21 2
18 20 13
20 23 4
7 9 8
1 3 6
8 9 11
19 21 13
7 10 3
8 12 9
14 18 11
23 2 9
21 1 3
20 0 1
19 23 4
2 6 3
6 8 9
20 22 1
7 10 4
20 23 7
7 10 10
20 23 12
5 10 6
2 3 5
11 15 13
2 3 11
20 22 2
10 12 14
0 3 8
4 8 13
17 20 9
13 16 10
2 4 13
11 15 3
13 17 4
20 23 7
10 13 5
2 5 12
1 6 5
11 14 14
14 18 1
0 2 14
4 7 5
0 2 6
19 21 7
13 17 5
2 5 6
6 9 12
0 4 7
23 2 8
19 22 5
9 11 3
9 11 9
23 2 10
3 6 11
17 21 5
15 16 13
7 10 8
10 12 4
20 0 7
3 5 14
18 0 1
21 23 4
12 16 8
13 16 1
3 6 13
5 6 7
11 15 3
18 20 11
2 5 2
19 21 4
14 17 11
17 20 9
5 10 4
7 9 4
6 9 5
14 17 12
23 3 13
3 5 8
11 14 8
12 17 6
3 7 14
16 17 11
1 4 7
5 8 6
9 11 7
1 5 1
3 5 5
17 22 11
14 16 3
2 5 2
0 2 10
15 18 10
22 2 2
20 23 6
18 22 6
17 20 12
0 4 3
11 13 12
12 14 12
4 8 6
14 18 3
6 9 13
23 0 14
21 0 6
16 20 4
16 18 7
21 23 9
17 20 5
16 21 6
9 14 4
23 3 14
18 21 8
19 21 5
18 23 1
13 17 1
22 3 14
8 10 13
17 22 2
21 0 5
20 23 5
16 19 12
6 9 12
2 7 11
15 17 11
12 15 9
16 19 4
10 12 10
8 12 8
19 21 2
1 3 6
4 7 2
13 16 14
17 21 12
19 23 1
1 5 7
19 23 2
21 1 6
22 0 11
13 15 11
0 2 7
16 19 10
7 10 12
0 3 6
2 5 11
20 22 4
3 5 7
11 14 6
21 0 9
8 12 12
12 13 14
10 14 9
9 10 1
9 11 13
21 0 12
3 6 8
23 1 11
16 20 10
7 9 13
14 16 3
10 14 9
3 9 6
22 2 8
16 19 12
20 0 5
0 4 12
16 20 1
10 12 9
2 7 1
21 0 6
10 13 8
9 12 14
23 2 10
10 11 14
10 14 13
19 23 4
8 12 5
14 16 3
3 7 11
4 5 4
20 23 4
21 2 13
13 15 14
10 14 12
1 6 8
1 3 5
8 11 3
1 5 4
4 7 7
22 2 12
4 8 3
11 14 10
5 8 7
13 16 5
10 12 11
8 10 8
2 5 11
13 15 6
1 4 8
8 11 9
8 12 5
12 16 4
19 0 4
16 19 8
20 23 2
12 15 14
23 0 4
5 9 2
16 19 13
12 15 7
5 7 9
22 23 6
4 8 8
1 2 5
23 2 12
0 5 13
19 21 14
9 13 13
