1000 37
8 8 23 13 17 28 25 11 22 9 9 25 32 15 12 16 26 21 13 23 20 22 6 22 29 10 24 16 24 35 32 7 17 22 23 2 6 
14 17 35
21 0 4
15 17 10
2 5 31
12 14 33
20 23 16
16 20 22
19 23 20
18 19 5
2 4 26
16 18 11
11 15 31
2 4 33
16 18 5
0 4 37
10 11 16
18 20 1
16 21 26
1 3 22
7 10 29
18 23 27
13 16 19
15 18 10
0 3 19
5 7 2
13 16 17
22 2 4
5 8 8
23 4 10
15 18 19
1 4 20
16 18 14
16 19 9
5 10 15
19 21 28
23 1 30
7 10 31
23 3 18
21 2 35
14 17 9
1 4 27
16 19 7
0 4 7
0 4 34
7 9 11
11 14 17
9 11 37
23 2 36
19 20 2
13 16 24
9 11 29
20 23 21
18 22 33
16 19 5
12 15 7
6 7 1
7 10 16
16 19 6
23 2 18
17 21 34
13 16 9
1 3 37
10 12 6
7 10 14
22 1 7
3 4 7
1 5 1
18 20 9
0 2 34
12 15 5
3 6 4
21 22 28
20 23 27
16 20 15
21 23 10
16 19 8
13 16 29
0 5 11
17 21 12
0 4 7
7 10 21
8 11 4
6 8 23
23 1 21
10 12 9
15 18 14
19 21 14
9 13 18
18 23 15
21 2 3
16 17 2
2 5 19
7 10 21
0 2 5
9 13 15
3 6 23
13 15 1
17 21 37
13 15 19
21 23 33
2 2 26
7 9 25
7 10 6
4 8 30
11 15 22
23 2 37
1 4 7
9 12 24
21 23 20
13 15 21
12 15 28
8 10 26
13 15 15
1 2 29
12 15 31
10 14 37
15 18 11
18 0 34
8 12 26
1 4 26
22 1 13
22 2 10
22 23 25
2 4 19
2 5 6
4 7 35
8 11 31
2 7 7
1 3 35
20 0 15
3 8 24
16 17 16
3 4 9
8 11 19
23 2 14
3 7 26
12 14 35
21 22 19
17 21 17
7 11 22
11 13 3
0 4 26
3 4 18
0 4 16
18 21 13
21 1 31
19 23 36
4 8 14
9 11 23
17 22 11
5 8 17
12 15 19
17 20 14
13 17 1
22 2 2
19 21 9
11 14 7
9 11 12
8 9 14
15 16 13
16 19 21
9 12 3
21 23 3
17 19 37
4 7 36
23 1 28
2 3 35
18 21 18
14 16 14
1 4 35
8 10 15
2 4 15
13 17 12
18 21 3
11 15 14
13 16 14
23 3 34
0 3 6
2 5 1
10 13 20
7 8 35
18 21 29
20 22 16
5 9 12
21 1 10
17 19 19
3 6 6
2 5 36
8 13 13
12 15 15
3 7 16
18 22 2
19 21 18
14 18 7
7 10 10
6 9 8
1 5 32
5 9 32
18 21 31
14 16 31
4 6 10
12 15 22
19 22 5
3 6 6
7 9 26
19 22 37
6 7 10
4 5 7
10 14 7
4 6 29
13 16 33
5 7 5
23 2 27
1 5 22
12 16 12
23 1 26
0 3 34
11 14 13
16 21 30
10 12 32
18 22 24
3 7 13
22 0 12
20 23 37
8 10 10
16 20 32
10 14 4
3 7 25
15 16 21
22 0 33
10 13 12
16 20 25
18 21 11
13 17 7
3 6 28
9 11 5
23 2 23
7 10 10
18 21 37
16 21 24
2 5 14
23 1 30
5 6 31
12 14 18
4 8 2
19 21 2
13 15 21
7 12 37
16 18 21
23 1 15
19 22 16
15 18 20
11 14 19
15 17 8
3 6 22
6 9 12
6 10 8
13 16 13
18 21 19
15 17 6
4 7 27
15 19 16
4 7 22
19 20 29
12 15 4
16 19 26
3 6 12
9 12 4
0 2 33
2 7 31
14 17 34
11 14 8
12 16 13
11 11 22
11 13 1
7 9 28
13 16 32
22 23 8
12 13 35
21 0 4
20 23 29
2 7 37
10 13 37
18 22 8
8 11 20
7 10 20
11 15 31
1 5 1
21 23 26
3 5 16
13 14 14
19 21 21
19 23 33
20 21 15
5 6 23
23 3 27
17 19 33
16 18 14
17 18 14
14 16 22
8 11 25
16 18 33
6 7 9
6 9 1
10 11 35
7 10 33
21 23 34
1 4 35
7 11 30
21 0 25
16 18 21
4 6 19
14 17 19
4 7 7
10 12 7
5 8 22
4 6 32
2 5 31
0 3 21
4 7 1
12 17 34
14 17 9
1 5 20
4 6 1
12 18 3
3 6 9
6 7 15
14 15 6
6 6 8
5 8 35
17 21 8
14 17 3
18 19 11
11 14 23
9 13 2
18 21 24
8 9 14
10 13 34
11 13 22
14 18 25
3 7 5
15 17 10
12 16 4
3 7 31
8 11 6
8 11 3
17 22 15
23 4 26
17 19 28
5 7 33
14 17 26
10 12 2
21 3 36
9 13 13
23 2 20
14 17 4
2 4 28
3 6 32
3 6 20
3 5 16
13 15 37
9 12 11
12 14 17
8 11 10
6 9 37
2 5 8
22 1 15
2 5 17
15 17 1
15 17 23
11 13 15
11 15 17
11 13 27
1 5 37
5 8 18
7 10 28
0 3 34
14 17 35
16 19 22
22 2 15
10 13 17
6 9 12
6 9 12
2 6 18
12 17 6
15 18 16
4 8 37
10 11 21
11 13 24
20 21 18
14 17 34
16 18 23
4 7 6
2 5 31
20 23 15
18 21 30
23 2 13
22 2 7
9 12 12
11 14 18
13 15 10
16 18 3
21 1 35
11 14 4
8 10 25
23 0 2
2 3 36
12 14 6
6 9 17
18 18 35
17 19 12
10 13 35
23 3 11
4 9 4
10 13 17
9 12 20
22 23 7
19 21 33
21 0 36
18 20 33
16 19 3
7 8 28
12 15 2
13 17 26
11 15 14
23 1 2
23 1 2
10 13 6
21 0 26
19 22 37
4 8 23
15 17 21
14 17 24
2 5 27
15 17 37
18 19 29
5 7 13
6 7 5
18 22 19
2 5 18
22 0 35
6 10 31
5 8 28
10 14 35
23 1 37
21 1 20
9 13 11
14 18 28
0 3 27
13 15 8
7 10 31
8 10 8
4 6 24
0 3 21
2 4 4
16 19 16
10 13 36
22 1 29
10 15 25
2 5 27
15 17 13
2 5 5
12 16 10
10 12 13
23 0 34
5 8 32
3 5 23
5 7 11
13 17 32
4 6 30
21 23 36
17 20 1
16 20 10
10 12 28
19 20 35
13 14 23
7 9 26
9 13 27
1 4 37
2 6 1
18 20 28
2 4 25
6 10 8
1 4 29
8 12 18
3 7 2
6 11 10
9 12 2
12 15 17
20 23 26
5 7 28
3 6 26
4 8 3
0 3 37
3 5 34
3 5 12
2 3 3
14 16 31
10 13 9
10 13 14
22 0 30
0 2 11
15 19 6
22 1 22
9 13 28
12 16 22
17 21 34
15 20 24
23 1 12
10 13 24
13 15 16
5 9 5
14 16 7
9 11 16
22 1 13
14 17 14
13 17 25
20 23 24
4 8 31
3 6 7
2 5 8
16 20 27
19 22 16
23 3 29
12 14 29
0 2 4
13 17 12
8 13 18
2 5 19
10 11 12
13 17 34
15 18 27
18 21 28
4 7 16
16 18 36
4 6 13
23 2 20
17 21 1
13 15 2
6 8 19
17 20 30
13 14 20
20 22 30
3 5 23
14 17 14
21 23 4
21 0 22
10 13 1
15 17 14
0 3 24
17 20 13
6 10 15
2 5 14
22 23 19
14 16 33
17 18 28
2 5 12
20 0 12
2 5 4
15 16 31
3 6 20
12 17 30
9 11 15
12 16 15
0 1 17
5 9 33
20 0 10
16 18 15
20 23 30
23 3 23
14 16 18
5 9 32
17 19 18
20 22 12
11 13 3
3 5 3
11 15 17
11 14 16
5 7 37
13 16 28
1 4 36
7 9 4
12 15 3
15 18 32
7 11 2
11 15 33
15 17 1
23 3 12
15 19 1
10 12 24
11 13 24
18 23 28
21 0 32
4 6 23
17 20 19
8 12 20
20 1 19
17 20 14
6 9 33
20 23 33
19 22 16
3 6 18
1 5 17
16 19 14
23 4 12
6 8 7
4 6 28
3 7 11
21 2 5
18 21 16
13 16 8
4 6 32
16 18 9
11 13 26
17 20 22
3 5 27
18 21 27
1 4 10
22 1 16
23 1 30
11 14 2
5 8 1
4 6 11
15 18 9
9 14 27
23 0 1
17 20 5
8 11 6
0 3 6
18 21 36
9 12 9
23 1 23
5 9 36
20 0 22
3 4 10
15 18 21
0 2 11
3 5 1
1 5 28
4 5 13
22 1 8
19 0 27
16 17 25
11 16 3
23 3 12
19 23 37
13 13 11
14 16 1
19 22 18
16 19 2
5 7 6
2 5 7
16 19 5
3 6 31
9 13 36
14 19 15
12 13 9
12 14 13
19 23 31
18 21 25
11 15 22
13 16 29
10 14 15
15 17 19
16 17 34
21 23 37
4 6 15
6 12 26
13 15 6
5 10 34
7 9 24
12 14 16
22 0 13
1 4 25
9 12 36
14 16 25
1 4 19
20 23 20
10 12 2
5 10 20
1 4 33
2 4 2
1 4 20
3 6 21
22 0 33
21 1 35
0 4 18
8 11 7
6 11 25
5 7 29
2 5 13
2 4 11
23 2 33
6 8 18
1 5 25
3 7 2
1 4 7
20 23 28
15 19 8
3 6 9
15 18 17
9 11 27
15 17 10
18 19 17
19 22 16
20 23 25
5 8 10
20 0 20
19 21 10
13 16 17
14 18 15
0 3 35
20 0 27
20 22 2
13 15 37
10 12 9
1 2 18
8 11 20
0 4 9
16 20 22
20 22 5
7 10 34
20 1 3
0 2 6
16 18 7
10 12 5
21 22 20
20 23 37
9 10 35
9 11 10
13 16 25
17 19 24
0 2 31
19 23 8
5 10 21
18 23 16
3 3 19
17 19 22
1 3 13
21 23 11
16 19 17
20 22 33
11 15 29
1 5 3
4 8 16
22 0 37
15 18 7
6 9 37
9 13 21
13 14 34
1 5 33
20 2 25
13 16 19
15 18 35
5 7 20
0 4 16
17 21 7
12 13 16
10 12 30
4 8 5
14 18 14
11 15 29
17 19 18
4 9 6
7 9 5
20 1 12
17 20 19
11 14 7
16 19 13
22 23 37
15 18 37
3 8 22
11 12 4
14 18 9
16 19 26
8 11 6
4 8 35
4 7 3
3 7 22
18 22 27
12 15 6
21 1 12
18 22 31
20 1 24
0 3 19
21 23 20
4 8 32
9 12 5
5 7 21
19 21 20
13 16 15
9 13 20
10 13 31
14 17 12
14 17 15
22 1 21
3 8 21
16 18 30
11 15 21
4 7 5
3 6 19
15 20 6
16 19 4
1 4 14
5 8 12
1 3 19
3 8 3
22 0 1
18 20 3
22 1 4
21 23 33
22 1 22
9 13 5
14 17 24
22 1 23
15 17 3
1 5 10
12 15 7
4 7 14
23 3 9
8 12 32
11 16 27
17 20 13
23 3 22
18 22 14
0 4 5
7 11 29
10 14 18
2 4 29
16 19 25
23 3 4
10 13 33
17 20 19
19 23 22
0 4 12
14 16 36
12 15 35
16 18 29
5 7 9
2 6 20
9 13 35
12 15 7
2 4 9
14 19 3
3 4 36
3 6 9
4 6 1
6 9 14
6 10 4
14 17 1
9 11 9
14 16 34
23 3 8
17 18 4
18 21 27
16 19 17
16 20 27
16 19 23
10 15 35
13 16 24
19 21 22
5 8 20
23 1 11
3 6 5
1 4 16
21 0 8
9 13 31
11 14 21
20 23 30
5 8 3
8 11 14
13 15 7
19 21 21
18 20 11
5 7 34
18 20 25
3 5 17
1 5 5
23 1 29
0 4 29
0 3 5
9 12 4
14 19 30
15 19 18
0 4 1
23 0 1
5 7 21
0 3 31
12 15 30
20 23 36
0 4 35
18 21 3
5 8 8
12 15 4
10 13 5
6 10 3
6 10 19
0 4 24
1 4 25
1 4 29
23 2 13
17 20 9
8 12 24
23 3 31
23 2 12
4 5 13
6 7 6
5 9 30
5 9 23
19 21 26
1 6 30
3 7 32
13 18 6
9 13 11
0 4 14
16 17 12
15 17 15
17 21 21
21 1 30
8 11 5
10 13 36
23 2 11
3 7 9
9 12 3
3 6 32
21 1 9
20 0 7
7 9 17
20 1 36
14 16 3
11 14 25
3 7 19
6 9 19
4 8 3
10 12 14
23 2 17
1 6 5
1 4 32
10 13 33
0 3 33
13 17 22
8 12 3
14 16 17
18 21 14
21 23 4
20 1 20
16 19 36
0 3 9
1 4 15
17 20 4
21 23 25
22 1 20
3 8 28
5 7 6
8 11 29
22 1 17
23 2 4
1 4 8
5 9 2
16 19 29
18 21 25
12 14 15
19 20 29
17 21 22
15 18 20
13 16 29
16 20 17
18 20 32
15 18 3
20 23 8
13 16 17
22 1 2
16 19 30
11 12 37
23 2 31
3 8 32
19 23 37
12 16 5
15 17 36
23 3 4
15 19 29
3 6 7
7 10 19
5 9 36
13 16 25
11 15 19
22 4 10
4 7 15
10 14 27
21 23 7
20 0 26
10 11 28
9 13 32
18 19 34
13 16 15
14 17 5
17 21 6
8 11 17
23 2 12
3 6 30
