1000 52
6 19 17 17 9 35 36 19 4 4 26 19 30 45 29 45 22 35 26 2 40 29 39 6 26 44 1 12 12 25 35 16 37 39 38 50 2 48 22 24 16 28 49 25 2 33 10 26 48 11 42 20 
13 16 47
13 16 38
6 11 43
0 3 50
17 20 44
6 8 9
6 9 8
15 19 11
18 20 3
1 6 32
5 7 36
15 18 6
12 16 42
16 19 25
6 8 29
12 14 26
4 8 21
8 11 6
2 3 33
19 23 38
6 10 7
10 12 38
21 1 31
12 14 34
20 23 31
18 20 28
9 12 50
11 14 36
5 8 36
11 14 34
22 1 32
18 22 43
1 3 35
6 9 47
23 2 11
20 23 24
12 15 1
23 0 25
9 12 24
19 22 21
20 23 19
8 13 16
19 21 24
11 14 25
23 1 3
21 1 24
10 14 11
2 6 44
16 18 9
4 8 8
12 15 10
13 17 33
4 7 16
8 12 20
10 12 44
2 3 33
9 13 17
23 3 17
6 10 47
23 2 2
14 17 38
12 15 49
21 0 11
23 2 2
11 13 36
18 22 34
6 8 10
7 10 24
2 7 16
19 21 42
14 19 20
8 9 33
21 1 40
23 1 45
8 11 52
20 23 2
23 1 4
10 14 1
7 9 47
3 6 9
11 15 31
0 3 42
17 20 10
17 20 29
1 5 47
9 12 5
16 18 36
17 19 48
0 5 18
10 15 21
0 2 47
7 12 12
10 15 35
5 9 4
2 5 43
5 8 15
17 20 45
15 18 23
18 22 17
22 1 34
0 4 42
6 8 10
2 5 45
18 20 40
8 12 19
20 22 39
20 2 39
4 7 46
8 10 40
1 6 14
20 23 51
10 13 31
8 12 39
7 12 37
0 3 30
13 16 28
0 2 32
3 6 31
4 9 22
12 16 35
19 23 41
11 15 34
4 6 4
1 4 33
3 6 26
3 8 32
21 23 19
9 12 26
7 10 27
12 16 34
17 20 51
12 15 51
5 7 24
15 17 18
5 9 28
23 2 8
9 11 49
5 9 32
3 5 41
1 4 33
4 8 32
7 10 22
21 2 47
7 11 26
17 19 40
21 0 23
19 22 49
15 16 20
8 10 27
20 23 10
15 18 50
7 8 51
22 0 9
0 2 24
18 20 49
2 5 14
16 19 2
18 21 1
7 8 42
10 12 8
8 12 21
10 12 11
18 20 12
14 18 27
21 0 8
2 5 1
7 10 45
1 3 49
20 1 15
4 6 2
16 18 11
9 12 29
15 19 35
1 3 52
2 3 42
14 17 1
11 14 23
1 5 24
5 7 1
4 8 4
18 20 36
11 14 51
21 23 43
18 23 41
18 20 27
6 10 40
1 4 22
20 23 35
13 17 41
15 19 10
23 2 19
21 0 49
9 9 18
20 23 12
14 18 16
14 16 27
13 17 23
2 7 13
7 10 5
1 4 17
9 12 4
1 2 11
10 13 25
22 1 19
22 2 38
4 7 17
7 9 36
0 3 22
5 9 17
23 1 30
12 15 9
12 15 24
17 20 33
5 8 9
3 5 26
2 6 49
14 17 3
9 11 50
6 11 14
9 12 36
20 23 40
21 0 33
5 10 24
14 17 38
19 21 21
23 2 9
17 21 6
16 20 5
7 12 8
22 2 49
0 3 39
6 10 27
7 11 31
17 20 44
12 15 40
4 8 4
20 1 16
15 18 48
22 0 21
18 20 34
16 18 47
15 20 36
17 19 22
18 20 18
11 15 33
4 8 18
11 14 28
13 15 40
18 21 15
23 2 17
23 0 46
10 14 21
13 15 37
3 6 16
23 2 1
5 8 27
10 12 19
22 1 17
6 8 11
9 11 18
4 7 49
0 4 1
19 21 31
13 16 48
1 2 45
22 0 41
6 9 22
8 11 50
23 2 11
11 13 4
5 8 10
13 15 1
9 10 36
19 23 21
11 14 24
22 1 40
23 3 36
18 22 35
5 8 11
21 0 23
19 21 6
1 3 27
5 10 10
15 17 33
12 14 17
21 23 52
10 11 36
7 9 44
18 22 33
2 5 37
23 1 50
19 23 23
18 19 28
16 19 43
16 17 18
13 15 46
22 1 28
20 22 42
22 0 41
16 20 40
10 13 21
23 1 38
6 9 13
22 2 29
22 1 7
4 8 40
19 22 28
10 10 9
4 7 5
19 20 27
15 19 15
0 3 28
15 18 20
9 12 15
12 16 35
7 9 42
20 0 37
6 9 46
10 14 22
14 18 40
9 12 50
8 10 21
14 16 12
15 20 41
18 21 46
15 19 29
2 5 26
13 15 1
13 17 39
12 16 30
4 7 50
20 23 49
13 17 18
11 14 39
14 18 21
18 0 7
8 11 14
6 7 5
5 9 25
7 9 17
12 16 49
6 9 19
9 11 15
23 2 28
2 4 47
2 3 13
0 2 2
13 16 49
12 15 26
5 8 23
0 4 14
10 13 29
16 18 48
11 15 16
13 16 29
7 12 31
12 14 37
14 17 9
17 19 45
5 8 25
18 23 25
20 0 24
4 5 11
6 10 37
0 2 40
11 13 41
3 6 33
10 12 11
10 12 50
12 15 42
2 5 30
14 16 18
2 6 39
22 0 19
4 6 24
18 21 47
21 0 16
18 20 39
12 14 18
22 0 41
20 23 34
1 6 47
21 0 26
8 11 22
8 11 42
2 4 41
18 21 43
17 19 20
4 7 21
20 0 49
22 1 51
11 14 40
0 3 28
6 8 16
7 12 16
8 10 43
21 1 29
19 23 36
15 20 28
5 8 18
9 13 51
16 19 10
3 4 48
14 19 14
5 8 21
10 12 52
16 17 37
23 3 21
20 0 15
20 0 16
14 17 51
6 9 42
23 2 32
16 17 18
7 12 34
23 2 35
11 14 52
13 14 19
4 6 23
9 12 34
12 15 39
5 9 22
10 12 5
11 16 28
2 6 21
13 17 19
13 17 45
21 0 18
15 18 50
22 1 24
10 14 26
3 5 16
9 11 23
14 17 23
15 20 16
22 2 43
16 19 7
5 9 10
18 23 30
2 6 10
13 17 42
16 18 3
8 13 7
16 17 7
23 1 40
12 15 4
4 9 19
8 10 32
0 3 6
11 14 1
19 0 37
23 2 30
13 16 45
13 16 22
7 11 17
14 16 47
1 5 18
1 3 45
13 17 52
5 9 29
3 6 22
21 1 14
11 14 31
9 12 44
5 7 23
19 21 24
0 3 49
1 5 19
17 17 35
5 7 16
23 3 10
9 12 20
0 2 51
5 10 9
15 17 25
8 11 1
13 17 40
0 3 51
17 19 28
21 0 34
1 4 12
21 23 50
1 3 23
2 5 1
13 16 10
5 8 12
20 21 38
18 21 4
17 19 22
0 2 5
3 5 4
13 15 30
17 20 45
7 9 12
6 10 8
16 19 17
14 19 21
13 18 32
1 4 13
15 18 28
18 19 22
2 6 11
4 7 21
22 2 39
10 13 20
0 4 3
15 17 17
4 8 23
15 19 10
9 13 35
3 7 15
14 18 16
23 2 15
13 15 19
7 11 12
8 10 14
4 7 43
6 10 8
20 23 16
0 2 1
2 4 19
18 21 25
5 7 8
22 1 46
12 15 4
3 5 29
19 22 40
19 0 19
19 22 50
21 0 2
19 20 26
6 9 33
10 15 14
8 12 21
21 1 48
14 18 30
18 21 5
11 14 4
14 18 22
12 17 8
19 23 48
21 23 22
14 18 43
8 11 23
18 22 8
22 0 50
17 19 24
12 14 36
19 22 49
13 15 43
19 0 11
6 9 27
4 7 50
14 15 37
18 19 52
20 22 44
23 3 29
3 6 52
11 15 46
2 4 15
13 16 47
14 17 16
18 20 36
23 3 39
23 2 51
9 12 32
13 17 5
23 2 35
8 11 40
20 22 27
2 4 51
21 0 1
6 7 30
19 22 17
15 19 31
19 22 4
11 14 22
18 23 2
2 5 6
16 19 29
5 8 51
12 15 38
11 15 9
12 15 14
23 3 19
4 7 40
4 7 50
11 14 42
16 19 41
10 12 31
9 13 17
0 4 11
20 23 12
5 8 49
19 22 14
23 1 30
8 11 47
19 23 7
2 3 12
1 5 45
7 10 51
13 15 28
13 15 52
8 11 10
17 20 48
0 3 2
19 22 15
10 13 33
20 22 4
2 4 18
6 10 4
9 12 12
0 4 19
1 4 10
6 9 27
8 13 25
14 18 27
11 14 28
2 5 7
0 3 15
19 22 36
7 10 4
16 19 13
9 13 45
7 9 25
7 9 12
20 23 4
3 6 38
6 10 44
17 21 26
15 18 50
16 19 44
11 15 8
21 1 32
18 20 13
8 11 26
6 9 21
4 6 17
10 13 34
1 4 21
9 14 11
6 8 38
22 1 28
15 19 48
2 5 16
2 4 9
9 13 48
14 17 7
2 6 24
1 4 25
7 11 50
15 19 22
13 17 14
21 0 32
13 16 24
20 22 48
21 0 47
18 22 27
18 22 1
12 14 44
18 22 35
12 16 23
7 9 27
5 7 31
5 8 26
23 1 7
17 18 40
8 13 48
10 12 45
0 1 35
11 12 7
10 13 7
12 15 48
9 11 43
19 21 18
19 23 12
19 23 46
18 23 26
9 12 20
19 23 32
1 3 25
1 4 7
15 18 23
19 23 30
9 12 19
14 17 50
4 6 12
22 3 19
12 13 42
1 4 30
0 3 33
9 12 2
15 16 49
19 21 20
18 23 2
21 23 22
22 0 41
18 23 31
8 12 26
2 6 27
11 14 39
8 11 21
12 17 25
10 13 21
14 17 46
3 7 26
16 17 3
5 8 51
16 18 8
0 1 4
6 10 36
2 4 37
4 7 3
5 9 31
11 14 13
7 10 49
0 4 25
11 14 52
7 10 12
6 8 37
12 15 47
9 11 37
16 20 31
6 10 29
10 13 13
23 2 52
2 6 24
15 19 28
13 16 27
19 22 16
8 10 26
14 16 15
6 10 25
1 4 35
13 15 51
19 22 33
22 1 7
22 1 48
9 14 31
23 1 8
22 0 13
23 1 26
2 5 16
17 19 49
16 18 23
4 9 6
21 22 11
3 9 13
21 23 41
0 3 22
16 18 39
0 4 14
13 16 21
17 21 5
15 17 5
22 1 36
16 20 2
18 19 32
1 4 51
17 19 13
14 17 26
3 6 44
17 20 37
21 0 29
17 22 4
2 6 37
22 0 19
13 16 34
7 9 43
1 3 13
10 13 7
17 20 26
3 6 28
9 14 5
20 22 14
10 14 38
1 5 8
0 3 13
8 11 52
15 18 16
15 17 20
23 2 2
13 16 46
19 21 44
20 22 5
8 11 49
18 22 28
9 11 32
23 1 13
5 7 30
1 4 50
20 23 40
17 18 16
20 0 43
12 12 14
2 5 42
10 14 14
19 22 36
8 12 21
1 3 20
0 2 20
9 14 22
12 14 27
19 21 18
7 11 30
9 11 45
3 8 23
17 20 22
15 17 28
0 1 11
3 8 16
5 8 52
17 18 35
9 13 37
14 17 11
16 18 18
4 7 44
23 3 4
8 10 42
12 14 27
22 0 46
9 13 24
19 22 11
2 5 35
7 8 26
15 17 37
4 8 49
10 12 6
15 18 43
15 19 8
1 4 34
7 8 34
7 9 38
5 9 26
20 22 11
8 11 43
23 23 36
4 7 11
7 9 50
0 3 52
23 3 50
2 6 3
17 22 36
10 14 38
16 19 52
5 7 34
19 22 15
1 3 11
6 10 26
18 20 7
8 11 45
1 4 14
7 10 8
22 1 9
8 10 6
23 2 8
11 14 13
10 12 15
9 11 23
14 18 15
11 15 18
10 13 23
21 0 29
7 11 47
5 7 21
10 13 46
21 2 33
4 8 12
8 11 20
16 18 36
7 9 44
14 16 13
11 15 16
4 6 34
0 4 16
11 14 30
11 14 24
12 17 23
10 13 5
18 22 22
4 8 30
11 14 29
23 1 27
10 13 33
21 0 35
11 15 41
14 17 31
22 0 48
12 13 42
6 9 43
15 18 37
12 14 16
21 0 11
6 10 49
16 19 38
1 4 3
21 0 38
2 6 48
21 23 26
20 22 31
15 19 1
14 19 28
1 4 41
15 18 20
5 8 2
5 9 12
22 23 6
19 20 18
0 4 27
16 19 15
7 10 24
4 7 37
3 5 42
0 3 37
14 17 8
11 15 37
12 16 46
21 0 41
14 18 27
1 3 9
3 7 33
0 1 47
20 23 18
1 3 24
2 7 26
0 2 14
4 7 3
14 15 4
8 9 19
15 19 29
18 21 9
18 21 32
23 1 10
2 4 25
17 19 37
14 17 1
3 6 10
4 7 32
12 15 42
0 3 50
20 0 47
18 0 37
2 6 42
2 6 51
21 23 25
7 10 24
12 13 44
10 13 24
23 1 38
1 4 1
20 0 48
12 15 43
23 2 23
23 4 20
4 8 13
19 20 2
0 3 3
1 2 48
5 6 10
18 22 48
2 4 9
21 2 49
19 23 13
3 6 47
14 17 2
3 5 2
7 9 41
6 8 47
8 12 11
23 2 48
14 18 50
9 12 27
7 11 13
9 12 3
10 12 39
20 23 13
11 12 6
0 3 51
15 18 9
23 2 31
20 0 2
14 16 19
19 23 16
16 19 47
20 23 32
12 15 19
3 7 23
22 2 40
5 7 28
17 21 48
17 20 41
12 16 44
4 6 40
13 15 42
15 17 29
18 22 22
1 6 8
5 8 39
7 9 51
21 0 3
