1000 85
68 5 61 61 37 16 45 66 45 74 38 23 21 63 33 79 18 24 34 6 6 79 58 10 31 71 25 50 16 53 33 80 25 30 2 27 17 17 47 60 13 33 78 75 26 28 41 16 71 25 66 8 63 72 48 85 25 12 82 62 24 43 23 61 35 14 68 20 64 22 48 85 59 81 57 79 48 4 64 61 78 61 81 35 12 
14 17 6
9 13 52
7 10 32
4 6 54
10 14 67
18 21 29
15 19 21
22 2 35
14 18 46
16 20 55
14 17 35
9 13 6
3 5 44
8 12 46
2 3 58
14 18 82
2 5 14
17 21 4
6 10 35
19 23 78
19 22 21
16 19 66
11 15 8
19 22 27
4 7 64
4 6 56
15 18 51
20 0 40
3 6 22
19 21 64
22 2 11
5 6 9
13 16 63
7 12 60
21 0 27
23 4 31
10 13 8
5 10 22
15 18 84
15 19 39
2 4 44
17 19 23
21 1 3
18 21 45
9 11 4
13 15 7
22 1 28
8 11 23
11 13 2
22 1 83
23 1 79
19 23 37
23 0 62
22 0 42
6 9 31
20 22 6
11 13 54
9 11 36
20 0 79
17 20 68
3 7 71
10 12 80
15 19 37
0 3 47
12 16 84
6 8 44
19 22 17
9 12 78
2 4 82
11 14 78
17 19 63
23 3 1
22 0 55
2 3 64
20 23 41
21 0 44
21 23 70
18 21 22
12 15 35
22 1 19
2 4 39
13 14 44
10 14 79
4 7 22
11 14 43
22 4 33
2 5 10
18 19 77
19 23 22
0 3 83
4 8 15
18 21 62
1 5 15
14 18 46
5 8 51
10 12 27
20 21 13
2 7 35
15 17 43
20 23 74
13 17 61
18 21 33
15 19 51
14 15 82
6 10 47
17 21 19
18 21 58
5 7 82
7 11 23
23 4 82
14 18 33
5 6 22
6 10 79
0 3 41
15 18 67
1 4 59
12 15 43
20 0 72
3 6 58
17 20 23
20 23 18
17 21 41
14 16 82
20 23 35
13 16 85
8 11 10
12 14 74
0 3 84
21 0 68
15 19 58
8 13 8
3 6 35
10 11 52
14 17 74
21 0 12
3 6 1
2 3 7
19 21 52
21 1 24
20 0 56
10 13 45
17 19 22
15 18 37
18 22 37
15 18 27
22 2 13
11 12 43
21 1 37
1 4 83
0 3 14
5 10 73
21 23 16
8 12 54
1 3 67
23 3 69
0 4 22
4 8 56
4 8 68
18 21 50
7 11 59
2 5 69
3 6 59
19 22 11
17 21 44
15 18 77
17 20 36
0 1 20
15 19 54
1 4 85
4 7 3
0 2 66
16 18 25
1 3 16
2 7 73
19 22 81
0 3 15
7 11 11
1 4 34
17 19 85
20 0 40
10 12 33
16 17 69
2 4 73
15 18 54
9 12 59
12 14 22
6 10 82
13 15 79
7 10 7
16 22 60
5 7 6
10 12 8
13 16 2
17 21 23
19 22 32
5 8 80
4 7 40
1 5 60
7 10 79
22 2 78
23 1 51
3 6 5
1 5 56
18 22 69
6 8 42
19 21 70
9 11 25
17 20 71
17 21 29
17 20 23
13 17 11
22 0 85
10 13 40
5 8 74
21 1 81
13 17 14
15 18 18
18 21 9
6 8 62
19 21 8
2 4 8
12 15 56
9 13 75
18 23 18
0 2 31
2 5 29
1 4 41
20 23 53
12 15 31
8 11 5
21 23 16
16 18 29
23 2 42
23 2 60
20 0 45
4 8 58
9 12 83
0 4 68
12 15 58
17 20 45
2 5 77
13 16 82
6 10 56
9 12 27
21 0 21
3 7 57
15 17 68
0 2 20
2 5 71
20 23 58
3 6 47
18 21 13
23 1 58
10 12 52
6 8 75
6 8 52
0 3 18
10 13 80
11 15 52
10 12 32
13 14 19
3 5 25
16 20 8
1 3 12
3 6 66
3 6 33
17 20 66
13 16 81
18 21 26
1 3 84
5 7 10
17 20 43
6 10 68
13 16 72
19 0 55
10 13 54
19 22 76
12 17 7
14 16 37
23 2 51
17 21 18
4 5 14
0 3 15
16 20 70
14 18 81
22 0 57
6 7 22
7 9 5
6 8 15
11 14 19
19 20 7
4 7 29
6 9 70
23 2 74
10 13 77
12 15 47
14 18 26
8 14 10
10 13 4
19 19 29
23 1 36
7 10 85
5 7 82
5 9 3
22 0 6
15 18 20
5 8 11
14 17 85
6 9 14
6 8 51
22 4 83
1 3 77
2 4 57
17 21 56
4 7 50
0 3 65
17 21 6
4 7 60
1 2 20
15 16 30
17 19 83
23 3 57
10 13 4
11 15 79
20 23 39
0 1 81
13 15 24
3 7 57
9 11 28
22 2 19
16 20 10
17 19 17
15 17 25
16 19 41
16 18 13
5 7 58
2 5 44
14 16 14
1 6 3
18 20 81
3 6 84
10 13 62
20 0 10
11 13 67
2 4 20
7 10 41
5 7 21
11 12 19
6 9 16
1 3 40
9 10 39
16 20 2
17 21 11
20 23 84
1 4 78
20 23 22
1 3 41
13 16 27
15 18 1
18 20 15
7 11 44
1 3 31
0 3 13
23 2 63
10 12 5
3 6 22
23 2 36
3 5 21
18 22 36
9 12 38
12 16 42
0 2 12
22 3 64
23 2 62
23 3 15
11 13 24
20 22 55
19 23 75
12 15 77
12 15 1
22 3 23
13 17 43
11 13 81
1 2 14
14 15 77
2 7 47
6 10 20
14 15 14
20 22 68
1 3 41
4 7 32
12 15 22
16 21 81
7 9 62
12 14 55
17 20 41
9 10 44
20 23 30
3 7 77
14 16 25
7 9 11
1 4 40
9 13 3
19 21 78
3 6 26
16 18 24
21 22 64
23 4 46
7 10 26
19 21 47
8 11 14
3 6 72
20 22 73
2 5 39
6 9 64
14 17 23
23 3 19
23 3 54
5 8 39
11 14 46
8 10 52
2 5 79
8 11 20
18 21 60
18 21 24
4 8 65
9 13 66
22 2 53
2 6 31
6 8 54
22 2 82
8 10 19
8 9 33
7 12 41
2 6 77
4 7 77
21 0 22
12 14 4
23 1 28
11 12 10
10 15 9
18 22 79
0 6 44
16 18 40
14 16 72
14 16 33
20 22 56
11 16 9
10 13 43
14 17 81
17 21 53
17 21 36
12 15 59
3 6 62
2 7 60
17 19 40
4 8 17
13 15 56
22 1 63
12 15 8
11 11 17
13 17 31
22 2 58
16 20 68
21 0 38
6 8 51
6 9 83
14 16 80
0 2 20
17 22 84
6 9 6
6 9 84
4 9 70
10 13 50
6 8 15
10 12 5
17 20 38
21 23 48
15 18 84
11 15 79
0 3 43
8 10 56
3 7 49
4 6 38
19 23 12
8 10 85
5 10 14
7 10 24
16 20 58
12 15 3
4 6 26
8 13 80
16 19 60
17 19 65
19 22 71
4 9 4
23 3 46
9 11 62
6 9 47
9 13 46
1 5 24
10 12 20
2 5 15
0 3 17
16 18 68
5 10 44
14 16 41
2 6 61
0 4 10
14 18 52
13 16 84
10 11 81
1 3 67
0 3 56
1 4 52
19 23 14
14 20 20
20 23 51
7 10 40
4 7 43
3 5 66
19 0 29
3 6 8
17 20 41
1 2 65
18 22 31
15 19 41
7 9 76
17 19 70
18 21 32
9 14 35
17 19 57
11 15 66
11 15 12
16 18 35
23 2 40
19 22 39
10 12 9
7 10 40
14 19 17
19 22 79
4 5 8
1 6 34
8 11 24
16 19 60
1 3 3
15 17 10
20 23 4
23 1 24
7 9 22
0 4 17
9 12 8
1 4 59
21 23 24
14 16 56
23 2 26
5 7 37
15 19 43
1 2 84
5 8 34
23 2 52
10 11 39
21 0 27
18 21 65
4 9 65
3 7 83
10 14 23
22 23 50
8 10 80
0 4 48
8 11 64
10 12 38
16 20 36
13 15 51
22 3 38
6 8 54
18 21 54
22 2 19
2 5 17
21 0 76
12 17 65
13 15 78
13 16 21
23 2 2
14 16 64
6 10 9
17 20 52
17 21 55
1 5 69
0 3 59
19 22 12
23 4 1
15 18 17
14 17 63
5 10 2
0 5 81
21 0 23
8 12 66
1 3 80
9 11 56
13 18 18
3 7 44
21 2 19
15 18 45
20 0 26
2 4 81
8 12 32
7 12 7
17 19 83
1 2 3
21 2 63
7 11 62
17 18 34
10 14 51
0 2 67
21 0 30
19 22 65
2 5 81
23 2 49
3 5 7
21 2 7
0 5 71
3 6 77
5 8 26
10 13 26
1 4 77
23 4 43
22 1 61
13 16 50
18 20 18
15 19 39
23 0 73
17 18 76
22 1 80
4 7 81
7 10 9
18 21 55
12 14 44
2 5 75
12 16 63
2 4 31
2 5 37
22 1 53
11 15 2
22 1 8
15 16 83
4 7 72
3 6 9
3 5 73
4 9 54
20 23 32
4 8 54
13 16 27
2 4 69
0 4 35
1 4 80
3 9 69
8 12 61
17 21 33
5 8 26
23 2 41
3 6 74
17 19 6
10 13 69
10 14 6
8 10 71
14 17 19
7 10 47
17 20 48
18 20 23
22 1 48
23 4 55
22 2 64
6 9 45
17 19 77
17 19 62
8 10 17
2 5 62
15 17 39
3 4 33
6 10 54
22 1 72
20 23 69
22 2 56
10 14 34
22 0 69
7 10 44
19 21 36
14 18 5
18 20 26
22 1 50
12 13 37
17 18 75
11 16 60
3 5 83
12 15 72
3 6 8
10 14 4
10 13 75
14 17 70
6 9 71
2 5 6
9 12 54
19 23 10
18 21 52
16 19 62
7 10 85
9 11 69
4 6 31
2 4 80
22 2 60
13 17 11
13 18 14
3 6 25
2 5 32
19 22 85
2 6 42
16 19 67
4 6 74
12 14 14
5 9 66
19 23 50
14 16 63
17 19 15
3 5 29
22 1 72
3 7 8
7 10 7
17 19 17
6 9 12
7 11 25
11 13 65
9 12 16
19 23 38
4 8 76
14 17 58
2 4 69
8 12 41
6 7 39
19 23 81
15 19 1
22 2 63
2 6 34
4 7 67
7 7 63
15 18 63
6 7 20
22 3 27
4 7 19
15 18 70
9 11 44
19 22 41
4 8 55
8 10 3
8 12 73
9 12 7
19 23 85
14 17 11
5 8 75
11 14 33
12 15 77
6 9 28
2 6 42
3 7 66
13 16 37
22 0 29
6 9 62
17 21 36
6 10 61
12 14 66
10 13 3
13 16 3
12 14 3
7 10 72
8 12 19
6 10 32
19 23 48
13 17 49
22 1 32
18 19 33
1 2 22
13 17 7
20 23 11
17 22 71
15 16 16
8 12 40
9 11 15
21 3 20
2 6 8
10 13 66
22 0 70
23 2 57
1 6 25
20 23 25
10 12 64
14 16 21
18 23 11
15 18 14
22 2 50
8 11 68
20 23 49
6 10 75
19 22 85
19 22 40
11 13 27
7 11 12
15 19 42
16 19 84
17 21 40
23 4 9
8 10 34
9 13 22
7 11 64
14 17 76
22 1 58
0 4 6
20 23 41
15 19 27
2 6 47
23 2 38
0 2 69
15 17 13
14 17 15
6 9 85
0 3 21
0 2 28
16 20 42
6 7 77
1 3 81
4 6 47
10 13 65
14 16 25
14 16 46
22 1 28
11 14 10
22 2 55
14 18 30
4 6 55
14 17 33
12 13 60
5 9 65
20 23 4
12 16 42
10 13 59
21 22 17
23 1 7
21 0 76
13 17 70
16 19 71
6 10 33
18 22 14
13 15 29
23 2 62
21 0 10
7 11 71
14 16 83
14 18 25
0 4 51
20 0 64
2 6 77
18 18 71
16 19 33
4 7 55
4 8 43
12 16 61
7 10 59
20 0 15
19 22 54
15 17 74
6 7 41
17 19 9
21 23 15
8 11 58
14 16 70
16 19 46
12 16 67
8 12 31
1 6 42
14 16 18
1 4 76
4 6 12
3 5 7
22 2 25
23 2 5
19 21 43
18 22 34
10 13 59
5 8 34
14 16 80
4 8 82
23 3 55
21 0 20
3 6 39
17 20 9
6 9 39
1 4 79
19 22 83
1 4 28
16 19 15
3 5 80
20 22 29
7 10 70
21 23 20
2 6 42
0 5 76
7 8 42
7 9 10
15 18 74
10 13 22
22 2 19
10 12 40
11 13 15
20 22 22
16 20 56
23 2 58
12 15 25
6 10 77
10 12 10
5 10 66
21 1 60
10 13 50
3 5 36
5 9 54
13 16 39
21 23 4
7 11 27
21 0 80
19 23 54
22 2 8
11 14 27
0 2 78
13 16 56
12 15 18
1 5 49
16 19 49
8 10 29
0 3 58
3 5 34
1 3 8
20 22 42
0 3 36
17 21 9
16 18 56
19 20 11
19 22 82
4 8 50
13 16 63
7 10 77
19 22 82
21 22 20
12 15 34
10 12 62
11 13 54
0 4 73
5 8 7
1 3 26
1 5 28
4 7 58
18 21 48
20 22 16
13 17 44
16 19 73
13 17 24
21 0 14
22 1 14
14 16 80
19 21 78
14 17 5
8 11 22
4 5 74
15 18 7
5 8 81
4 8 51
19 20 28
23 2 35
9 12 38
0 5 69
8 10 25
7 11 72
0 4 57
22 2 83
19 22 70
0 3 41
12 15 70
2 7 83
23 2 66
22 2 47
18 19 8
4 6 72
15 17 4
2 6 3
13 15 52
16 20 36
11 13 24
10 13 6
11 16 55
11 15 15
10 13 44
3 8 11
5 6 7
