1000 88
58 78 73 88 74 31 16 45 41 59 14 60 64 5 82 14 42 44 30 26 52 64 20 3 62 22 35 79 54 79 62 86 59 63 74 54 3 88 66 28 59 53 24 18 23 59 71 43 88 43 41 14 16 65 52 45 32 72 18 13 24 27 81 81 45 33 52 33 56 86 47 42 43 73 86 41 82 70 71 13 41 73 70 9 4 51 41 78 
19 21 63
9 12 73
3 6 11
21 1 50
22 0 9
0 3 71
1 4 27
0 4 70
12 15 75
2 4 39
3 6 56
4 8 71
5 8 52
4 7 36
8 12 49
7 10 64
17 20 15
11 15 48
19 22 39
23 2 51
4 7 86
5 7 38
20 22 3
23 3 47
11 14 18
12 15 60
1 5 16
7 9 62
6 9 70
23 3 64
17 20 57
14 18 11
6 10 49
18 21 8
10 12 85
1 5 65
9 13 26
14 18 61
5 7 2
8 11 39
6 9 74
18 22 64
23 1 6
1 3 6
14 17 4
0 4 25
14 16 74
15 18 5
6 9 6
3 6 69
4 6 65
4 7 63
15 16 73
23 3 63
23 0 83
5 9 15
10 12 54
5 9 52
21 1 62
23 1 49
4 5 20
7 10 80
1 4 67
8 10 50
19 22 53
13 17 17
13 17 53
15 18 11
14 17 20
17 21 83
8 11 3
0 3 50
17 20 29
0 3 69
10 11 22
19 22 44
11 14 4
16 18 54
8 11 51
16 19 77
12 14 2
18 21 67
22 0 25
10 13 82
20 22 34
2 5 55
8 10 33
13 16 42
4 7 28
19 21 4
15 18 75
0 4 62
17 19 18
20 23 76
8 11 1
16 19 32
1 5 71
11 15 9
15 17 60
1 3 76
15 17 87
7 10 34
16 19 41
6 9 70
11 13 85
2 4 33
11 14 9
5 9 56
5 7 41
21 0 39
4 8 8
13 15 66
16 20 28
21 2 44
2 6 55
10 14 38
9 12 81
17 22 54
6 9 88
16 19 60
13 17 57
23 0 76
11 15 19
12 14 81
11 13 6
22 2 88
10 15 15
5 9 15
5 7 58
21 0 86
22 1 46
0 3 14
6 10 86
21 23 44
3 7 2
1 5 85
15 17 78
21 2 64
23 3 57
13 15 4
4 6 56
4 5 63
0 4 3
23 1 12
10 14 51
12 16 54
20 22 32
23 3 9
2 5 60
2 6 15
6 8 58
6 8 38
0 3 61
20 0 86
9 11 85
9 11 52
13 16 23
3 7 18
12 15 84
10 15 78
4 7 64
1 4 84
10 12 28
9 12 84
4 6 85
23 3 48
20 22 66
11 16 39
1 5 66
0 4 45
0 4 88
6 8 85
15 18 38
12 14 70
11 13 24
2 6 27
4 7 42
4 6 19
3 7 17
11 16 14
20 23 85
22 1 16
22 1 23
20 0 44
7 10 74
2 5 39
21 1 53
10 13 3
14 17 88
21 0 35
8 11 75
22 2 59
20 22 7
17 21 41
5 7 38
13 16 47
23 2 16
20 23 43
16 18 59
6 7 49
13 14 31
12 15 39
17 18 40
3 7 9
12 16 72
8 10 34
0 4 83
7 10 83
10 12 71
21 0 24
23 2 1
13 16 21
5 9 22
19 23 62
21 0 7
3 8 40
8 11 68
3 5 46
1 4 84
22 1 47
0 2 80
12 14 72
15 18 6
5 7 34
18 23 74
21 0 24
0 3 86
19 22 53
21 1 38
14 17 9
10 12 18
9 12 85
5 8 8
7 10 68
21 0 6
7 10 78
10 13 13
8 11 29
20 23 14
20 1 84
11 14 66
1 3 31
7 11 16
20 0 42
16 18 84
1 3 64
16 19 78
22 1 82
8 10 31
10 12 12
23 2 45
9 9 62
13 15 76
20 0 85
16 19 24
5 7 66
9 12 61
14 18 57
10 13 54
23 2 83
21 0 18
5 8 32
12 15 50
17 19 85
23 3 33
22 23 12
4 7 70
10 12 70
23 3 44
14 17 50
22 2 35
3 7 75
4 7 57
13 16 47
22 2 11
2 6 60
13 17 34
16 21 76
4 8 31
23 2 81
16 19 26
14 17 81
16 20 81
5 7 50
9 12 12
15 19 9
2 5 42
8 10 81
2 5 18
20 23 34
19 23 51
8 10 35
7 8 13
12 16 72
0 2 24
23 2 43
13 15 47
8 11 81
1 3 38
16 20 30
19 23 73
15 17 78
23 3 9
17 20 15
21 0 8
17 21 3
8 13 29
17 20 62
21 0 11
6 10 34
2 5 73
0 4 72
21 1 74
22 0 44
21 0 19
17 22 36
23 3 37
17 20 17
19 22 85
13 14 43
3 7 84
15 18 17
2 5 46
13 17 81
1 5 63
0 3 34
18 22 83
8 11 53
21 1 79
20 23 43
19 22 85
7 10 35
20 23 22
12 16 11
19 22 68
15 19 63
19 23 51
4 7 79
13 18 12
11 15 72
12 15 85
6 9 53
3 6 85
18 21 11
17 21 2
0 3 62
0 2 73
16 19 38
10 13 21
11 13 50
7 11 74
14 18 33
18 20 40
4 5 62
23 4 18
10 15 26
1 4 37
11 14 46
21 23 27
7 9 83
19 23 12
13 15 78
11 13 35
9 14 5
23 2 12
4 5 53
23 1 70
5 7 78
8 11 46
10 13 37
20 23 39
22 2 58
11 15 67
20 22 12
21 22 37
17 22 72
19 22 30
16 19 77
6 9 28
13 18 27
9 12 81
2 5 50
22 1 65
10 13 30
6 9 26
22 1 50
19 23 78
21 23 4
7 9 7
10 12 31
3 6 36
16 18 50
23 3 12
9 10 21
19 22 85
14 17 12
6 9 50
14 19 24
3 5 74
22 3 30
14 17 16
11 14 4
11 13 6
16 19 54
5 7 81
20 0 62
0 3 67
14 18 74
20 23 34
2 5 86
23 1 78
19 20 28
5 8 16
17 21 80
5 7 66
6 9 28
21 1 14
8 10 40
1 5 22
18 22 30
8 10 31
20 23 24
4 6 53
14 17 46
17 19 24
14 17 33
0 4 14
4 7 30
15 17 23
11 13 55
10 13 35
2 5 45
18 21 44
21 0 44
15 18 81
19 21 43
0 4 62
6 9 84
8 12 68
13 17 76
3 7 67
13 15 60
4 7 83
11 13 54
6 8 18
18 20 2
7 10 39
0 2 77
12 15 25
19 20 72
4 8 83
18 20 46
8 9 15
18 21 61
1 5 75
1 4 49
3 6 31
0 1 34
3 5 31
15 17 65
0 4 86
18 22 21
3 5 66
19 22 51
10 14 81
20 21 8
16 18 23
7 10 75
19 22 63
2 6 60
2 4 55
4 5 65
3 6 56
23 3 8
2 4 47
10 13 50
13 16 68
10 12 62
9 12 39
1 5 28
17 21 55
9 12 18
20 0 14
11 13 78
18 21 60
13 17 48
11 13 71
17 20 52
23 2 30
20 0 35
12 16 37
3 5 3
16 19 39
16 19 70
17 22 71
0 3 79
22 0 58
4 7 3
3 7 70
9 10 4
9 13 6
8 11 11
8 11 40
4 8 1
0 3 8
5 7 29
1 5 88
9 13 22
6 9 11
17 23 81
8 12 73
13 14 65
21 0 28
19 21 15
16 19 8
22 2 70
12 16 83
18 23 61
0 2 26
22 2 58
5 7 67
2 4 21
5 9 52
9 12 4
4 7 83
17 19 14
20 22 42
9 11 30
2 5 77
7 10 67
19 23 5
18 21 15
7 10 60
22 3 29
5 9 19
15 16 14
8 10 56
5 9 36
3 6 17
11 12 46
11 15 42
3 6 71
6 9 26
7 9 74
3 8 25
16 18 67
22 23 41
18 21 85
11 14 5
20 0 15
0 4 71
23 3 17
0 4 76
23 3 21
1 5 82
0 3 43
23 1 15
7 10 54
3 7 34
21 0 76
3 5 30
12 14 37
11 11 86
0 2 27
0 3 71
18 20 21
3 7 53
17 22 84
21 1 46
7 10 59
14 17 8
9 13 81
18 21 42
5 6 28
0 4 72
14 16 15
10 14 72
0 4 23
8 10 12
8 10 74
12 15 17
23 3 9
5 7 15
9 11 59
0 3 19
13 15 55
19 22 83
8 12 82
6 9 85
11 13 61
0 2 9
18 21 51
19 21 36
5 7 43
10 14 12
12 14 71
18 21 22
22 23 66
8 11 45
9 12 31
16 20 29
23 1 51
1 4 9
23 2 51
9 10 31
16 19 43
17 18 29
1 4 7
8 12 3
9 11 83
2 5 42
19 21 18
10 12 12
10 12 73
0 3 78
2 6 2
1 2 28
21 23 87
14 17 64
2 4 23
14 17 59
5 7 70
2 7 30
4 7 68
1 3 4
14 16 68
12 16 19
23 3 32
23 1 76
19 21 28
20 0 7
16 21 33
12 15 11
9 12 14
12 18 65
23 1 88
22 1 8
22 1 83
11 15 59
8 10 80
3 7 10
3 8 24
1 2 2
7 11 26
19 22 86
15 20 68
9 12 12
14 18 11
4 9 2
21 0 39
21 0 16
16 20 36
22 0 74
17 19 88
23 2 4
16 18 84
16 19 62
6 10 56
21 23 1
6 9 52
16 18 23
12 16 1
13 17 74
18 21 42
12 15 84
10 13 38
8 9 16
16 20 77
11 13 19
10 12 81
4 8 26
2 7 61
10 12 78
11 13 33
0 1 83
5 8 88
20 0 39
23 2 15
3 6 29
7 10 56
14 16 58
3 7 46
9 14 8
15 18 35
19 0 29
1 5 56
6 9 84
0 3 71
21 23 3
1 4 64
12 14 61
0 1 58
2 6 55
0 3 86
5 8 48
7 10 4
1 4 76
23 1 58
13 16 3
13 17 4
1 5 6
3 7 75
11 13 58
2 4 68
0 4 26
6 11 6
4 7 80
21 22 6
21 23 24
12 14 52
19 22 37
12 15 74
15 19 48
15 17 78
20 23 57
11 14 10
12 14 86
19 21 52
17 20 48
10 13 12
7 10 20
8 10 37
16 17 25
18 21 61
12 14 31
10 14 82
1 4 26
19 23 57
17 18 41
20 22 52
12 16 13
20 23 41
5 8 4
17 19 28
22 2 6
11 14 51
7 10 59
10 14 37
12 16 22
15 17 19
5 9 45
12 15 3
7 11 68
10 14 27
3 6 40
0 4 53
9 11 83
15 19 11
7 10 49
23 3 73
11 16 29
7 11 53
23 3 7
20 23 50
5 7 82
15 17 15
4 7 17
12 15 12
21 0 48
9 12 52
18 23 31
11 14 13
22 1 23
16 17 49
5 6 81
13 15 62
2 5 30
4 7 49
2 5 31
10 13 49
14 19 29
20 0 59
15 18 21
10 10 53
14 17 51
12 15 19
11 14 68
18 22 73
12 16 11
13 15 49
8 11 52
8 13 86
7 8 71
1 5 37
9 12 27
11 15 24
21 1 64
7 11 4
6 8 53
17 20 73
12 14 4
4 7 38
2 6 17
12 15 47
14 14 4
19 21 74
17 20 63
21 22 74
1 3 29
2 4 43
6 6 18
13 15 22
11 15 56
18 21 4
5 8 83
7 9 82
6 11 74
2 6 65
17 21 80
19 20 86
15 18 17
6 8 48
23 1 14
14 18 40
1 3 26
14 18 71
1 3 5
1 4 12
21 0 80
0 2 23
16 20 80
18 22 7
17 19 3
20 0 39
15 19 38
23 2 13
4 7 48
13 17 68
23 4 30
10 13 81
10 13 80
9 13 33
9 11 67
15 17 8
17 20 2
5 9 42
21 0 54
11 14 85
0 4 39
4 7 70
1 4 71
21 23 84
2 5 84
5 9 7
12 15 31
10 12 83
7 9 29
4 6 1
5 9 21
17 20 6
12 14 64
12 15 87
4 5 16
0 3 2
6 9 11
17 19 65
19 23 71
7 8 50
3 7 73
13 15 76
13 16 43
12 16 70
0 3 85
14 16 71
5 8 64
10 13 46
22 2 30
22 0 77
15 17 6
9 10 72
2 5 70
0 4 59
5 8 44
10 14 80
9 10 39
20 23 2
14 16 52
18 22 7
12 15 28
2 6 21
13 17 17
12 14 24
18 19 22
11 14 17
18 20 23
22 2 58
9 12 29
0 1 4
18 21 58
3 6 59
7 11 8
6 9 35
11 15 86
22 1 46
3 5 8
15 17 77
0 3 74
23 2 39
16 18 64
8 11 3
9 14 32
5 7 70
8 10 31
0 3 1
18 21 65
9 12 51
16 18 75
20 23 17
19 22 28
19 22 65
15 19 64
13 16 76
16 19 25
22 2 59
15 18 78
9 13 63
5 9 59
10 13 79
19 23 25
18 21 68
9 14 67
15 18 13
17 20 27
15 18 26
10 13 66
12 17 59
15 18 32
2 5 42
10 13 25
10 15 78
20 1 45
5 8 75
15 16 42
1 2 11
15 19 45
19 23 77
17 23 6
20 1 84
9 13 55
22 1 13
0 3 28
14 18 45
16 18 64
19 23 19
13 16 34
19 21 81
19 23 87
11 13 78
3 6 52
8 11 42
5 7 24
4 9 34
20 23 88
20 0 68
8 10 27
21 1 8
18 22 54
0 3 50
12 14 25
18 19 48
8 14 37
10 12 79
1 5 56
22 2 8
3 7 70
23 4 38
7 9 68
1 5 47
23 2 42
17 20 56
18 21 45
17 19 45
20 0 72
22 2 36
23 2 87
0 2 5
7 10 26
15 19 72
16 19 78
17 20 28
17 20 77
18 21 38
12 15 48
16 20 5
3 7 17
23 2 50
13 17 4
17 21 68
3 6 81
2 7 35
9 12 15
19 21 78
20 1 80
5 9 55
11 13 84
20 22 14
2 4 77
7 12 79
8 12 71
8 11 47
