1000 93
61 78 10 42 25 54 92 44 55 10 8 15 32 19 1 84 17 74 28 81 58 78 26 5 3 45 91 8 89 5 18 50 15 82 68 63 78 4 87 40 6 29 17 92 79 55 74 35 50 5 61 9 30 79 1 27 27 49 9 71 65 86 26 2 38 16 48 18 58 5 40 78 54 39 14 28 24 9 46 36 1 28 54 60 55 88 75 29 49 90 2 84 38 
7 11 36
1 3 31
16 20 49
8 13 19
16 18 24
17 20 14
2 5 60
14 15 44
0 3 3
12 14 36
10 12 36
17 21 81
0 5 18
14 17 28
17 22 65
21 1 78
20 23 86
2 5 56
8 10 9
11 15 66
7 10 28
4 8 43
4 7 27
19 23 31
19 21 83
14 17 29
5 9 56
7 10 69
9 12 90
1 4 77
19 21 51
7 10 8
1 5 91
20 22 64
1 4 38
8 11 50
10 13 34
22 3 17
15 19 41
16 19 52
20 23 26
13 17 31
18 21 70
12 15 6
3 6 76
21 1 71
15 18 68
3 6 35
17 20 15
0 3 68
4 6 57
20 22 81
5 7 5
11 13 70
10 11 23
0 3 76
17 0 79
14 18 17
14 16 42
2 6 58
18 21 6
4 8 6
16 19 90
1 5 53
23 2 93
17 20 47
4 6 20
12 15 40
3 8 41
3 7 19
15 18 24
13 16 33
23 1 16
0 3 4
11 14 74
11 14 25
3 6 10
5 8 13
10 13 4
16 20 78
21 23 67
1 4 25
18 19 66
4 6 9
13 14 59
23 1 15
2 8 61
9 11 47
2 6 67
15 18 79
21 23 33
8 13 30
5 9 51
8 10 36
10 12 68
15 17 16
4 9 78
21 1 25
23 0 70
0 4 17
22 0 69
22 1 73
8 11 29
0 3 61
9 13 27
17 21 24
21 0 45
21 0 5
20 21 9
3 7 57
2 5 82
23 0 93
4 7 17
13 17 52
9 13 5
22 1 22
15 18 52
11 13 3
18 22 76
5 9 42
22 0 21
8 9 32
18 21 81
6 9 45
2 5 76
6 8 78
22 23 55
8 11 31
16 19 33
19 23 30
21 23 93
10 13 14
20 0 46
10 13 52
17 19 60
14 17 92
21 23 67
20 0 43
8 12 12
14 18 37
11 14 57
3 6 50
12 13 70
1 5 21
20 22 34
3 6 81
13 15 47
11 13 87
7 10 43
19 23 1
19 23 68
4 6 76
14 17 42
14 18 44
5 7 68
16 18 21
11 13 80
3 6 82
22 2 21
3 8 93
1 5 36
16 18 7
9 10 32
0 2 25
22 0 63
19 22 69
4 7 20
0 1 45
3 6 24
20 0 2
12 15 17
11 14 65
0 3 27
8 10 65
1 2 41
4 7 37
0 3 77
17 21 63
11 14 55
18 21 1
8 10 51
17 21 42
14 17 87
13 15 71
13 15 87
8 13 13
3 6 59
13 16 23
13 16 93
3 5 6
1 4 6
8 12 15
2 6 89
11 14 81
12 14 76
22 2 51
13 15 67
20 21 74
17 20 74
21 1 93
17 19 19
13 16 27
7 10 73
14 17 93
21 0 5
16 19 5
11 13 54
22 0 48
23 1 27
18 22 30
18 20 46
6 8 29
21 1 67
14 17 89
11 15 40
13 17 89
16 20 7
11 12 30
3 7 28
23 3 56
1 3 50
7 11 64
18 20 1
1 4 3
20 0 61
23 1 92
9 12 34
21 0 80
4 8 59
0 2 67
14 18 8
3 6 73
1 5 1
0 2 29
16 19 24
1 2 11
1 4 19
5 8 62
15 18 32
20 23 92
13 16 45
2 7 11
9 14 11
19 23 33
15 18 86
12 14 52
8 11 29
2 6 6
6 9 63
4 6 92
1 4 53
9 10 75
3 8 49
23 1 77
6 8 68
12 14 83
6 9 14
6 9 11
10 12 50
22 2 63
17 21 71
10 13 65
23 3 30
10 12 16
7 9 71
20 0 66
5 10 9
19 22 77
1 4 77
23 1 61
5 9 23
22 1 13
18 19 38
13 16 93
8 13 74
4 8 45
20 21 48
0 3 86
5 7 3
9 11 8
2 6 87
11 15 82
5 8 49
11 15 89
20 23 1
15 17 46
6 10 48
5 7 5
9 11 64
0 4 84
17 22 19
15 17 30
12 14 56
21 0 15
15 19 39
15 18 41
18 21 27
8 11 84
12 16 73
23 1 44
6 8 12
16 19 71
22 0 20
8 9 76
4 7 16
10 13 64
9 13 23
15 17 50
17 20 64
0 2 92
2 5 19
14 16 34
22 1 4
15 18 65
21 1 75
16 19 78
5 6 43
0 3 82
22 0 31
14 15 20
20 0 87
3 7 80
17 23 30
4 7 53
15 17 68
4 5 21
18 21 35
15 17 64
0 2 16
14 17 73
11 14 38
14 17 19
6 8 38
13 16 74
12 16 38
11 14 2
5 7 86
23 2 49
8 13 18
13 14 3
16 19 57
23 3 4
22 1 44
4 8 82
12 17 23
14 15 34
13 16 65
21 22 4
9 12 39
17 21 37
8 13 61
17 22 44
0 3 46
10 13 87
22 0 87
0 5 20
9 11 66
2 6 81
11 13 69
12 13 46
13 16 85
2 3 81
14 18 88
12 16 35
12 15 54
21 0 26
20 0 3
16 19 47
21 23 33
23 4 78
17 22 41
0 4 70
9 13 7
17 20 41
16 18 19
5 8 66
23 3 22
19 19 9
19 23 41
7 11 85
2 5 51
10 13 34
14 19 40
8 12 54
19 21 82
19 23 14
9 11 33
8 13 47
16 17 54
6 7 13
0 4 70
16 20 36
18 22 62
14 18 80
7 11 68
20 23 3
18 21 26
16 20 23
12 15 76
23 3 18
20 22 56
6 9 31
13 18 82
7 10 12
18 21 38
14 19 67
19 20 83
0 2 21
2 6 29
2 6 43
21 0 12
19 22 7
14 16 18
7 9 18
17 20 58
1 3 69
16 20 34
21 0 12
1 4 11
23 1 32
16 17 34
23 2 14
5 7 88
20 1 60
17 19 59
11 14 36
7 10 84
18 21 40
9 13 75
21 0 59
11 14 16
14 16 84
5 7 54
18 21 85
22 23 79
16 20 50
2 5 62
5 9 8
2 5 92
10 13 13
18 21 85
11 14 54
12 17 73
10 14 6
3 6 63
18 22 15
9 13 19
2 5 24
9 12 90
20 23 38
14 17 51
18 21 49
15 18 78
23 3 63
19 21 58
7 10 41
14 17 39
17 19 48
12 15 52
15 19 23
6 10 27
5 7 40
16 20 29
14 18 15
18 20 76
14 17 27
0 4 61
8 11 90
21 1 45
14 16 39
21 23 9
11 14 77
20 22 34
18 22 11
3 8 83
11 16 91
12 14 80
20 23 82
14 17 4
12 15 84
2 6 83
22 1 77
18 22 92
8 10 29
8 12 54
8 11 26
10 14 23
9 11 85
15 17 80
12 16 33
11 15 80
1 4 71
4 7 89
15 18 73
16 18 71
20 23 16
5 9 57
20 23 92
17 19 19
15 17 47
3 7 53
19 22 16
6 10 65
10 13 85
4 7 32
3 8 52
2 8 21
14 15 63
8 11 2
18 21 44
20 22 38
9 11 64
22 1 26
2 3 39
2 6 76
1 5 38
8 10 63
20 23 27
0 4 83
15 16 44
22 3 56
14 18 69
13 15 45
0 3 27
19 23 5
1 4 11
5 7 3
15 17 56
23 3 53
13 17 69
17 21 8
7 11 91
23 3 6
20 22 65
3 7 80
15 19 64
3 6 42
7 10 87
2 5 74
8 10 33
8 9 27
13 17 40
2 4 37
7 10 45
5 8 33
6 9 2
5 6 85
1 5 77
16 19 51
1 4 50
11 12 40
12 16 61
14 15 50
2 5 28
4 8 10
10 13 81
2 5 71
4 6 65
20 0 3
18 22 37
19 22 90
7 8 89
3 8 11
6 9 49
3 7 29
12 17 18
0 4 50
22 1 37
2 5 39
22 1 90
3 7 21
3 4 10
10 13 17
19 23 5
20 0 64
22 2 85
3 7 57
6 9 29
2 5 64
7 11 20
8 11 25
1 5 71
23 2 37
18 20 42
7 11 28
10 13 19
19 23 65
11 12 23
23 2 59
20 21 38
18 21 30
23 2 26
10 12 15
19 22 69
11 14 79
4 6 80
13 17 21
11 13 41
9 12 16
6 9 36
4 4 59
14 17 30
1 5 90
3 4 65
9 13 38
23 2 60
14 17 42
18 21 76
16 17 3
23 3 32
1 4 90
17 19 12
8 10 6
10 14 6
23 2 17
19 22 77
4 8 56
20 23 87
6 11 38
9 11 36
19 23 19
5 9 92
12 15 4
10 14 61
1 4 46
0 2 52
16 19 77
22 3 7
14 16 12
1 4 45
13 16 7
23 4 70
0 4 35
20 0 61
8 10 29
20 22 47
23 3 52
4 9 68
11 12 15
20 23 62
13 16 15
9 13 32
5 8 16
10 13 47
2 5 19
11 14 6
0 2 65
4 7 19
20 23 53
19 21 11
16 18 29
2 5 16
7 10 82
2 6 2
12 13 42
10 13 3
16 18 33
23 1 47
14 16 15
16 20 74
10 14 7
3 9 72
21 0 2
9 11 56
3 5 61
19 22 90
10 15 54
15 18 26
18 21 56
17 18 45
16 20 3
12 14 19
9 14 75
2 5 5
0 3 35
21 1 36
15 18 36
17 21 91
7 10 10
11 15 32
21 2 23
7 11 69
21 2 27
6 10 66
17 22 88
18 22 81
1 5 39
15 18 36
3 4 7
19 22 70
19 22 62
17 21 73
5 9 83
6 9 62
9 13 87
18 21 12
20 23 28
4 7 31
10 12 65
4 8 22
16 19 58
15 17 24
1 4 10
18 22 38
16 20 52
11 15 82
21 0 37
10 11 26
4 6 51
15 20 13
22 23 66
9 12 66
12 14 6
6 9 18
1 5 13
12 14 33
0 1 68
5 9 17
4 8 74
16 16 7
3 5 37
9 13 87
5 9 82
19 21 24
1 6 63
17 22 49
5 9 7
19 22 32
20 22 28
8 11 61
3 8 69
13 16 53
11 12 51
23 2 63
10 13 48
19 23 27
11 14 78
16 18 26
5 9 58
21 0 61
13 16 34
0 3 28
1 4 10
22 1 11
23 1 47
8 13 80
9 12 71
8 13 81
15 19 78
8 11 15
20 0 49
2 5 88
13 17 10
7 11 8
9 13 2
4 7 13
23 2 30
5 9 65
5 8 9
13 15 82
4 8 70
0 2 38
4 7 8
18 19 88
18 20 30
14 18 15
15 19 47
4 5 16
20 22 90
22 2 89
9 13 62
16 19 39
5 7 1
20 21 47
8 11 7
16 19 52
8 11 65
11 15 53
11 15 39
6 9 55
17 19 88
0 2 52
9 13 23
6 9 75
5 8 26
2 5 40
23 3 68
17 22 5
1 4 60
7 10 40
16 19 81
21 22 84
1 5 8
17 20 9
1 5 14
20 0 71
5 10 92
13 15 23
16 19 39
11 15 50
5 9 24
4 6 87
7 10 89
8 10 27
19 21 74
8 10 29
3 7 76
22 1 36
4 6 66
22 4 49
22 1 30
17 19 47
5 8 7
20 22 39
22 0 54
13 15 35
14 16 42
0 4 25
9 13 31
14 16 6
21 23 54
1 4 21
16 20 61
2 5 9
23 2 64
7 12 57
3 6 92
23 2 77
21 1 72
0 3 77
6 9 29
5 9 57
22 2 38
4 7 68
2 5 63
8 10 22
1 3 49
7 10 58
2 5 70
21 0 29
20 23 24
6 9 89
4 9 89
17 20 39
1 5 3
0 2 28
23 3 11
0 2 3
12 16 73
14 18 65
9 13 63
22 0 7
17 21 52
6 8 66
6 9 70
12 15 43
3 7 14
13 17 57
15 17 33
22 1 43
3 4 63
16 20 69
2 5 66
14 17 51
10 12 46
23 2 66
14 17 53
2 5 77
6 9 14
0 3 21
17 19 44
19 23 23
14 16 41
15 19 17
16 20 76
1 6 20
2 6 53
11 15 63
11 16 54
20 23 43
16 19 87
9 13 6
10 13 86
9 11 90
15 19 18
7 10 8
23 1 79
16 19 31
11 13 10
11 14 42
17 21 62
8 12 31
23 1 72
8 11 91
9 13 51
5 9 33
4 6 87
10 13 15
22 1 47
10 12 43
18 20 41
0 1 74
8 9 1
22 0 74
20 0 31
5 6 62
12 17 4
5 9 55
22 4 51
13 17 2
15 16 7
19 23 68
14 18 66
19 22 64
6 8 27
9 13 16
22 1 61
2 5 23
22 2 56
16 17 83
19 22 18
10 15 88
11 13 93
11 15 18
18 20 44
9 11 77
16 19 76
20 0 68
7 9 10
23 4 25
6 9 91
13 16 32
8 10 32
8 10 79
9 11 91
5 8 18
13 16 78
16 19 73
4 8 75
6 9 61
9 12 39
10 14 19
14 17 57
11 14 53
8 12 39
19 23 32
5 8 35
19 22 56
11 14 7
10 13 70
20 1 17
22 1 20
22 1 26
5 8 7
21 1 15
13 19 1
13 18 66
23 4 88
9 12 88
6 7 49
11 15 43
21 0 58
15 18 16
21 1 46
2 4 34
11 14 16
12 15 71
18 19 33
2 5 52
20 22 65
11 17 86
8 12 31
0 4 28
13 14 10
2 5 71
13 16 36
16 19 61
19 21 44
14 18 51
7 9 81
4 7 47
8 11 4
21 0 46
1 3 28
13 16 62
19 22 91
14 19 66
11 15 4
15 19 1
19 22 72
13 18 43
8 9 28
20 0 57
19 23 43
6 8 70
13 16 82
16 19 72
3 7 15
17 20 68
15 20 11
