1000 54
32 25 53 7 33 40 31 38 18 35 21 48 26 15 23 3 32 33 49 13 28 33 7 49 8 51 50 4 31 21 16 51 35 8 48 14 34 53 17 40 3 7 11 45 36 20 36 3 13 27 47 13 15 34 
23 2 30
18 21 54
19 22 20
4 6 49
13 16 21
22 2 49
7 9 18
14 17 4
2 4 32
2 5 37
0 4 44
4 5 26
11 14 16
11 14 2
4 7 23
9 14 22
22 1 45
13 17 16
21 22 15
11 14 41
2 6 34
9 12 28
14 16 1
18 20 28
3 6 11
18 20 46
10 13 29
0 3 1
3 6 7
7 8 49
0 3 14
21 0 43
8 9 43
10 13 51
0 1 24
13 16 20
20 23 38
19 23 46
7 8 3
9 10 52
9 13 35
6 9 51
10 11 49
11 14 49
9 14 13
18 21 40
0 4 23
1 4 43
20 23 18
8 10 6
19 20 33
15 19 19
5 8 9
16 20 43
13 15 45
18 23 9
14 18 2
19 22 31
4 8 54
4 7 23
23 3 22
1 5 51
17 21 21
10 13 41
3 7 51
3 7 26
22 1 52
17 21 20
0 4 54
2 4 52
10 13 47
14 16 40
3 6 17
23 3 11
6 8 25
0 3 44
2 6 14
8 11 50
19 21 26
21 23 31
6 11 8
8 9 20
15 17 47
9 13 26
10 13 19
18 22 19
13 15 19
3 7 35
16 20 42
9 13 16
0 4 38
20 23 13
9 13 13
8 11 43
1 4 35
10 12 24
14 17 3
7 9 30
14 17 23
22 0 9
1 4 31
12 15 43
13 17 12
19 22 41
7 10 51
5 7 45
19 0 52
7 8 17
19 0 43
0 3 15
9 10 8
10 14 11
19 22 31
4 8 52
10 13 26
1 4 20
18 22 42
20 23 52
10 11 27
20 0 32
3 5 15
15 19 6
3 6 27
15 19 9
22 2 1
22 1 3
21 0 39
0 4 36
0 2 25
2 5 46
17 20 34
8 11 21
14 16 36
8 11 53
8 12 24
22 2 46
12 16 16
2 5 27
8 11 9
15 18 12
0 0 12
20 21 43
9 13 19
5 7 17
12 17 39
0 3 15
15 18 49
3 4 19
19 22 31
5 9 53
1 4 25
7 8 19
2 6 27
22 1 20
14 18 36
0 2 38
3 5 46
13 16 37
11 15 34
17 20 5
19 21 52
6 9 36
21 0 36
23 1 30
20 0 54
0 2 27
1 3 17
7 9 39
10 11 9
22 1 28
18 23 32
6 9 45
1 4 3
15 17 21
17 21 14
0 4 17
21 21 52
20 1 2
23 2 11
16 21 27
21 0 24
17 19 27
1 5 4
4 5 25
19 22 33
8 11 33
8 11 52
14 15 41
13 17 19
9 14 28
12 18 18
5 8 12
8 10 36
13 15 43
17 18 35
12 14 46
18 20 41
22 1 44
5 9 12
11 14 3
18 20 49
8 12 42
11 15 18
20 22 1
13 17 14
15 16 2
5 8 38
14 17 48
12 14 54
13 15 37
11 14 10
20 23 50
18 21 28
15 19 47
21 23 42
12 15 5
17 19 19
22 1 51
9 11 40
5 10 21
20 22 43
3 5 48
14 16 32
13 14 25
7 10 52
22 2 8
0 5 13
5 8 17
0 3 41
10 13 9
1 5 16
13 15 23
8 12 20
9 12 30
11 14 46
6 10 47
18 21 35
2 6 5
22 0 45
7 11 18
16 22 54
23 2 39
5 8 37
8 9 4
3 6 37
0 2 11
11 16 20
15 19 48
20 23 28
21 22 17
21 23 26
15 16 40
14 19 12
5 7 13
23 3 38
4 9 20
0 4 30
16 19 33
1 3 43
22 1 50
10 13 28
8 12 40
13 15 2
5 7 21
3 7 32
8 9 48
12 15 19
3 6 42
10 12 52
14 16 22
6 9 27
12 14 38
5 9 18
8 10 47
22 2 5
12 16 16
3 6 26
16 18 28
8 11 50
22 1 12
6 9 22
5 9 32
6 8 6
23 2 28
5 9 46
3 6 47
19 22 19
2 4 44
16 18 44
22 2 20
1 2 52
16 18 29
22 2 15
9 13 37
8 11 36
22 2 51
15 17 34
2 5 24
0 4 22
20 0 44
16 18 8
10 14 27
4 8 40
5 8 27
15 18 16
10 13 50
12 14 33
16 18 15
12 16 49
11 13 34
3 6 42
2 5 3
22 2 48
1 4 50
10 12 13
10 14 21
22 1 12
4 7 3
18 20 17
10 12 8
9 13 35
19 23 13
23 3 34
21 2 46
22 2 32
19 21 18
10 12 36
15 18 11
21 2 5
6 8 28
3 7 41
1 4 4
15 19 35
10 12 4
11 14 38
21 1 51
8 11 35
8 12 22
17 21 53
21 0 36
23 4 44
2 4 39
1 4 41
1 3 16
18 20 42
23 3 17
15 18 33
17 19 45
7 11 36
8 10 1
13 17 23
20 22 52
4 6 37
2 5 30
19 23 51
6 9 20
8 12 27
23 1 49
1 4 8
23 4 37
19 21 10
23 2 11
12 15 16
11 14 44
21 0 17
0 5 28
22 0 44
13 17 17
23 3 2
9 12 24
17 19 48
18 21 22
22 0 28
6 7 7
16 20 20
9 12 26
20 0 21
22 1 10
0 2 18
7 9 18
11 15 28
4 7 26
13 16 11
3 7 9
22 3 44
10 15 43
13 15 25
7 8 15
17 19 11
13 15 51
8 12 31
3 6 38
13 16 54
14 15 5
5 9 36
20 21 9
22 1 38
12 15 12
7 12 19
20 22 34
13 15 54
5 8 29
1 3 30
23 2 49
7 10 50
0 4 29
4 9 39
22 0 40
21 0 54
10 13 29
21 2 3
12 14 39
0 2 23
3 6 20
13 16 30
13 17 6
19 23 50
14 16 45
6 8 38
18 21 15
4 6 28
14 17 25
9 12 17
17 21 40
8 10 35
12 16 6
11 14 33
13 17 21
4 7 28
23 4 51
20 23 11
8 11 42
15 17 52
15 19 28
3 6 4
7 11 33
7 8 53
10 13 50
13 16 14
5 8 49
2 7 35
18 21 14
3 5 34
21 0 8
12 14 15
19 22 52
10 14 14
21 1 49
4 6 33
8 11 26
12 14 21
19 22 21
14 17 52
19 23 28
14 16 4
21 23 30
9 11 19
7 13 44
0 0 46
12 14 5
12 14 13
15 19 22
6 10 50
5 9 39
4 7 18
13 17 43
4 5 46
17 22 8
7 8 20
3 5 21
2 7 9
15 17 5
2 5 40
12 16 43
10 14 38
7 10 13
18 19 10
6 9 38
18 20 41
15 17 27
9 13 18
23 2 51
4 5 51
18 22 25
7 11 54
19 23 37
16 18 49
16 19 32
2 6 2
8 12 34
21 0 15
1 5 52
2 5 3
10 14 10
3 7 8
23 2 12
22 0 23
10 11 15
2 3 21
16 19 52
19 21 24
22 2 8
13 16 18
2 6 18
12 13 8
18 20 24
4 6 19
10 12 14
22 1 51
17 19 51
22 1 54
2 4 13
9 11 15
7 12 8
16 18 34
13 15 16
21 23 17
22 0 19
22 0 25
5 7 17
1 3 2
20 0 41
21 0 36
21 0 13
12 15 48
19 22 6
1 4 1
13 16 26
14 15 26
16 18 21
13 17 39
3 5 11
4 8 38
11 15 27
12 16 50
12 18 34
17 20 36
12 15 27
11 15 36
5 8 45
16 19 39
15 19 42
6 10 11
20 0 54
22 1 49
14 17 3
1 5 29
15 18 54
0 3 4
12 14 50
3 8 28
15 16 9
16 19 15
0 2 2
15 17 12
7 9 32
21 1 37
8 11 18
1 5 32
21 0 51
7 9 39
0 2 28
0 3 12
16 19 49
21 1 30
18 21 24
12 14 53
5 7 32
18 21 28
8 10 4
20 1 27
14 17 50
6 10 7
7 10 25
23 1 34
18 21 36
0 3 16
9 12 13
16 18 7
10 11 48
4 7 16
18 19 26
2 5 34
7 10 34
16 19 16
6 9 16
20 0 25
10 15 34
12 16 22
0 3 40
1 4 8
2 6 10
15 18 26
23 1 10
1 4 37
12 15 25
12 16 38
21 1 20
9 12 31
16 19 49
1 4 28
23 3 6
9 10 18
7 11 34
1 3 19
23 2 35
16 18 37
9 12 36
18 21 51
8 11 48
10 14 29
11 15 9
17 20 2
8 10 10
16 19 1
23 4 31
18 22 51
4 7 22
5 7 29
9 13 29
3 6 38
22 0 7
22 2 45
16 19 20
12 15 5
2 5 51
5 9 20
15 18 51
7 9 42
12 14 5
16 19 49
10 14 25
3 5 32
9 13 45
21 0 19
13 16 48
12 14 3
1 3 41
3 6 32
20 21 9
13 15 39
10 13 52
0 3 19
14 15 51
14 20 9
21 1 3
13 15 15
20 0 4
2 4 50
11 15 36
19 22 4
16 19 46
23 1 47
13 15 23
17 20 17
17 20 18
14 16 16
8 9 6
10 14 44
3 7 54
11 15 19
5 8 42
9 12 24
16 18 25
19 23 12
11 12 34
10 13 18
1 3 38
13 15 26
23 2 1
13 16 30
19 22 37
6 8 8
17 20 42
21 1 16
6 10 11
2 5 23
6 10 24
9 11 39
11 16 35
19 23 44
11 14 6
14 16 24
10 14 21
8 11 49
16 19 30
0 4 15
1 4 50
15 17 11
22 0 24
11 14 17
21 3 20
14 19 38
4 6 47
21 2 49
18 22 31
20 22 21
2 5 23
4 6 8
23 2 20
2 5 44
7 10 53
4 8 54
10 12 34
14 18 45
7 10 37
3 6 34
0 2 9
15 17 40
21 0 20
20 23 35
5 9 4
3 7 32
6 8 48
13 18 12
21 0 32
12 14 49
7 11 23
2 5 40
4 8 23
6 8 26
19 22 28
13 16 35
13 18 53
12 15 27
7 10 19
11 14 41
21 1 50
14 18 9
18 21 36
14 19 12
15 16 5
19 22 25
1 6 45
13 17 48
23 4 17
9 11 42
12 17 53
1 5 39
14 17 21
13 17 16
5 8 30
18 22 5
3 3 52
12 16 8
19 23 53
6 9 24
23 2 15
22 1 43
2 4 35
6 11 35
20 23 29
15 19 16
13 16 10
2 6 35
16 19 12
13 17 17
19 21 17
21 1 48
1 5 40
11 15 14
4 6 35
13 13 53
16 19 12
1 4 25
11 14 17
1 4 11
8 10 14
8 10 28
21 22 30
8 12 28
2 5 22
5 9 21
19 23 38
23 2 32
11 14 3
14 18 2
8 11 16
21 23 14
21 0 54
21 23 21
12 15 51
5 8 19
0 4 19
15 17 31
21 22 4
16 19 42
10 12 46
3 6 47
22 3 6
21 23 47
5 7 43
2 4 9
22 1 27
0 4 38
18 21 46
7 10 16
14 17 54
4 7 30
4 8 20
18 20 33
16 18 33
13 15 20
21 1 38
9 10 13
10 13 54
11 14 5
21 2 12
0 4 13
8 8 37
19 20 42
14 17 10
8 10 40
23 2 10
6 7 5
20 22 28
8 11 48
14 17 19
15 17 35
11 14 51
11 16 46
19 21 1
12 14 53
16 19 38
18 21 53
13 16 16
8 11 17
4 8 38
0 5 12
23 2 23
1 4 51
8 10 3
10 14 2
18 21 23
0 3 7
11 14 20
5 7 21
11 14 16
8 9 42
19 22 9
0 4 20
20 21 20
5 6 12
7 9 14
6 10 48
5 8 13
5 10 16
9 12 44
23 3 20
12 15 20
17 20 20
2 6 33
7 11 16
13 13 46
22 2 7
6 7 21
6 9 44
2 5 30
14 17 27
13 15 24
10 11 13
17 20 17
22 1 50
11 14 17
16 19 12
21 23 46
11 11 26
8 12 53
15 18 49
7 11 14
4 8 11
10 12 18
10 14 24
10 11 13
11 13 12
8 12 18
23 1 39
13 17 50
2 6 38
5 8 19
4 7 23
14 19 13
20 1 38
15 19 7
17 21 6
19 21 6
15 18 15
17 19 48
13 16 5
1 4 7
7 10 5
0 2 2
22 0 18
2 4 34
10 13 41
4 7 16
1 4 25
7 9 42
12 15 33
6 11 29
10 12 6
11 14 27
1 6 3
1 6 49
21 23 16
20 23 47
4 8 15
12 14 33
1 5 12
18 20 5
6 10 11
14 17 45
8 12 33
8 11 44
6 8 49
23 3 20
8 11 39
13 15 8
21 23 50
12 15 43
3 7 13
14 16 13
18 21 23
12 14 43
19 22 47
10 12 25
19 21 13
4 8 17
23 2 29
1 7 26
11 14 35
16 19 28
4 4 12
1 3 35
16 18 42
10 14 2
13 15 7
14 19 11
11 14 6
14 16 26
21 23 41
8 10 9
6 10 20
16 19 26
7 10 36
10 15 46
12 15 32
17 22 25
23 3 26
5 7 37
23 3 41
21 0 21
0 2 18
5 8 8
18 20 4
8 13 54
19 22 44
9 11 13
18 21 8
2 5 8
1 3 17
17 19 1
16 19 25
7 11 30
7 11 39
4 7 13
1 5 49
12 17 49
0 5 52
6 11 32
8 10 19
19 23 13
9 11 16
4 7 24
14 16 46
18 22 51
3 5 16
23 1 13
20 23 5
8 11 14
13 15 16
23 1 23
5 8 29
16 19 24
10 14 1
7 10 16
23 1 48
16 18 43
14 19 34
4 9 19
3 5 46
9 13 36
4 7 32
12 14 33
13 16 19
6 9 32
10 14 41
12 16 22
2 3 24
9 13 5
