1000 95
2 25 94 93 56 29 17 50 58 94 67 65 50 63 70 39 20 56 11 18 44 95 92 28 61 81 56 88 42 75 2 23 10 35 83 27 23 24 15 59 77 53 77 44 17 2 63 63 45 39 62 64 3 71 27 42 31 95 86 91 17 85 35 77 11 44 57 88 42 24 60 37 2 4 39 41 68 16 67 34 29 15 14 1 46 55 59 54 42 64 77 8 65 5 13 
0 4 10
18 19 69
13 15 55
12 15 12
16 20 55
14 17 20
18 22 43
23 2 59
5 7 46
10 12 76
0 3 74
18 21 27
8 11 41
21 23 5
23 2 44
18 21 93
9 14 83
13 16 73
17 19 18
23 0 73
2 5 2
3 6 71
3 5 43
5 7 70
4 7 7
7 10 14
20 23 35
3 5 62
16 20 90
11 15 27
17 21 86
18 21 72
0 1 26
13 16 68
3 6 69
2 5 7
10 12 1
2 5 74
15 16 57
11 13 13
6 10 18
0 5 76
2 6 45
3 8 24
18 20 35
10 13 74
14 17 53
0 4 57
2 6 9
21 1 7
17 19 63
21 1 35
22 3 80
5 7 46
7 10 46
20 0 13
16 20 67
13 15 42
15 18 44
18 21 44
23 2 44
9 12 68
15 17 31
6 8 30
2 4 52
1 4 71
19 22 43
14 15 66
14 17 3
17 21 70
19 20 10
18 20 69
8 11 63
5 8 9
11 14 9
6 10 21
20 21 43
13 16 40
1 4 80
19 21 36
7 11 11
11 15 36
15 18 10
9 11 10
19 23 65
14 18 44
11 12 75
8 12 34
16 20 77
14 18 21
23 2 75
7 9 88
0 3 65
0 4 12
19 23 58
23 2 23
17 22 52
0 5 52
11 14 44
19 22 76
5 10 31
22 1 74
22 2 22
18 22 44
20 21 74
16 21 82
19 21 1
0 3 36
18 20 10
4 6 15
3 6 38
15 19 67
2 5 78
3 5 43
17 21 44
1 4 26
9 12 36
18 20 41
23 2 15
12 15 21
1 6 68
1 4 66
10 13 24
19 20 37
10 13 52
14 18 19
23 2 73
0 3 82
8 11 34
14 16 70
6 9 68
9 13 78
21 23 19
7 9 58
8 10 64
8 13 24
8 11 66
19 22 65
14 17 19
2 5 53
3 6 60
9 12 38
3 7 46
14 20 73
3 6 32
11 13 94
17 21 75
13 16 3
10 12 75
9 14 6
17 20 21
20 23 44
23 1 90
7 10 13
7 11 32
5 6 83
6 8 36
16 20 85
1 3 20
1 5 7
9 12 1
6 10 66
1 5 52
23 1 19
12 17 25
18 22 81
4 7 19
8 10 62
14 17 73
0 3 28
6 11 42
14 17 33
4 8 31
14 16 48
6 8 29
4 7 91
18 21 37
6 9 49
22 1 90
20 23 4
0 4 74
14 17 84
13 16 93
12 15 91
4 7 13
17 22 59
9 14 37
16 18 23
8 10 35
5 7 25
0 5 63
16 19 25
12 16 94
23 1 35
14 16 78
21 0 67
14 17 62
3 7 56
5 7 52
4 8 80
5 8 73
5 7 71
4 7 1
3 5 10
12 16 75
0 4 15
5 8 60
18 20 5
9 12 82
22 1 44
19 22 71
16 19 74
12 15 19
9 12 34
23 3 59
0 2 68
5 8 81
9 13 94
3 6 71
9 13 41
7 8 58
6 9 16
1 3 8
3 6 36
11 13 27
3 5 59
1 5 90
15 17 21
17 19 31
13 15 81
6 9 43
7 10 23
6 10 2
15 20 13
0 4 7
18 19 56
21 0 60
13 16 13
0 3 12
5 9 35
5 9 9
21 0 82
5 7 72
3 7 81
3 6 92
2 5 49
1 4 37
14 16 53
10 14 44
3 6 39
19 23 91
18 22 82
14 17 22
16 18 43
22 0 80
9 13 52
4 5 52
13 14 20
4 7 47
13 17 92
5 8 28
7 9 65
3 4 35
8 11 34
1 4 79
14 18 1
22 2 17
15 19 69
7 11 66
6 10 94
12 15 69
9 10 24
12 15 1
11 14 50
16 19 23
15 19 14
15 19 12
18 20 67
20 22 43
10 13 86
4 7 86
3 5 88
5 8 29
7 8 28
0 4 75
13 15 86
6 8 73
4 6 1
23 0 65
22 2 59
8 12 37
16 19 42
8 11 13
20 23 72
0 4 14
9 11 16
0 3 29
18 21 41
23 3 50
6 9 58
7 10 16
8 11 90
13 18 91
4 8 78
22 2 62
13 17 40
13 17 7
17 21 62
12 15 93
3 9 65
1 3 73
9 11 85
4 7 93
18 22 91
21 0 74
6 10 54
19 22 16
7 12 56
23 2 59
15 19 47
7 8 63
23 3 8
12 14 18
22 1 42
21 0 50
14 15 85
0 4 88
8 10 1
23 2 71
17 20 21
3 6 60
15 19 26
1 4 64
11 14 28
19 21 40
1 4 48
2 6 17
13 18 18
8 10 62
7 9 67
20 23 60
16 19 15
10 13 9
6 10 74
9 12 37
12 14 13
22 0 49
23 3 52
4 6 12
19 21 33
7 12 29
18 21 84
16 17 45
14 17 30
18 22 29
19 23 4
19 22 86
13 16 66
15 19 12
1 3 1
13 15 92
16 17 55
20 22 42
2 7 20
14 15 62
7 10 72
18 22 38
2 3 22
17 20 16
5 7 45
1 5 71
19 22 90
22 1 70
7 9 68
13 14 31
0 1 63
12 15 88
9 13 43
4 6 40
20 1 41
23 3 12
1 4 39
0 3 6
18 21 13
2 4 82
14 17 65
23 0 86
19 22 15
20 0 45
21 23 5
21 1 54
1 4 79
18 21 45
4 6 74
5 7 19
12 16 11
9 11 71
14 18 33
6 10 49
6 9 25
17 20 20
12 14 44
21 1 39
19 21 28
9 12 87
12 16 36
12 13 90
3 5 49
3 6 58
6 8 3
15 18 46
12 14 21
0 2 70
0 3 19
20 22 18
6 8 40
11 13 84
7 11 20
15 20 55
21 23 95
14 16 63
0 3 85
18 22 93
21 1 61
12 14 59
5 8 40
9 12 48
7 12 35
16 19 1
23 4 11
21 23 43
10 14 21
22 0 69
4 8 85
2 5 43
7 11 63
15 19 27
21 1 18
1 4 23
12 16 34
16 20 75
7 11 28
22 0 22
16 18 17
9 10 38
16 19 71
21 2 30
21 0 56
11 15 2
13 15 14
0 3 36
1 3 64
0 2 4
16 19 85
3 5 33
21 23 61
15 17 46
7 10 48
0 3 48
8 13 42
3 5 51
22 1 76
19 23 37
14 16 42
22 23 52
19 21 48
18 21 86
15 18 43
10 13 17
2 6 47
8 11 55
9 11 54
8 11 88
2 4 66
10 13 64
20 1 3
0 5 69
5 7 83
7 10 47
1 5 61
11 15 12
12 15 38
12 15 42
14 16 68
14 16 63
7 9 30
18 20 28
10 10 39
3 7 28
23 2 3
20 22 67
1 4 44
20 21 36
7 10 36
23 0 54
21 0 54
14 16 52
0 4 13
8 12 19
8 11 94
23 2 42
5 8 63
19 21 71
12 16 94
21 1 35
11 17 60
0 4 25
8 12 87
4 8 39
23 3 11
18 23 49
0 5 78
0 5 26
4 8 79
1 3 11
15 18 52
8 11 4
4 8 44
22 0 43
23 2 71
23 1 15
5 7 78
15 17 33
3 5 30
21 2 81
7 10 38
2 5 74
15 20 80
18 18 13
14 18 42
4 5 34
0 2 44
2 6 27
10 11 67
4 7 80
8 11 34
22 1 79
15 17 1
11 14 44
19 23 86
11 15 89
7 9 37
20 1 16
11 13 73
15 19 72
23 4 25
14 16 76
22 1 89
15 17 9
7 11 78
13 16 6
14 16 49
22 2 10
3 6 29
6 10 95
2 5 80
6 10 85
10 13 64
13 15 90
3 4 71
17 19 34
11 14 49
10 14 13
4 8 4
12 15 49
2 4 85
15 18 91
20 23 47
11 12 41
13 16 65
23 3 47
20 0 70
20 0 64
3 5 88
12 16 45
16 18 70
13 15 11
20 22 44
11 13 6
16 19 60
5 8 78
14 15 20
7 11 26
8 11 21
20 22 17
3 5 40
23 3 17
23 3 7
10 14 82
15 18 14
22 2 50
19 23 18
5 7 63
14 18 75
6 10 41
15 19 21
17 21 13
3 6 13
15 18 37
23 2 67
10 14 14
22 23 43
8 10 2
10 14 80
0 1 9
14 18 34
2 4 41
1 4 46
15 18 44
23 1 9
9 12 48
23 2 47
17 22 93
4 8 25
3 6 84
20 1 55
8 10 8
11 14 22
2 7 93
0 3 32
20 0 6
8 13 55
1 4 12
15 15 64
20 21 5
8 10 27
23 3 29
22 0 5
15 19 70
9 13 39
16 19 75
9 12 80
7 11 70
13 14 11
5 8 8
8 10 61
21 0 92
13 15 67
2 5 13
20 23 52
1 3 11
7 10 69
1 4 63
4 8 57
16 18 68
9 13 18
17 20 59
3 5 74
19 21 70
19 22 41
12 15 70
19 22 12
6 8 45
21 0 65
21 2 41
5 9 46
11 15 55
8 10 95
19 22 80
8 12 68
10 12 49
21 1 39
17 19 71
0 3 63
21 23 77
15 16 17
16 21 50
10 13 14
3 6 49
18 22 14
15 18 5
3 7 60
1 4 15
16 19 52
2 5 16
7 9 91
18 20 42
15 17 52
15 19 17
7 9 74
11 14 84
18 21 83
11 14 54
21 23 87
1 5 55
18 20 85
6 10 68
15 18 62
19 0 11
5 9 55
4 7 21
16 20 56
7 10 6
3 5 10
17 20 80
6 11 80
7 10 4
3 6 34
2 8 80
4 8 26
13 18 7
8 13 93
4 7 79
7 9 1
11 14 86
17 20 83
0 4 83
4 7 5
16 20 83
4 9 80
5 7 59
9 13 5
2 7 84
22 0 32
2 4 1
11 15 73
17 19 19
8 10 63
5 8 86
7 11 46
13 15 41
10 14 18
11 13 57
22 1 59
3 6 81
21 23 5
10 13 72
13 17 1
11 13 36
22 1 52
19 21 24
1 5 60
17 20 18
12 14 58
23 0 80
19 0 18
13 16 1
17 21 53
14 16 12
2 4 84
14 18 35
17 19 41
20 0 6
13 16 28
8 12 5
3 4 52
3 5 75
3 5 85
18 22 79
14 18 72
0 2 52
9 12 87
17 20 29
12 14 4
14 17 53
17 18 40
6 9 37
5 7 3
7 11 64
0 1 61
7 8 51
2 4 92
22 0 69
22 1 25
15 19 65
23 2 37
9 13 22
1 4 54
11 13 60
15 18 49
1 2 4
8 9 41
7 10 75
12 13 70
6 8 28
9 12 4
13 18 59
17 19 69
2 7 50
13 18 39
13 15 54
14 17 26
16 19 13
5 8 29
19 20 87
2 5 3
6 10 31
10 15 86
18 21 14
23 1 87
10 11 82
4 5 3
11 16 23
15 19 84
15 19 43
7 10 60
3 5 18
16 17 50
21 0 79
7 10 87
1 5 42
7 12 31
3 7 11
5 8 21
19 21 36
4 8 88
8 12 89
5 9 9
9 13 51
3 5 60
0 2 76
16 19 28
1 4 57
3 7 64
9 12 88
9 12 29
10 13 38
2 6 20
15 19 30
8 11 89
18 20 40
10 13 88
18 21 48
22 0 64
8 11 92
22 1 79
4 8 57
10 13 3
17 20 48
8 10 36
1 5 1
21 0 14
1 4 89
10 13 57
12 15 13
21 0 60
14 15 76
22 1 61
14 18 40
11 14 22
9 11 43
0 3 38
17 20 53
14 19 47
23 1 81
23 2 8
19 22 53
23 1 67
5 7 33
6 9 48
15 18 78
16 18 6
10 13 9
4 6 94
12 14 2
11 15 79
11 16 44
6 9 52
17 21 38
7 11 15
2 7 1
16 18 45
14 16 18
19 21 6
19 21 15
12 16 24
12 14 7
22 1 60
17 20 88
17 20 84
17 21 53
14 17 34
16 18 89
9 11 54
18 21 32
17 19 29
19 1 42
3 6 73
10 13 40
2 5 92
8 10 34
21 3 62
2 6 48
14 18 33
8 11 74
9 13 13
1 3 60
1 5 90
0 4 22
23 1 20
8 12 6
14 17 86
20 23 5
2 3 60
19 22 56
2 6 49
20 0 27
10 13 33
5 8 63
3 6 53
0 3 26
23 2 64
15 18 78
12 16 24
21 23 14
0 4 41
11 14 51
13 15 59
9 12 54
7 7 78
5 7 90
4 8 79
15 18 66
4 7 23
11 14 72
21 0 76
16 16 19
1 3 79
21 0 78
6 11 18
0 3 7
0 2 72
8 11 82
11 14 61
20 20 59
9 12 77
4 6 90
10 14 46
4 9 39
13 16 54
0 4 23
7 12 13
3 5 8
2 5 30
9 12 35
3 8 81
20 23 7
11 14 74
16 18 93
12 14 68
20 0 16
6 9 22
0 3 4
6 8 37
21 0 87
23 0 2
10 11 75
10 12 45
11 14 11
22 1 22
5 8 17
14 15 80
7 11 62
6 10 35
18 19 42
7 9 58
11 13 55
5 8 38
11 14 65
19 22 22
14 16 8
1 4 31
21 0 37
19 23 64
1 4 58
19 22 53
8 9 18
0 2 36
14 16 10
16 20 29
17 22 59
16 19 85
6 9 13
5 7 44
13 18 40
21 0 8
7 11 75
0 2 50
9 11 7
7 10 59
14 15 48
0 2 49
10 15 69
6 10 37
0 2 9
17 0 80
15 18 86
9 15 16
3 6 73
16 20 8
13 16 29
8 9 77
20 0 48
2 4 84
12 15 18
23 1 16
10 12 44
16 20 60
4 7 78
14 16 28
