1000 77
1 77 51 17 75 62 64 24 59 9 18 74 21 61 20 56 57 68 11 37 58 13 45 34 52 12 7 7 67 26 75 70 73 4 77 19 70 41 34 55 10 55 66 56 49 59 56 13 65 29 49 53 65 44 11 63 48 38 4 25 14 74 48 72 19 50 33 5 28 63 7 74 54 27 27 11 42 
16 19 67
17 19 15
7 10 21
22 2 41
23 2 20
20 22 53
17 18 7
10 14 48
11 13 10
21 23 17
15 16 72
8 12 1
21 23 26
9 12 67
2 3 53
13 15 5
10 10 58
11 14 52
2 5 11
11 14 30
13 16 36
14 16 61
14 19 47
1 5 57
11 15 73
20 22 19
12 16 67
15 18 35
9 12 48
7 10 3
16 20 24
14 17 10
22 1 13
6 9 25
23 3 17
17 19 43
0 1 24
7 10 40
17 20 30
11 14 19
18 22 23
3 4 3
21 2 60
4 6 20
14 16 70
14 18 66
21 1 33
9 11 52
6 7 12
0 3 9
8 11 52
21 1 19
2 4 13
13 16 20
21 22 30
1 4 71
23 1 5
12 15 71
16 19 38
2 6 43
22 2 11
23 0 7
0 5 21
23 2 72
14 17 41
21 1 63
20 23 41
19 23 6
12 16 37
1 3 75
8 11 76
16 20 35
21 0 23
18 19 46
12 13 67
7 12 6
7 9 20
8 11 23
5 8 73
19 20 69
16 19 41
16 19 9
4 8 43
5 7 49
1 3 70
12 14 8
17 19 67
14 17 33
22 0 53
19 21 63
10 15 36
19 21 66
12 15 57
11 15 44
17 21 73
10 13 36
21 0 60
4 5 18
21 2 65
19 23 43
6 11 15
4 6 16
5 7 49
23 0 34
20 0 42
9 12 49
19 22 3
14 16 42
15 19 48
20 1 26
4 8 34
16 18 19
6 8 18
10 14 56
8 11 34
8 12 11
8 12 8
19 22 71
0 4 72
14 18 63
16 20 75
16 20 68
7 10 2
21 23 76
21 1 64
20 21 61
9 12 13
18 22 55
4 7 4
11 13 69
4 7 9
5 8 55
20 0 51
21 0 70
9 12 31
11 14 72
19 23 42
11 15 2
2 5 31
2 5 65
23 4 68
13 16 55
15 18 28
4 8 70
10 14 46
16 19 61
23 1 24
14 16 24
7 10 18
6 9 24
12 16 24
21 1 34
8 12 55
22 1 5
12 13 25
5 6 45
10 12 50
17 20 60
8 11 69
12 14 46
8 10 16
17 21 30
3 5 12
21 1 75
19 23 36
6 9 24
14 17 65
6 7 21
22 2 75
13 17 14
15 17 4
7 10 28
22 1 67
12 15 42
23 0 54
12 15 77
17 21 75
20 23 45
7 10 37
13 17 42
10 12 20
11 13 42
5 6 1
14 17 71
18 21 65
16 19 76
1 3 59
13 15 53
17 22 75
8 12 9
5 8 43
11 15 43
10 14 22
14 18 8
14 19 26
6 9 27
1 4 60
5 9 77
17 22 25
6 10 41
21 1 16
2 5 20
15 19 23
5 7 62
15 18 29
2 5 28
5 8 24
18 21 36
16 19 69
20 22 77
22 1 3
22 1 4
12 14 42
0 4 71
7 11 71
20 23 30
4 6 2
7 9 19
12 15 76
9 14 12
7 10 56
17 19 25
7 10 43
12 16 70
17 20 15
2 6 49
1 5 63
11 14 21
5 10 68
7 10 69
8 11 24
5 7 28
14 17 27
16 21 53
3 6 17
10 12 2
3 6 46
23 23 24
20 22 51
8 11 25
22 1 51
13 16 29
5 8 3
17 20 64
17 21 49
8 10 31
3 7 55
5 10 64
21 1 15
13 15 13
16 19 3
9 11 12
7 9 58
13 15 16
20 0 39
12 15 59
6 10 53
22 1 54
0 5 26
8 11 73
21 0 53
18 23 9
7 10 37
18 21 32
10 14 19
17 19 46
7 10 31
5 9 65
19 20 2
17 19 33
14 17 47
23 2 44
4 9 36
3 5 10
8 12 1
9 11 52
14 18 10
16 17 37
6 9 43
13 16 73
14 19 74
22 0 29
17 20 62
10 12 36
21 1 61
6 10 6
2 5 30
6 8 14
0 3 6
18 21 6
23 3 31
3 6 66
1 4 51
23 3 4
21 1 42
12 16 74
5 7 20
22 2 52
17 20 8
22 1 68
1 4 53
17 21 60
16 20 22
1 3 50
0 2 7
3 7 66
10 12 14
19 21 11
13 15 35
3 6 73
5 8 76
15 17 6
22 23 73
14 20 39
20 21 40
7 11 35
23 2 35
7 9 42
8 9 73
7 10 55
2 5 40
13 17 54
16 20 40
2 6 19
16 19 11
13 16 65
23 1 55
0 2 28
22 1 62
20 23 29
7 10 63
9 12 34
18 22 66
3 5 27
10 13 24
15 17 47
21 1 28
15 17 17
16 18 60
17 20 5
2 6 30
18 21 72
23 3 59
12 14 68
6 7 75
20 0 68
14 14 50
5 8 58
11 12 34
11 15 74
16 18 18
23 2 17
23 2 39
21 1 43
16 19 70
15 19 68
0 4 55
11 15 71
5 8 62
2 5 61
13 17 32
19 22 29
6 8 29
5 7 43
19 0 17
15 18 43
23 4 19
10 12 40
14 16 37
2 5 24
17 21 14
21 23 44
8 10 33
20 1 19
16 20 18
5 7 59
11 14 5
14 16 11
7 11 35
5 7 11
8 10 34
3 6 77
12 14 50
14 17 34
16 18 47
10 12 41
23 1 73
8 11 43
13 14 65
13 15 35
19 21 45
13 18 11
4 8 38
2 4 74
6 11 77
7 10 21
23 2 22
21 0 68
16 19 13
12 14 39
21 0 56
1 5 26
2 7 25
14 18 13
23 3 64
21 0 67
17 18 33
5 8 77
0 3 19
20 23 66
15 18 15
19 23 25
6 8 9
9 12 10
4 6 59
23 2 77
1 5 41
12 15 3
3 7 75
14 17 70
16 19 34
1 5 29
19 22 38
12 15 35
1 3 37
3 6 9
5 10 72
10 14 57
3 7 29
7 9 13
3 7 36
22 1 5
14 19 10
14 16 42
21 1 21
16 18 73
12 14 52
19 21 75
7 12 21
1 4 67
0 2 56
4 6 53
12 15 63
8 11 44
13 16 52
14 18 64
20 0 38
3 5 52
7 10 11
16 19 1
19 22 32
3 7 43
3 5 1
6 8 72
20 22 70
9 11 24
15 18 36
10 14 25
11 16 39
8 12 5
14 17 61
19 20 16
13 15 5
8 11 61
6 9 32
1 4 25
12 17 55
19 22 40
4 6 37
6 9 42
13 16 21
22 23 36
17 20 39
0 2 56
15 16 10
7 11 64
6 9 27
2 5 72
6 9 27
21 0 73
3 7 42
11 14 40
11 14 67
3 8 50
23 1 41
15 17 61
15 17 68
7 9 54
0 3 39
8 11 4
11 15 22
6 8 14
21 0 5
4 7 40
8 10 3
22 1 70
22 0 68
23 2 22
12 17 59
11 14 46
0 3 23
11 14 21
13 16 51
22 0 58
18 21 59
18 22 10
20 1 29
7 9 47
17 19 51
12 15 44
2 5 27
12 16 17
17 21 40
7 9 46
16 20 19
15 17 59
1 4 22
15 18 51
23 1 4
0 5 41
16 18 16
0 4 51
14 18 76
8 10 57
11 14 59
10 11 36
0 4 46
6 8 74
15 18 56
17 20 37
23 1 22
22 0 12
21 4 56
1 5 39
18 21 15
20 0 63
7 10 77
16 18 58
20 0 39
18 22 57
15 17 42
8 11 62
0 2 48
21 22 69
15 18 39
14 17 32
3 6 45
13 16 17
12 15 76
8 11 62
21 2 29
9 11 20
14 16 77
13 17 1
14 17 5
15 17 19
17 20 23
12 15 30
0 2 11
15 18 31
20 0 73
22 1 33
14 17 66
14 18 29
1 3 16
16 19 2
11 13 2
1 5 16
13 15 13
14 19 73
12 15 52
3 6 9
6 7 18
13 16 32
18 22 51
20 0 11
7 10 23
3 6 73
15 19 61
5 8 4
6 7 27
15 17 39
4 8 34
16 19 7
17 20 12
1 4 21
4 5 5
3 7 65
18 21 47
5 8 47
5 9 74
10 13 74
8 11 63
12 13 70
5 7 48
7 10 16
14 19 30
7 7 7
6 10 10
6 9 25
7 10 62
8 12 8
10 14 64
5 9 75
1 4 1
23 2 67
10 12 11
18 20 12
5 5 71
1 5 16
16 20 6
18 20 23
3 5 65
1 2 48
20 0 27
1 4 68
7 9 44
20 23 20
11 12 1
18 21 44
5 7 59
23 3 14
19 0 17
12 16 57
8 10 55
4 7 23
21 0 56
21 23 49
6 9 56
18 22 41
17 20 47
15 19 8
20 22 66
8 11 54
9 11 74
7 10 19
13 15 23
8 11 64
19 23 57
1 5 7
9 14 30
12 15 36
5 8 76
7 11 47
17 20 21
13 15 39
1 4 49
16 20 2
3 5 70
9 13 45
9 12 53
11 13 42
21 0 75
11 13 46
18 21 30
4 6 40
1 4 69
8 13 38
9 13 47
21 0 6
0 2 65
18 21 3
4 6 72
14 18 48
19 23 2
3 7 72
12 15 6
11 14 3
11 13 75
18 22 21
10 13 47
20 23 55
9 10 4
13 16 68
23 2 74
0 4 33
15 18 60
14 17 61
19 22 38
19 22 10
8 11 25
4 8 34
14 15 59
3 6 55
5 8 75
11 16 76
17 19 49
15 17 14
20 0 14
19 22 23
11 14 27
14 18 72
3 5 2
2 5 49
16 20 31
3 8 1
6 9 74
19 23 34
21 1 68
3 7 21
6 9 46
22 2 65
10 13 6
1 5 49
10 12 15
23 2 51
17 23 71
20 23 40
1 5 59
3 6 35
15 18 33
11 16 3
21 23 35
6 10 25
0 2 35
2 7 73
22 2 27
0 2 57
1 5 8
16 18 63
8 12 6
2 6 59
20 23 9
3 6 7
12 14 37
1 4 55
8 11 75
7 11 50
3 6 14
9 13 65
21 1 44
6 9 13
16 20 6
19 20 23
10 13 18
7 9 23
3 4 64
11 14 21
12 14 41
19 22 63
14 18 9
4 8 67
8 12 62
19 22 62
14 20 26
22 0 27
2 4 69
7 9 20
20 22 42
6 7 13
10 14 22
8 12 56
23 1 21
13 17 3
23 0 56
15 17 3
14 17 1
21 23 53
12 16 16
19 21 60
4 8 64
5 9 6
22 2 67
10 15 73
14 17 41
5 7 3
9 12 15
0 1 26
15 16 4
5 9 8
14 17 61
10 12 62
3 6 5
23 1 25
17 18 15
12 15 3
6 9 39
2 4 50
2 6 73
6 8 72
10 13 45
23 1 37
13 16 73
1 2 31
2 4 9
8 12 67
12 14 43
5 8 63
18 21 30
23 2 2
16 20 66
20 1 7
1 4 4
15 18 35
2 5 17
14 16 2
16 19 73
12 14 53
6 9 22
20 22 58
11 15 40
19 23 46
22 0 65
18 22 59
17 20 55
15 17 4
6 9 6
16 20 31
1 5 9
20 23 77
13 16 71
17 18 66
22 0 65
5 6 52
8 12 48
16 19 29
19 21 29
6 10 16
13 15 31
6 10 54
1 5 35
9 11 21
0 5 49
3 7 66
15 19 42
10 13 44
8 11 40
22 3 12
10 12 58
11 14 18
3 6 36
0 4 40
0 3 41
23 2 60
9 10 72
19 0 49
10 12 38
1 3 71
23 1 55
8 11 18
17 20 30
18 20 43
12 16 4
1 4 21
3 5 66
17 21 60
4 6 51
0 5 49
22 0 59
10 14 63
14 19 62
19 22 26
9 11 26
12 13 43
20 0 28
6 10 22
8 11 41
10 12 43
4 8 62
4 7 64
22 0 28
1 3 19
21 23 60
1 4 25
14 17 32
17 20 15
9 12 52
21 23 25
10 13 54
11 14 72
9 11 12
17 21 63
2 3 74
19 23 20
14 16 40
17 20 32
13 18 19
23 2 35
10 12 36
4 6 62
16 19 30
14 17 71
17 21 6
23 2 19
1 4 61
1 3 49
3 4 31
0 4 16
11 15 41
2 5 40
14 18 10
6 8 4
21 1 73
6 8 3
18 21 49
12 17 49
18 21 28
3 5 65
20 23 53
0 5 67
6 8 64
15 19 28
9 12 6
13 17 37
15 19 8
21 0 70
4 6 40
8 12 24
22 1 57
0 3 28
18 23 39
20 23 39
3 6 11
14 20 60
21 0 55
12 16 1
1 3 37
1 5 27
9 13 43
5 8 51
7 10 1
8 12 28
9 11 59
9 11 77
5 9 17
20 23 61
11 15 6
3 7 6
15 18 13
11 12 69
6 10 69
12 14 57
7 10 17
11 16 40
14 19 66
15 18 23
5 7 14
14 19 42
16 20 50
19 21 7
9 11 63
16 22 50
2 5 37
2 6 63
19 23 30
13 15 35
19 23 52
7 10 49
13 15 27
9 10 56
16 18 25
14 17 64
14 16 34
20 23 38
19 23 53
1 5 76
9 13 24
14 19 29
4 6 53
7 10 22
13 14 74
5 8 71
2 4 33
13 17 23
15 19 44
15 18 57
6 9 29
6 9 37
13 16 73
4 7 69
18 21 62
6 9 27
2 4 9
4 8 51
17 19 29
18 21 28
3 7 38
6 10 4
10 13 31
5 9 27
5 8 31
13 17 52
8 11 52
9 11 9
9 13 55
8 10 35
2 5 70
21 1 64
12 17 9
18 22 27
2 4 48
11 13 53
0 4 69
15 19 39
8 10 44
9 13 9
22 1 54
4 6 23
10 15 34
23 2 5
