1000 64
38 45 42 50 43 45 31 11 14 49 45 4 15 51 46 23 44 27 45 47 16 52 61 40 19 33 19 33 6 5 6 18 51 48 7 19 20 14 3 12 57 46 9 19 52 59 22 34 6 28 11 23 8 46 15 54 48 12 29 5 43 29 45 14 
7 10 18
23 3 61
3 4 27
5 8 45
6 8 44
16 18 21
21 0 37
22 1 61
14 16 39
14 17 14
15 19 5
4 8 42
18 21 17
11 15 20
1 3 11
9 12 21
21 0 59
5 7 63
1 4 41
15 17 17
20 0 57
2 3 20
1 4 5
16 18 1
20 23 15
23 1 22
10 14 61
3 6 37
10 14 7
4 7 8
16 20 6
10 13 53
13 17 11
3 7 16
15 19 39
22 1 51
17 19 34
4 6 24
23 1 55
12 14 8
13 14 23
19 23 62
17 20 13
22 3 15
1 5 61
17 20 14
20 22 50
3 7 48
9 14 1
20 22 4
3 6 13
20 23 47
19 22 44
11 16 59
0 3 42
18 23 59
18 20 17
4 8 14
16 19 6
12 14 37
6 9 22
15 18 52
7 10 57
14 18 32
4 9 3
9 12 58
13 16 50
1 4 60
15 18 63
14 16 41
10 14 37
7 11 64
6 8 53
5 8 43
18 21 45
7 11 50
12 14 43
17 21 44
7 11 30
17 19 15
22 0 26
20 1 5
1 4 44
5 8 55
20 21 4
21 22 30
14 17 54
15 18 48
13 16 20
4 7 17
1 5 64
21 0 28
3 6 1
9 10 57
18 21 25
11 14 43
10 12 4
23 2 57
1 4 26
2 4 46
13 15 28
10 13 59
19 22 14
14 18 17
10 13 38
6 9 51
20 23 20
22 2 20
12 16 53
21 0 15
17 21 50
11 12 16
8 11 5
15 18 40
12 15 2
8 12 36
20 22 27
7 11 62
7 10 28
19 22 18
15 18 44
14 17 41
4 6 15
17 20 51
23 0 21
11 11 55
20 0 57
20 23 27
22 1 46
13 16 27
3 7 21
17 21 45
21 0 11
4 7 36
19 22 28
9 12 10
4 6 20
0 2 23
6 7 5
4 5 26
17 20 24
9 11 37
10 14 60
18 19 2
13 17 49
20 20 59
0 3 19
2 5 2
9 12 56
3 5 63
13 14 43
0 2 62
16 19 30
7 9 11
8 9 63
3 5 21
13 16 13
11 10 5
13 15 58
4 9 63
7 11 63
21 0 38
20 23 31
8 12 18
22 1 46
17 19 6
12 15 39
2 6 5
11 14 3
17 20 48
23 2 33
22 1 44
21 0 17
11 13 18
0 2 5
15 18 17
4 8 12
9 14 56
20 21 49
23 0 22
2 6 58
20 22 7
0 4 24
5 9 15
3 5 36
14 16 3
18 20 41
20 23 33
23 2 16
11 15 17
10 14 21
18 20 30
10 14 24
13 17 9
12 13 28
22 0 28
13 16 57
19 22 41
0 4 39
22 2 44
18 21 41
23 1 5
12 14 53
13 16 34
1 3 28
20 22 38
19 20 28
19 21 17
3 7 23
23 3 16
9 12 30
11 14 56
13 16 32
22 1 64
20 23 12
13 15 62
6 8 35
21 23 64
5 7 22
6 9 57
13 15 4
3 6 52
2 6 44
13 17 16
15 18 34
5 7 45
9 12 40
14 16 22
16 19 3
21 22 48
10 14 64
1 5 34
19 0 45
6 9 16
0 4 55
3 6 15
2 7 51
3 6 8
10 14 33
13 17 58
15 16 48
1 5 17
5 7 32
0 5 33
22 0 12
10 11 37
19 0 48
20 0 6
14 18 7
9 12 27
18 22 7
1 4 13
21 23 51
13 15 45
22 1 56
1 4 50
2 6 16
17 20 5
6 9 13
8 12 56
4 6 51
4 7 29
21 1 51
3 7 23
5 8 42
0 2 46
12 17 28
5 8 30
12 15 16
15 16 36
7 9 10
21 0 34
2 4 45
15 17 6
12 16 45
2 4 64
16 18 14
2 4 21
4 7 64
7 9 53
11 14 51
7 12 16
15 18 55
21 2 24
12 15 13
3 6 16
8 10 9
11 13 15
4 7 13
22 2 49
12 16 42
17 22 57
6 8 52
9 11 32
10 14 19
6 8 59
12 15 30
0 1 64
13 14 3
4 7 40
12 16 34
14 18 62
12 14 24
13 16 11
9 13 52
13 16 32
4 7 11
11 13 60
9 11 52
14 17 20
23 2 48
4 6 57
10 16 25
21 0 38
11 13 47
16 20 2
12 14 35
19 21 7
6 10 1
21 1 6
3 7 61
6 11 56
4 7 20
9 13 62
18 21 4
21 0 1
11 15 22
19 22 11
3 5 1
16 18 9
2 4 6
0 3 18
9 13 11
1 5 42
7 10 60
19 0 35
2 4 59
9 11 64
7 9 43
15 17 8
18 22 5
16 22 30
10 14 59
8 9 13
3 7 25
14 16 51
17 19 52
17 21 57
9 12 12
21 23 57
4 9 28
7 11 4
15 18 40
17 19 63
1 4 51
1 3 37
17 20 20
8 9 36
20 23 64
3 6 44
2 5 50
3 6 14
19 21 39
9 12 2
5 8 10
16 19 8
6 10 61
7 11 55
23 3 31
2 6 60
8 11 62
5 8 61
18 20 10
6 9 52
14 16 30
11 15 59
21 0 40
22 1 41
17 19 15
22 2 4
20 22 55
17 20 61
4 6 21
12 16 32
6 9 44
4 8 23
19 23 8
0 3 24
3 4 6
16 18 8
20 22 34
1 3 62
10 13 8
3 7 15
9 11 28
16 20 23
5 8 56
10 11 43
20 23 32
12 14 23
4 8 41
17 20 62
7 12 53
6 9 55
6 8 27
1 2 17
4 8 42
6 8 8
12 16 36
23 3 38
19 22 47
16 21 37
17 19 30
18 20 34
20 0 3
20 0 16
7 10 25
19 23 45
22 2 10
21 23 2
18 22 8
16 19 12
0 3 13
19 23 44
3 4 38
18 20 24
7 9 36
18 22 62
21 1 31
20 21 58
20 23 55
3 5 31
5 7 55
10 14 44
8 11 5
22 1 5
2 7 61
10 14 19
10 12 58
17 20 49
7 10 27
2 5 57
3 5 29
23 5 26
23 2 38
0 3 48
6 10 16
15 18 25
23 0 42
11 14 33
15 20 44
13 16 36
15 18 45
21 23 64
9 13 23
2 5 47
0 1 38
8 9 6
9 12 64
16 20 10
1 3 41
17 21 34
16 17 56
10 12 47
10 13 46
21 23 35
6 10 42
22 0 13
3 6 60
0 1 10
3 8 46
12 16 36
2 5 4
3 8 51
11 15 25
9 12 13
10 15 13
14 16 51
10 14 59
13 15 29
22 2 36
5 8 6
9 12 62
16 19 52
4 9 38
9 11 13
15 18 26
20 0 48
17 20 20
18 22 37
1 4 35
19 22 31
16 19 37
16 18 24
16 20 54
11 15 20
22 3 14
3 7 45
6 7 50
0 2 37
10 14 32
13 15 39
6 11 32
16 19 18
21 1 51
10 13 57
9 12 21
0 4 57
16 19 32
18 20 64
15 18 4
13 15 10
10 13 23
15 17 35
5 8 16
1 3 60
19 23 55
23 2 57
6 10 63
12 17 21
23 2 14
12 16 64
20 23 11
2 4 54
21 1 3
23 3 5
12 16 43
6 9 58
0 4 18
8 13 59
9 13 22
9 12 15
13 16 52
11 14 14
7 10 60
3 7 8
16 19 6
20 22 42
12 15 9
22 1 5
0 0 24
3 5 26
15 19 6
2 6 60
15 18 43
10 14 20
19 21 24
17 20 46
18 22 30
20 23 27
19 21 37
23 3 38
15 16 45
20 23 40
7 12 7
13 16 7
23 3 23
4 8 22
16 20 19
3 8 39
22 3 23
12 15 27
11 16 62
3 6 59
20 23 20
10 12 53
22 2 48
23 1 42
16 20 48
8 11 62
3 4 8
11 12 45
10 14 64
2 4 38
3 5 2
4 6 34
22 1 8
15 17 2
16 19 62
6 8 23
22 2 46
6 10 49
8 12 16
11 14 8
8 12 53
14 18 42
4 8 36
10 14 11
1 4 14
4 9 41
9 12 3
6 8 24
11 13 42
1 3 9
16 18 51
0 4 14
7 10 44
12 14 9
23 2 45
18 19 24
12 14 23
10 13 7
0 3 8
3 6 39
2 6 8
2 5 40
9 12 1
19 0 18
22 2 32
1 5 31
2 6 14
16 20 59
2 5 49
15 18 24
7 10 34
9 13 32
11 14 9
8 12 12
13 16 15
16 20 45
12 14 48
0 3 64
7 12 57
5 8 59
14 17 17
11 15 20
3 7 54
17 18 62
2 4 20
23 2 15
15 18 37
3 5 35
22 1 13
9 12 51
7 9 9
2 5 21
1 4 16
22 1 51
0 3 37
3 6 46
11 14 38
4 6 20
6 11 41
16 18 11
8 11 5
3 6 59
18 20 33
1 4 41
20 0 36
4 7 61
12 16 5
0 4 4
7 10 7
9 13 37
16 18 33
12 14 25
6 9 1
20 22 41
7 12 9
18 21 20
10 14 35
12 13 58
5 7 8
0 2 62
20 21 62
4 6 17
6 9 15
3 6 5
6 8 56
5 7 20
22 2 17
3 6 41
19 21 11
21 0 51
21 2 62
18 22 2
9 12 21
14 17 43
7 10 63
10 14 28
19 23 55
19 20 54
3 5 18
23 3 28
20 22 57
13 15 58
8 10 24
22 3 64
3 4 64
14 16 30
19 21 39
18 21 2
18 22 24
17 21 18
12 14 25
21 0 60
7 8 12
13 16 29
23 2 63
19 20 38
0 2 42
18 22 48
6 10 62
11 12 22
2 5 41
5 10 7
5 8 44
20 0 32
15 16 20
3 7 28
11 14 64
8 13 58
5 7 48
17 20 33
13 15 20
12 14 3
8 10 37
8 11 3
2 7 21
8 13 63
6 11 47
1 6 59
17 20 54
4 6 28
23 1 37
11 11 25
18 22 13
6 8 14
6 9 52
5 8 11
7 12 55
0 4 26
3 6 49
8 13 38
9 13 23
18 23 25
5 10 11
2 4 49
0 4 28
4 6 15
14 17 50
1 4 44
8 10 15
23 2 51
8 11 6
5 8 10
14 19 60
1 3 20
0 3 24
2 5 52
21 2 49
1 4 14
16 21 18
0 2 57
13 15 34
15 16 60
5 7 9
8 9 19
3 5 41
21 0 16
1 4 25
13 14 7
10 13 51
5 8 57
6 9 34
15 18 34
16 20 21
17 20 23
8 13 19
7 10 8
10 13 35
2 5 42
22 1 19
11 13 4
2 5 30
22 1 9
16 19 45
4 6 51
2 5 64
7 10 5
4 7 52
9 10 19
7 12 38
11 13 38
21 0 59
19 21 54
4 7 61
19 23 25
2 5 62
20 0 19
12 13 25
3 5 41
2 4 11
9 12 34
17 20 13
12 14 31
17 20 56
10 14 19
16 17 8
17 21 17
7 11 58
3 6 25
14 17 19
9 12 54
0 2 46
3 6 54
2 5 52
18 22 26
1 2 50
18 22 10
11 12 28
4 8 25
14 16 54
10 13 59
23 2 15
23 0 17
1 6 41
15 17 52
8 12 41
10 13 15
0 2 56
18 20 27
7 10 16
14 18 21
7 9 49
21 23 42
14 18 43
3 7 24
9 12 40
21 22 24
1 4 11
19 23 42
19 23 33
12 15 29
15 19 37
19 22 22
11 14 29
15 16 58
8 11 60
18 20 40
13 16 51
14 17 3
9 10 14
11 14 1
8 12 64
20 1 31
7 10 59
13 17 8
2 6 59
14 18 56
11 14 24
6 11 11
21 23 49
16 19 15
21 1 28
5 8 10
17 19 25
1 6 62
2 4 58
18 20 54
1 3 5
6 8 29
21 0 27
15 18 57
0 3 15
2 3 25
23 3 46
7 10 17
15 18 48
1 5 33
10 11 13
2 4 10
8 11 56
10 13 43
13 17 31
20 0 21
5 7 35
20 23 51
3 6 11
15 18 4
21 22 11
9 12 9
22 0 47
15 20 48
21 0 39
7 10 58
1 3 32
15 19 52
0 2 63
1 3 10
23 3 51
9 11 56
1 3 44
14 16 16
17 22 56
3 6 21
6 10 53
18 21 15
11 15 19
7 10 32
7 10 22
1 4 26
18 22 36
11 14 59
17 18 8
5 9 57
0 1 2
2 5 14
0 3 6
21 23 8
0 2 29
18 22 2
18 21 60
22 0 29
10 13 61
23 1 63
16 19 39
2 6 3
19 21 42
22 0 4
13 18 20
3 7 23
6 9 46
22 1 30
17 20 35
2 5 40
16 18 57
16 19 38
3 6 56
22 2 15
3 6 12
6 9 64
17 19 36
14 18 21
16 19 52
21 1 16
8 13 48
2 6 61
5 7 23
17 20 46
16 18 52
7 10 20
5 9 16
13 17 20
14 17 33
5 9 60
8 11 49
16 18 19
2 6 19
8 11 38
19 0 8
13 14 5
6 9 57
0 3 47
14 16 64
14 17 49
16 20 33
13 16 43
5 8 46
7 10 52
4 7 43
22 0 51
16 19 20
12 16 4
20 0 6
9 10 38
8 11 20
13 16 26
19 22 3
5 9 55
12 15 11
17 19 9
22 1 27
20 23 27
20 23 32
18 21 14
12 15 34
10 13 64
6 8 64
21 1 27
16 19 38
1 5 22
15 17 10
8 13 58
6 8 29
20 23 64
1 6 14
10 13 39
8 11 36
1 3 62
20 22 5
1 4 40
19 22 1
22 1 2
5 7 49
23 2 51
1 5 32
18 21 44
23 1 42
17 21 34
