1000 29
4 15 21 28 20 28 19 29 1 28 15 22 6 20 27 10 2 16 3 14 27 20 16 16 18 3 12 28 19 
11 14 15
0 2 24
14 17 25
0 3 8
22 0 28
15 16 22
17 19 25
2 4 5
3 8 26
14 18 4
6 9 4
5 8 22
22 0 17
5 8 26
9 11 14
23 3 4
19 22 19
17 19 5
5 8 26
21 0 28
12 15 22
2 5 13
16 19 15
23 2 26
10 14 12
11 15 12
5 5 27
6 11 19
17 19 3
6 9 3
18 20 13
3 4 26
11 14 25
8 11 1
19 22 7
10 14 2
14 16 20
5 8 1
14 16 20
12 14 10
20 0 8
18 21 15
9 12 6
16 18 4
20 23 21
5 7 16
4 7 14
5 9 25
2 4 2
17 20 2
23 2 2
15 17 12
20 23 7
17 21 6
8 11 27
15 19 16
21 23 3
18 20 17
0 3 3
11 15 13
16 21 20
1 5 8
20 22 7
12 15 2
21 1 19
12 16 10
13 15 10
3 7 2
6 10 26
1 2 2
5 8 3
1 5 28
13 17 4
20 0 21
20 23 9
19 22 4
18 22 11
23 2 3
6 8 10
17 20 9
7 13 3
17 22 3
12 15 21
6 10 14
23 3 3
7 10 28
10 12 25
9 12 23
20 0 16
15 19 12
16 19 17
10 12 14
16 19 9
5 8 25
3 6 24
6 10 21
18 20 12
0 3 16
0 3 19
11 14 2
9 13 7
9 12 8
22 2 9
23 3 2
0 4 12
2 4 24
17 19 27
9 14 7
15 17 1
7 12 2
12 15 7
1 4 25
18 21 2
9 11 20
15 17 12
8 10 23
18 0 26
3 7 2
7 11 27
11 12 16
21 23 21
0 4 15
17 20 11
5 8 22
10 14 21
13 17 15
1 2 14
3 5 3
5 8 8
14 17 24
3 7 12
10 12 10
4 8 7
16 19 7
5 7 5
22 0 26
6 11 4
1 1 2
4 7 25
9 13 15
11 15 10
12 14 2
3 7 14
1 6 10
5 9 1
14 17 10
15 19 19
1 4 14
5 6 27
4 8 9
9 13 22
19 22 26
1 5 21
5 10 6
14 15 10
8 9 8
11 12 3
17 21 16
12 17 24
11 16 2
3 7 20
2 4 9
18 20 6
3 6 17
6 10 10
16 18 14
8 12 11
21 0 16
3 6 17
15 19 14
4 7 12
8 11 10
8 10 4
9 10 14
3 7 1
18 22 9
13 18 22
11 11 25
21 0 21
14 18 9
9 11 26
3 5 26
22 0 23
22 1 22
8 11 29
1 3 1
9 11 20
13 16 3
15 17 10
1 3 10
15 19 17
9 11 2
7 8 3
2 6 11
18 21 5
12 15 13
23 2 1
0 5 29
9 10 11
18 21 9
23 3 26
18 20 20
18 20 5
12 16 25
19 21 12
11 14 24
6 10 26
15 17 3
17 21 28
16 19 15
6 8 18
6 9 24
3 8 8
22 2 23
3 5 26
19 22 25
13 16 16
12 15 7
23 2 4
18 20 2
23 2 24
2 4 19
18 22 18
11 13 24
1 4 20
15 18 19
8 11 13
6 9 4
7 10 24
7 11 12
23 3 27
6 8 5
4 7 3
4 7 15
4 8 7
14 18 3
19 22 12
21 1 24
12 14 22
3 7 24
19 22 10
13 13 20
13 16 4
21 1 13
6 8 28
16 19 28
2 5 2
15 17 29
22 3 24
18 19 23
23 3 26
22 2 1
23 3 23
14 17 7
4 5 2
20 0 14
23 2 18
17 21 2
12 16 3
15 18 28
15 18 23
2 5 9
11 13 3
12 14 23
16 20 16
11 14 12
13 16 22
11 15 26
16 17 15
7 9 29
12 16 19
12 13 22
23 3 2
17 20 26
12 13 2
0 2 15
8 10 29
23 2 15
7 9 10
9 11 23
7 8 14
17 21 9
19 20 26
21 1 26
3 6 29
23 1 16
10 14 2
21 23 15
16 18 20
12 15 6
16 20 29
16 21 4
12 15 29
5 6 26
6 9 18
9 14 14
7 10 18
1 5 1
4 9 7
0 2 18
23 1 23
17 19 16
20 0 18
14 16 17
7 11 25
20 21 24
7 10 27
20 22 14
4 7 28
12 15 2
16 18 18
11 13 14
17 20 15
17 18 11
13 17 20
0 4 29
22 2 7
5 8 29
4 7 10
18 21 15
23 3 14
8 10 15
8 11 21
13 18 26
10 12 24
11 14 12
2 5 26
15 18 10
16 19 6
23 2 14
14 17 16
11 12 3
18 21 25
5 7 19
19 22 8
12 15 15
15 17 11
15 17 15
8 11 19
6 10 28
12 15 11
7 11 14
20 22 3
1 3 5
14 16 6
15 18 20
2 6 25
1 5 26
17 20 22
14 15 18
18 21 26
3 5 29
20 23 28
11 15 27
12 17 20
1 4 28
14 17 13
10 14 24
21 1 10
6 10 27
2 5 6
15 18 28
9 12 29
11 14 5
21 0 16
7 11 4
16 19 17
6 11 20
3 6 13
12 16 16
1 4 1
6 8 26
22 0 11
11 16 6
17 22 17
12 15 15
20 22 11
3 6 3
18 22 10
0 3 18
18 21 29
11 13 24
10 15 22
1 5 4
10 12 22
18 21 20
9 12 12
20 1 12
16 19 24
8 10 2
3 5 15
7 9 4
0 3 23
1 6 10
12 14 11
6 10 16
20 23 19
14 15 5
16 22 4
6 10 7
10 14 16
3 6 14
12 14 29
1 5 17
20 23 15
14 16 13
9 12 20
17 20 19
11 14 26
22 1 20
10 15 3
15 19 21
12 15 21
12 15 8
5 8 29
3 7 5
15 18 17
15 18 29
15 17 28
20 1 27
1 3 18
7 10 23
16 20 4
4 6 21
4 9 20
12 17 7
14 16 17
10 15 22
20 0 26
6 10 26
16 18 8
4 9 29
16 17 15
22 2 8
0 3 2
14 17 8
11 13 18
9 12 2
8 10 8
11 15 29
7 11 4
20 23 15
13 16 12
19 21 27
10 15 14
8 12 10
16 19 5
21 0 3
0 3 29
2 4 27
4 7 17
14 18 24
14 15 18
2 6 17
17 21 16
4 9 14
5 7 20
6 8 20
18 19 14
10 12 13
20 23 19
23 2 14
3 7 4
20 23 5
7 12 24
17 20 6
7 10 3
1 4 3
20 22 3
14 18 14
5 9 26
18 23 11
15 18 27
11 13 22
10 12 18
2 3 7
23 4 13
2 4 24
8 11 29
2 5 7
6 10 26
5 8 3
20 23 21
18 20 8
21 0 27
21 1 17
13 17 28
14 19 19
23 3 15
23 2 3
12 14 8
13 16 8
0 2 10
2 4 11
7 10 1
0 2 10
14 17 6
16 19 13
22 0 26
8 11 9
13 16 28
4 7 16
1 4 20
16 19 7
4 6 25
20 23 12
17 19 4
14 19 27
4 8 21
12 15 26
10 12 24
23 2 6
21 23 29
21 23 16
18 23 12
5 7 4
5 9 17
22 1 6
13 16 5
9 12 22
22 2 26
15 19 23
2 5 25
12 16 10
14 16 18
5 9 13
9 12 26
0 1 19
18 22 11
19 22 26
23 2 23
1 5 17
0 2 19
16 19 9
12 15 12
2 7 12
3 6 14
14 15 25
18 21 11
17 19 27
12 16 11
23 3 17
15 19 20
11 14 11
10 13 3
0 3 28
9 12 23
2 5 4
4 7 12
18 21 2
0 2 9
17 20 24
21 23 9
10 10 26
22 0 13
4 7 15
23 1 7
12 15 9
12 15 14
23 0 29
6 11 20
20 23 29
14 17 24
22 1 4
17 20 5
10 13 6
9 12 28
13 18 24
1 4 25
17 20 9
14 16 25
15 18 5
4 7 14
20 22 7
3 6 22
9 10 28
7 10 26
2 5 2
6 9 4
3 6 6
17 20 6
18 23 23
20 23 19
5 7 4
0 3 9
9 13 1
13 16 28
21 1 22
4 7 1
2 7 18
6 9 18
19 21 21
11 12 16
23 2 17
11 14 23
19 23 20
16 19 15
14 18 23
4 8 18
9 11 8
6 10 26
6 8 28
1 5 2
9 13 22
2 4 7
3 6 24
19 22 12
5 9 19
6 6 8
7 9 25
9 12 21
17 21 17
6 8 5
15 18 24
7 11 8
23 2 6
15 18 14
12 15 25
17 19 1
21 0 18
4 8 24
11 14 11
1 3 2
15 17 11
22 2 11
21 1 9
4 8 19
19 22 27
5 9 28
1 6 29
17 19 14
0 3 16
14 16 26
23 2 16
18 23 29
23 2 19
21 0 12
0 4 21
14 17 12
10 14 12
3 6 12
12 15 12
17 19 3
23 2 26
1 3 24
8 11 2
5 7 29
4 6 6
21 1 9
11 15 14
20 1 21
14 16 6
17 19 20
20 0 5
18 20 21
5 8 9
12 15 17
2 4 16
16 18 9
6 10 2
19 21 28
16 18 23
7 9 28
22 2 20
23 1 10
4 7 4
1 6 1
21 1 19
19 22 25
3 6 25
11 15 19
2 6 18
9 11 13
20 0 6
15 19 28
8 10 12
9 12 25
17 20 20
2 4 12
14 16 13
8 11 26
19 23 13
5 9 3
23 4 17
23 1 3
15 19 29
14 16 19
20 21 28
11 13 11
19 23 15
22 0 2
17 20 18
18 23 25
20 21 3
22 1 26
17 20 4
9 13 26
1 3 19
14 17 26
6 10 10
7 9 6
7 9 24
6 9 4
10 12 14
1 4 14
4 8 2
11 11 3
5 9 26
4 8 5
6 9 29
10 13 20
6 8 25
17 19 21
5 6 28
13 16 7
9 12 29
15 19 8
16 19 13
9 14 7
21 1 22
5 8 29
8 12 21
23 2 9
5 9 16
10 14 3
20 0 15
16 18 29
2 5 27
12 14 18
15 18 13
19 23 25
12 15 25
22 1 19
16 20 8
1 4 14
17 19 6
5 7 27
13 16 27
18 19 25
12 15 8
23 1 14
15 18 3
5 7 3
2 3 11
14 17 26
21 0 16
11 18 6
4 9 1
4 7 6
12 14 20
1 5 17
3 7 16
20 22 28
3 5 15
20 21 23
1 3 26
2 5 6
5 7 10
0 4 24
15 19 4
23 1 29
21 22 9
1 5 10
2 5 10
22 2 24
17 21 15
0 4 9
15 17 14
23 2 4
12 16 4
23 2 5
11 14 7
0 1 18
0 2 12
2 4 11
16 18 24
19 0 26
10 13 12
12 16 29
9 11 16
17 21 1
8 10 12
23 3 19
10 14 29
18 20 25
1 2 1
18 20 26
4 5 3
23 1 25
9 12 24
0 4 22
19 22 1
22 0 6
10 13 4
21 0 10
13 16 10
3 8 19
8 11 1
11 13 23
0 2 16
5 8 20
18 22 8
4 9 6
8 10 11
13 16 21
17 20 26
4 7 16
16 20 2
11 14 15
12 15 17
7 10 12
7 8 20
6 9 24
20 23 28
0 4 3
15 19 29
5 7 17
2 5 9
5 9 13
22 0 9
3 7 15
13 16 6
16 19 6
16 19 19
10 10 5
15 18 22
21 0 5
8 10 14
14 18 6
11 15 4
16 19 1
22 1 17
20 0 19
0 2 15
16 20 18
8 11 19
21 0 27
15 17 5
2 5 24
16 20 29
23 1 10
22 1 3
16 20 12
10 14 6
9 12 7
16 18 8
0 4 5
12 19 7
19 23 28
4 9 28
8 11 16
15 18 19
10 13 8
3 7 28
19 23 20
3 6 18
7 12 26
20 22 13
20 0 6
17 19 13
23 2 24
11 16 10
22 2 4
22 1 23
7 9 26
14 18 8
0 0 6
0 2 20
12 17 13
6 8 15
23 3 24
14 19 18
1 3 9
16 19 11
16 18 6
2 5 5
6 9 15
11 12 26
20 0 17
6 9 21
14 17 5
8 11 11
11 13 4
19 22 9
6 8 26
13 16 7
6 10 7
19 21 4
14 19 23
12 16 8
1 4 26
18 20 17
1 6 14
3 6 11
6 8 7
3 7 20
6 8 9
16 19 7
21 23 22
10 12 4
22 2 26
13 16 16
3 6 11
2 5 6
12 15 4
16 18 11
14 15 13
2 6 24
1 4 9
20 23 10
9 12 18
10 13 10
6 8 11
17 20 3
10 13 18
10 14 26
3 6 2
6 10 25
1 4 25
13 18 28
5 9 7
0 3 17
22 1 23
21 0 25
16 19 2
13 17 19
9 12 8
3 6 4
15 20 25
18 21 13
0 3 4
16 19 11
6 8 25
7 11 25
9 12 8
16 21 1
15 20 2
9 10 13
7 10 17
16 19 4
1 2 10
4 6 3
2 5 23
15 19 14
3 7 27
14 17 28
7 10 26
4 6 13
18 21 4
17 19 22
3 8 8
0 2 13
15 16 6
22 3 8
2 5 20
0 2 13
15 17 13
20 0 8
8 11 9
11 13 13
5 8 1
18 21 17
18 21 8
9 13 14
19 22 11
5 7 11
3 5 8
11 13 27
19 21 11
10 13 14
0 3 22
18 22 22
0 4 26
13 15 14
13 15 22
4 5 8
0 3 9
18 22 23
3 7 24
18 20 10
9 13 8
21 1 21
6 10 18
23 0 12
11 14 12
8 10 27
18 21 4
16 18 9
18 22 18
2 5 23
17 20 15
1 3 13
11 15 26
4 7 2
8 12 14
6 7 5
1 3 28
13 16 7
9 12 5
9 11 2
