1000 57
43 3 50 31 16 31 37 42 11 44 27 47 15 53 41 27 28 24 31 24 28 21 54 35 19 10 37 14 29 12 6 16 57 30 15 49 21 57 3 35 15 25 30 19 46 53 16 47 28 28 48 51 40 53 34 1 15 
16 20 32
14 19 31
11 13 32
3 5 30
14 18 29
22 1 14
14 17 11
3 6 22
7 11 30
4 7 50
12 13 19
19 22 1
0 3 16
19 22 18
11 15 33
1 3 13
19 21 53
20 1 53
12 14 43
16 21 43
21 1 45
9 12 56
1 3 39
20 22 48
17 21 9
2 4 11
11 13 38
10 13 56
13 17 46
18 23 7
3 7 49
8 10 44
13 15 55
5 8 29
22 3 15
16 19 46
12 17 38
18 22 22
8 12 27
20 0 31
10 13 39
10 14 56
2 6 21
4 8 57
1 4 9
13 17 14
1 3 30
9 10 34
16 20 53
8 12 3
3 5 39
6 10 36
19 23 37
6 9 44
5 8 4
19 21 54
14 15 33
20 21 33
15 18 10
13 15 50
17 21 46
10 12 5
3 6 39
16 19 30
4 6 9
10 13 24
13 15 17
5 9 2
0 2 46
8 10 39
20 23 3
21 1 35
20 23 6
20 23 57
16 18 53
20 0 42
0 3 11
13 17 24
12 12 40
0 4 42
6 10 8
11 14 51
14 17 40
1 4 23
12 14 7
15 19 1
23 3 36
8 10 10
8 11 43
4 7 11
17 19 50
12 15 10
13 15 29
14 17 50
21 0 48
16 18 16
10 14 25
22 1 21
3 7 53
9 13 52
15 17 2
15 19 17
16 18 9
8 11 8
7 10 42
17 18 43
9 13 2
20 0 20
18 21 23
17 19 38
19 21 7
18 22 51
8 11 47
22 2 10
21 0 31
11 15 14
23 2 8
11 15 31
11 15 8
12 15 46
2 4 43
4 7 14
21 1 53
17 21 14
9 12 21
19 23 30
21 23 14
18 21 17
1 4 48
3 6 39
17 21 53
8 11 27
12 16 19
13 16 49
15 18 24
12 16 51
1 5 46
23 2 57
9 13 24
8 12 15
4 7 50
0 1 53
2 5 14
19 23 29
5 8 34
7 9 51
16 18 1
15 17 21
23 1 33
4 7 16
11 13 23
5 7 30
9 13 44
0 3 4
2 4 38
21 23 50
23 4 24
18 22 42
2 4 20
17 21 41
15 17 52
8 10 56
19 23 29
8 9 2
23 0 19
4 7 30
17 19 41
0 4 29
4 7 15
15 17 57
23 2 6
22 2 3
14 17 45
13 15 48
9 12 16
14 17 30
5 9 53
5 8 32
17 21 51
6 9 26
20 23 37
17 20 29
5 7 6
14 17 23
1 6 43
9 12 15
21 23 4
0 4 34
10 13 43
5 8 12
23 3 41
1 4 1
18 21 27
1 2 16
1 4 5
14 16 47
10 13 39
11 14 33
8 9 44
14 18 8
5 7 34
1 3 45
0 4 50
23 0 54
0 3 18
12 14 5
23 2 29
20 0 35
17 21 36
11 14 50
4 6 46
20 21 57
3 7 6
3 5 55
7 9 7
1 2 22
12 13 14
10 14 13
22 1 36
19 20 27
11 14 53
23 4 30
14 19 19
6 10 27
3 5 48
20 23 44
14 17 44
11 13 14
16 19 19
5 7 50
0 2 57
6 9 26
19 23 47
16 19 15
2 4 49
5 7 11
8 10 34
22 1 18
3 5 22
15 20 56
13 17 28
20 22 43
17 19 18
12 13 32
12 15 53
2 4 53
1 3 37
8 11 47
16 19 17
16 19 24
14 17 54
4 8 26
9 13 24
10 12 31
16 20 25
3 6 53
7 11 9
8 11 47
6 8 24
13 14 24
9 12 23
23 3 37
22 0 45
16 19 57
17 23 11
5 6 48
22 2 44
8 10 12
22 1 54
16 18 22
5 8 5
5 7 11
17 21 21
21 2 13
3 8 45
4 8 2
3 4 39
21 1 57
2 5 25
8 9 30
15 17 37
7 10 39
20 0 4
19 22 27
16 20 17
17 20 57
1 5 20
19 22 42
11 14 16
2 5 29
19 23 3
12 17 27
8 12 25
17 21 17
1 3 56
10 12 19
9 12 50
19 21 12
0 3 36
2 5 7
9 11 57
13 17 24
3 6 27
11 14 43
10 13 49
14 17 3
8 13 45
15 16 51
17 19 16
11 14 10
2 6 48
22 0 17
8 11 5
10 14 52
18 20 53
16 20 37
16 16 23
6 7 3
4 8 56
11 14 48
10 14 27
0 3 41
0 3 14
1 5 6
14 16 16
8 10 18
2 5 27
0 2 42
8 10 45
0 3 38
21 23 56
8 11 18
13 15 3
2 6 1
10 14 43
5 9 43
18 20 32
20 22 22
20 23 54
19 23 48
21 1 48
2 5 9
2 2 32
14 17 10
8 10 27
0 4 2
9 12 13
16 19 52
5 7 24
3 6 29
11 15 31
4 6 38
7 9 50
11 13 25
9 13 17
17 20 34
6 8 34
21 0 36
1 4 3
0 3 5
10 13 19
16 19 7
12 14 44
6 8 20
3 4 40
20 21 51
18 21 7
15 16 2
11 14 37
23 3 29
21 23 40
7 11 30
20 23 21
19 22 53
4 7 12
16 18 51
16 19 36
1 6 24
7 11 32
17 17 41
14 16 3
15 20 10
2 4 24
18 20 47
9 13 56
2 2 43
20 0 16
0 4 14
6 9 42
20 23 18
9 13 32
15 17 50
11 13 10
15 19 5
18 21 1
18 20 53
2 5 42
1 5 7
19 20 5
10 14 53
15 18 11
0 1 4
13 15 11
19 23 43
19 23 9
0 3 39
18 21 34
6 9 6
2 7 20
21 1 47
20 0 53
1 3 54
20 23 50
17 21 26
8 11 37
19 0 15
14 16 34
10 12 35
5 10 6
10 14 56
12 15 35
21 23 35
22 2 9
4 5 30
11 15 39
12 13 34
10 13 39
17 20 38
7 11 21
19 22 45
23 2 11
16 19 32
8 11 15
22 0 49
13 16 28
19 22 44
22 1 52
21 0 54
13 16 10
19 21 43
9 13 1
14 17 33
18 23 50
20 23 15
19 22 6
11 15 9
17 20 51
8 11 12
13 18 1
8 10 19
10 13 8
22 2 10
2 2 11
23 0 4
21 23 31
6 11 19
11 14 33
13 15 46
6 9 10
8 12 47
10 14 6
2 5 21
15 17 13
14 18 38
10 13 56
12 16 1
7 10 51
6 10 46
5 10 38
3 5 53
7 11 53
16 21 38
20 2 31
13 19 25
22 0 31
23 3 18
17 19 5
13 16 33
19 21 54
17 21 18
16 18 34
13 15 44
14 17 7
8 12 15
22 0 54
19 20 12
16 19 43
23 2 5
19 23 9
16 19 36
3 5 40
4 8 54
22 3 6
11 14 52
4 7 8
5 10 20
6 10 25
3 6 21
18 20 29
23 4 11
19 20 46
9 11 49
3 5 42
12 14 51
14 19 37
2 4 13
4 7 46
10 13 17
1 4 23
7 10 19
21 23 25
6 9 6
2 6 52
18 21 5
7 10 44
3 6 1
15 18 52
22 0 49
1 5 43
10 14 43
0 6 14
15 18 47
8 10 55
3 5 20
9 10 15
19 21 48
1 4 30
20 23 3
16 19 34
4 8 23
12 16 15
1 4 18
9 12 43
17 20 53
12 14 26
3 7 47
21 0 20
3 4 48
5 10 44
5 8 4
20 0 17
10 13 32
11 14 13
23 0 28
16 21 28
19 22 41
14 16 28
17 19 12
7 10 5
15 19 34
19 22 33
9 11 17
12 16 10
1 3 4
1 5 32
15 18 52
4 7 25
11 15 2
1 3 43
9 12 41
0 3 24
22 0 7
11 13 16
17 20 7
19 23 16
22 2 18
21 0 40
10 13 31
13 16 25
20 21 10
3 6 14
19 21 50
0 3 50
20 0 45
0 3 2
11 15 37
2 5 8
10 12 39
13 16 23
3 7 56
21 1 15
7 10 32
20 21 41
22 23 24
3 5 30
19 22 38
17 19 24
13 16 19
23 1 11
19 22 54
3 7 51
0 4 10
12 15 35
6 8 44
12 15 47
19 22 31
20 1 51
9 11 12
6 8 12
17 21 40
0 3 46
11 14 7
20 0 30
4 7 38
16 18 1
8 11 55
12 15 34
5 7 31
19 21 10
4 7 43
15 19 27
14 17 27
8 12 51
13 17 28
13 15 33
9 13 49
15 19 23
19 20 47
6 9 8
15 19 30
2 4 54
23 2 3
17 21 50
1 4 46
4 6 20
0 4 4
17 19 34
7 9 22
19 22 3
13 16 2
1 4 3
23 2 6
8 11 10
9 14 36
20 23 38
22 1 25
3 6 29
13 16 46
3 5 32
18 20 13
14 18 45
21 0 47
8 12 5
4 6 40
10 12 30
6 8 3
19 23 15
11 15 46
14 15 24
6 10 17
17 19 50
3 6 6
18 22 44
0 2 51
13 17 19
18 20 22
15 18 49
2 6 26
18 19 7
19 23 48
12 15 56
20 22 49
8 10 24
20 22 36
19 23 19
11 13 28
2 5 9
13 17 48
10 14 19
10 13 24
6 8 15
16 19 6
10 13 49
11 15 28
14 17 45
5 8 45
1 5 27
16 20 4
12 14 23
1 4 4
12 16 12
23 2 32
7 8 4
5 7 3
20 0 38
21 0 32
18 22 12
3 7 53
14 17 14
0 3 56
5 8 51
16 18 32
23 2 11
16 19 42
18 21 16
16 19 9
22 2 43
13 16 31
22 3 7
13 15 47
11 14 8
3 6 5
0 3 24
11 14 35
5 11 47
14 18 57
0 3 40
2 6 26
5 9 30
14 18 53
18 23 21
17 20 27
8 10 49
13 17 9
19 23 2
9 13 4
10 14 31
0 6 10
4 8 37
17 19 41
9 12 2
0 2 24
16 19 17
7 10 48
20 0 25
20 22 49
3 5 44
10 14 41
21 22 41
8 10 26
17 20 46
17 19 22
19 21 34
23 3 2
15 17 19
13 16 14
22 0 51
13 15 22
5 9 52
17 20 30
10 14 45
2 4 46
23 3 33
15 17 47
23 2 52
14 16 8
7 10 45
6 9 2
13 18 28
9 11 39
11 15 2
19 23 9
20 2 14
21 23 10
6 10 24
3 6 14
22 0 16
5 7 17
16 19 8
17 20 7
22 1 53
0 4 5
20 23 39
12 15 46
16 19 6
13 15 51
21 1 45
15 18 16
15 18 37
23 3 5
14 17 42
10 13 8
23 1 34
18 20 39
4 6 13
3 7 1
15 20 28
12 16 35
11 15 53
23 4 13
22 2 47
20 22 55
1 4 16
1 3 12
13 15 26
21 23 21
17 21 28
3 6 19
23 1 11
4 8 45
22 1 54
20 23 18
9 13 38
23 1 3
7 11 49
12 15 16
13 14 4
22 0 2
11 13 25
12 16 33
2 5 34
7 11 2
13 16 52
8 11 13
2 4 53
4 6 2
21 22 12
7 9 28
18 21 49
12 15 2
0 2 32
21 1 17
20 23 48
16 20 20
16 19 42
17 20 37
17 19 46
6 7 44
20 21 4
12 14 2
20 0 7
2 4 32
5 7 20
10 14 45
8 10 31
10 12 47
18 21 9
21 2 41
14 17 23
7 10 33
12 14 14
12 14 6
10 14 31
2 4 20
3 6 23
12 14 8
5 7 50
7 9 51
17 19 26
0 2 30
2 5 56
16 20 1
5 9 51
22 0 36
20 23 4
15 18 53
11 16 40
11 15 39
8 11 36
9 11 12
5 8 16
7 10 18
3 6 48
10 13 40
21 0 43
15 18 46
0 3 22
7 10 56
21 23 42
17 20 11
2 6 44
3 7 40
1 4 32
19 22 30
14 17 19
3 5 1
14 15 2
6 10 40
8 11 34
16 19 46
1 5 47
8 12 11
12 14 30
21 22 15
19 22 8
2 6 16
17 20 23
0 4 49
8 10 3
11 14 14
14 16 33
13 14 6
18 22 39
11 14 13
8 12 33
10 12 13
21 1 56
9 12 46
20 23 43
21 23 4
21 0 8
23 2 43
20 22 42
16 20 11
19 22 39
16 19 25
13 16 43
0 2 31
11 16 53
8 10 46
5 7 6
14 16 18
20 23 25
13 14 50
18 21 17
14 16 54
8 10 37
14 16 48
4 7 57
14 18 6
14 15 18
17 21 20
2 4 35
23 3 20
22 2 12
12 14 11
6 9 49
10 13 42
8 9 1
13 18 39
6 7 3
23 4 47
18 21 11
12 15 2
10 12 43
4 5 4
18 20 55
22 0 37
21 0 28
21 1 51
7 9 25
17 20 44
10 13 45
20 21 53
5 9 7
23 1 31
4 6 43
20 0 22
3 6 54
1 5 55
10 11 8
15 17 25
19 21 29
18 20 40
12 17 24
4 9 52
13 15 44
10 13 50
12 16 12
3 6 14
23 1 42
22 0 2
8 10 50
22 3 12
13 15 39
22 0 51
11 14 35
20 22 15
10 14 41
12 15 35
14 19 36
15 18 33
12 17 44
10 14 10
11 12 20
18 21 29
23 3 40
16 18 40
21 1 40
14 17 37
14 19 29
11 14 29
20 0 53
9 11 12
4 7 19
7 11 2
4 6 57
13 15 9
15 19 35
15 19 19
19 21 9
17 20 50
19 22 57
14 16 41
23 23 27
4 7 40
0 5 51
22 1 5
2 4 25
20 23 17
10 13 7
9 12 1
17 21 44
15 16 8
4 7 37
8 10 38
6 9 56
23 3 16
14 18 3
4 8 41
