1000 80
32 37 26 29 62 68 44 46 5 23 4 2 18 1 5 58 18 7 32 37 4 18 32 11 51 10 63 37 29 66 48 64 56 2 73 51 12 20 7 8 49 16 69 60 40 57 42 48 23 52 49 22 7 30 34 2 29 2 41 26 65 8 14 27 19 11 38 42 5 49 31 68 64 45 49 4 17 60 49 76 
4 8 62
12 14 64
9 14 24
13 17 43
5 7 63
14 17 67
0 3 20
2 5 4
20 23 17
0 2 23
11 14 46
16 19 1
14 18 69
23 0 68
15 16 34
2 5 80
14 17 48
8 12 64
16 18 32
14 18 22
12 15 42
15 19 13
6 10 40
23 2 24
8 11 56
21 0 38
15 17 7
7 11 18
16 20 66
1 5 53
16 18 43
19 23 67
6 8 2
22 1 24
4 7 75
21 0 34
16 19 9
14 16 11
6 8 38
6 9 53
9 15 44
2 6 60
1 4 11
8 10 36
12 16 59
4 7 38
14 17 77
6 10 42
11 14 37
0 2 50
23 2 31
11 15 41
1 3 54
3 6 65
9 14 53
9 13 79
17 21 79
19 21 5
17 21 44
22 1 68
19 22 51
12 16 53
4 5 23
20 0 75
8 9 78
6 9 35
13 16 51
1 3 17
7 10 29
3 7 39
0 3 78
5 8 48
9 11 72
18 22 26
19 23 42
17 21 54
22 23 1
23 2 8
3 5 51
15 17 60
4 6 55
5 8 60
11 14 13
12 13 12
7 9 60
14 15 74
18 21 58
10 13 4
12 15 67
16 19 5
22 1 65
5 8 14
6 10 37
1 4 71
18 21 4
7 10 4
8 10 56
19 22 1
21 1 14
23 2 25
22 3 41
20 0 69
14 19 3
0 4 67
10 14 7
2 4 43
18 21 67
18 23 47
13 17 36
19 22 51
12 16 28
3 5 38
13 16 16
9 12 24
16 20 55
17 21 80
13 16 64
23 3 13
16 18 80
8 10 24
1 2 37
17 20 42
22 1 11
7 9 54
16 17 60
7 8 65
21 0 1
10 13 42
11 14 38
14 16 80
23 2 20
3 6 62
5 8 66
13 17 13
5 10 56
16 19 54
4 7 63
18 19 46
5 7 72
1 4 29
14 16 28
5 7 41
22 0 17
12 15 67
4 8 31
13 17 5
23 1 16
15 19 77
19 22 61
5 8 3
6 9 58
1 5 76
6 8 33
0 4 35
4 7 42
12 16 79
1 3 63
14 16 62
5 7 6
12 15 3
16 20 68
1 4 33
21 0 60
11 15 45
12 14 61
17 19 73
8 12 18
19 22 32
0 3 41
18 22 41
18 21 51
1 5 38
3 7 32
4 8 20
4 5 74
16 20 53
5 7 33
1 3 22
15 17 61
10 13 44
18 22 59
23 3 9
10 13 27
22 1 40
3 6 24
1 5 80
15 18 61
20 23 50
6 8 5
3 6 8
21 23 58
14 17 3
4 8 51
16 18 9
9 11 73
11 14 13
11 14 67
7 11 24
16 19 76
14 17 12
23 2 61
12 12 28
0 3 67
10 12 54
18 22 73
22 1 7
17 21 44
21 3 77
3 6 9
9 13 34
8 11 2
1 4 31
13 16 55
12 15 5
17 21 42
23 2 80
21 0 76
16 19 60
9 13 9
5 8 24
2 6 55
2 6 69
15 19 26
23 2 64
3 6 56
6 11 56
11 17 66
6 9 68
21 0 56
0 2 70
2 4 64
17 20 26
2 6 54
23 2 73
12 16 80
23 2 10
23 1 80
21 0 72
22 1 41
19 22 59
9 12 79
19 22 22
6 9 3
6 9 80
12 14 1
5 7 57
8 11 37
12 14 26
5 8 55
0 3 63
9 9 79
7 9 32
17 20 75
19 22 32
4 8 2
21 0 29
19 21 32
6 7 59
9 12 80
11 14 10
17 20 70
11 14 40
3 7 39
10 15 3
1 4 72
19 21 36
0 3 71
7 10 48
1 5 8
11 15 9
9 10 67
8 10 73
8 11 3
10 14 30
6 10 18
4 7 34
8 11 73
6 7 2
18 21 66
16 18 35
1 5 16
7 10 12
17 20 43
11 14 18
12 14 22
7 10 19
17 19 62
12 17 55
21 0 66
6 9 71
16 20 22
20 0 47
7 10 33
18 20 45
0 2 31
7 11 61
3 7 74
18 22 41
15 19 22
9 12 70
1 5 42
23 2 63
14 18 36
15 17 71
0 2 59
3 7 76
13 14 59
4 7 9
8 11 20
11 14 34
13 16 34
9 12 70
4 9 5
7 10 48
12 16 67
8 11 26
18 21 52
12 15 9
14 19 54
17 20 80
19 22 49
2 5 41
15 20 19
12 16 44
3 5 69
2 5 43
11 14 1
4 7 25
23 1 64
16 17 26
20 0 44
0 1 25
1 4 43
2 6 6
3 6 27
5 8 2
8 12 77
9 12 43
0 2 47
22 1 79
22 23 19
20 22 36
1 4 2
20 23 34
20 0 59
21 0 39
16 19 35
0 5 37
23 2 30
7 11 43
10 14 31
9 12 37
2 7 10
1 2 46
3 6 78
13 14 33
8 13 66
12 14 30
6 10 20
12 15 61
8 12 62
13 17 12
5 7 50
22 1 50
22 0 42
4 8 32
19 23 51
5 8 17
5 8 9
19 21 37
3 6 49
16 19 49
23 2 3
9 12 49
9 12 44
6 7 10
20 22 78
18 22 46
21 0 17
19 23 52
1 5 7
21 23 19
11 14 27
7 9 23
5 8 77
7 10 8
10 12 1
16 20 56
19 22 64
9 12 58
17 20 26
17 20 10
13 16 66
4 4 12
8 11 41
3 6 59
22 1 64
10 14 12
1 4 1
11 14 67
17 21 17
10 13 72
14 17 18
14 15 77
0 4 5
14 16 20
11 12 30
3 6 5
7 10 76
2 6 36
0 2 78
9 11 76
2 5 37
15 18 51
11 15 47
5 7 26
3 7 71
11 15 75
0 3 29
18 20 40
1 4 70
4 7 20
16 19 65
3 6 60
9 13 51
6 10 54
14 17 25
16 19 45
2 5 52
6 8 74
8 10 35
15 20 79
9 12 71
3 5 30
9 13 29
4 8 70
22 1 41
23 3 59
16 19 67
3 6 61
11 14 6
4 6 24
8 12 75
16 19 68
17 21 9
5 9 50
2 6 56
8 11 39
10 13 40
5 8 27
2 4 41
22 0 32
19 21 21
0 4 56
1 3 52
21 1 53
4 8 38
18 22 58
5 7 41
8 11 27
0 4 53
18 21 70
19 21 65
16 21 77
20 23 33
10 13 27
4 6 4
10 15 45
18 20 39
9 13 46
21 22 50
2 4 35
11 15 26
1 3 40
14 18 76
15 18 19
18 19 77
14 16 25
3 7 21
22 1 22
9 12 9
19 23 57
8 10 13
12 16 3
5 8 41
14 17 67
14 17 72
19 0 53
7 9 69
13 16 26
20 0 35
4 7 5
7 9 11
4 8 31
14 17 1
15 18 16
23 2 29
12 16 76
11 15 55
8 10 34
14 17 32
20 23 63
14 18 51
2 6 28
14 16 21
6 9 62
23 1 27
5 6 31
14 18 1
19 23 7
9 12 20
14 17 41
9 12 20
10 14 59
0 2 26
16 18 24
10 12 15
12 16 54
6 10 79
9 11 23
9 13 41
12 14 4
20 0 22
22 2 75
5 8 43
6 12 39
11 15 22
6 10 54
23 1 45
7 11 11
2 5 10
19 23 80
23 0 33
10 13 55
8 11 10
16 19 5
23 1 30
6 8 50
10 13 38
21 1 12
22 0 27
8 11 79
9 12 78
3 4 4
10 13 18
0 3 56
18 22 64
15 17 8
10 12 47
22 1 9
10 14 2
19 23 17
20 23 12
16 18 9
15 18 38
16 17 2
17 19 69
3 6 7
12 16 79
22 0 61
17 21 61
16 18 58
11 15 71
23 2 14
8 11 11
9 12 69
20 23 25
14 17 16
7 10 7
16 19 64
12 16 41
10 13 20
2 4 21
0 5 40
11 15 68
8 12 28
17 19 59
21 1 11
16 18 59
7 10 17
16 19 1
23 0 56
16 17 52
20 23 41
7 10 27
16 20 15
13 16 49
19 22 74
23 2 72
14 18 17
19 22 35
5 7 61
11 13 33
20 23 31
0 2 79
6 9 63
23 3 10
7 10 65
10 12 69
3 7 10
21 23 23
0 4 68
11 14 35
18 21 40
7 9 70
14 18 15
21 23 61
10 14 35
10 12 64
18 21 55
7 10 61
2 4 7
22 1 79
10 11 11
14 18 67
3 6 49
22 1 65
9 11 28
17 20 24
21 1 57
12 16 44
3 6 9
1 4 3
17 19 26
14 17 41
14 17 48
9 12 50
3 4 30
7 9 24
21 23 17
18 19 37
17 20 7
23 2 33
10 14 32
0 3 42
7 11 31
2 5 39
22 2 46
14 18 41
23 2 31
12 15 78
14 17 8
2 7 31
20 0 2
1 5 4
6 8 59
4 5 42
9 13 18
13 16 46
0 3 20
18 21 7
2 4 68
4 6 77
1 3 4
11 15 3
17 21 60
20 22 33
3 6 77
5 8 51
18 19 32
13 17 27
1 4 54
18 21 23
17 20 69
23 3 8
5 7 76
5 10 29
22 0 66
20 23 51
1 4 17
12 15 1
2 5 16
9 10 29
12 16 63
15 19 61
15 18 14
0 2 78
18 22 80
2 6 49
11 13 46
10 10 72
9 12 71
17 19 2
11 13 23
20 23 39
19 23 39
12 15 20
14 17 31
15 16 35
9 12 29
19 21 20
15 18 52
11 14 68
18 20 51
3 6 16
21 0 58
2 6 73
17 18 76
22 1 24
22 0 4
10 13 21
0 3 67
18 21 24
12 16 80
11 14 48
3 5 3
1 5 27
11 14 76
4 6 30
7 9 33
6 10 42
10 13 40
18 21 22
4 7 64
11 14 79
16 18 75
14 18 14
10 13 24
14 18 1
19 23 32
11 13 49
10 13 78
2 3 29
14 18 57
1 3 9
16 20 2
8 12 49
6 9 15
1 4 54
12 16 69
18 20 44
3 4 53
18 21 57
7 8 53
0 3 58
8 12 17
17 20 63
20 23 48
20 22 34
15 17 31
10 14 33
17 19 36
13 16 31
16 17 54
16 17 28
10 13 60
18 21 71
20 0 64
0 2 6
0 4 79
2 6 67
11 14 68
21 0 33
14 16 37
21 23 36
22 0 9
9 12 5
22 23 69
4 8 37
18 23 34
18 21 37
20 0 21
10 11 55
10 15 23
10 14 32
21 23 71
4 7 68
20 23 53
5 7 25
8 13 52
13 16 4
19 22 42
17 20 49
9 12 30
12 14 12
19 22 52
11 13 18
17 20 74
10 13 69
16 20 23
20 23 8
0 2 72
5 7 75
23 1 20
1 6 68
9 12 6
8 10 66
20 22 12
21 23 50
23 3 65
2 4 18
5 8 73
15 17 64
6 9 35
1 6 2
21 0 60
2 6 32
2 3 47
5 7 78
20 22 6
22 1 18
18 20 50
8 10 61
21 0 46
23 2 4
18 20 20
23 2 47
20 0 11
3 5 73
13 17 56
0 4 71
5 9 24
0 3 52
21 0 76
4 6 16
4 8 35
17 20 67
14 18 55
1 4 68
3 5 71
12 15 4
18 21 15
4 6 47
22 2 14
3 4 25
9 11 73
9 12 22
1 5 30
15 20 60
8 10 48
5 8 58
6 10 17
19 22 7
12 15 49
21 1 49
6 9 26
21 23 45
5 9 57
15 17 6
4 7 41
4 6 7
8 11 3
22 0 21
4 7 46
13 15 31
20 0 78
0 3 37
12 15 9
9 12 43
9 12 23
4 6 31
2 4 51
5 6 31
10 14 29
21 1 39
9 12 73
23 5 34
18 23 69
20 0 25
2 4 70
22 2 33
20 0 10
5 7 48
2 4 2
15 18 37
19 1 75
14 16 27
2 6 73
20 23 68
15 17 15
20 23 20
13 16 4
7 9 69
7 10 71
20 0 19
19 23 65
21 2 49
6 9 42
7 9 55
19 0 73
14 16 16
6 10 3
2 5 11
0 3 46
13 16 77
6 8 13
8 11 57
13 16 29
17 20 76
7 12 72
18 22 30
13 17 5
6 10 59
17 20 27
1 5 67
14 18 74
3 7 38
19 22 36
5 9 29
12 16 39
13 18 10
23 1 13
10 13 7
9 13 79
19 21 66
0 3 52
1 5 49
8 9 24
16 20 14
18 19 47
7 9 22
17 21 4
22 2 49
21 0 34
12 14 39
13 17 78
10 14 17
3 6 58
8 11 17
0 4 58
13 16 80
12 15 42
3 7 1
13 17 71
21 23 1
7 12 23
4 8 3
11 14 27
7 10 76
12 16 71
6 8 48
16 18 29
17 20 55
19 21 55
4 6 74
16 17 59
14 17 22
11 14 25
22 0 57
17 20 31
23 2 67
5 8 11
23 3 28
17 17 68
4 8 8
16 19 48
2 5 45
13 18 76
17 19 35
20 0 51
22 1 33
1 5 7
11 15 9
19 22 34
0 3 9
5 9 75
23 2 72
0 4 18
3 6 30
17 20 48
17 20 7
11 13 16
15 19 63
6 10 3
23 23 1
16 18 1
9 12 39
7 10 9
4 7 2
12 14 10
11 15 32
7 9 24
10 11 44
2 5 63
6 11 34
2 4 60
21 0 30
12 15 47
9 11 19
9 11 55
5 8 46
1 4 4
2 6 70
23 4 64
1 4 24
4 6 37
16 20 80
23 0 27
19 22 52
9 13 10
16 20 75
1 4 72
23 2 60
5 9 57
5 9 26
9 11 18
2 5 53
13 16 6
7 11 14
7 10 58
