1000 34
19 1 32 4 6 24 19 4 14 14 28 5 1 6 1 7 21 20 33 1 5 9 15 21 8 1 9 30 20 25 30 14 32 24 
18 21 14
2 5 33
17 21 18
3 7 33
23 2 25
18 22 27
20 22 12
2 6 25
15 18 16
13 15 25
2 3 19
16 21 22
4 6 3
11 14 19
5 9 12
6 7 18
2 3 27
7 10 5
17 20 28
8 11 7
1 4 5
15 19 14
13 15 34
0 2 34
23 0 34
2 5 13
9 12 6
19 21 22
7 12 30
5 9 18
20 0 19
23 3 21
20 23 16
18 23 3
2 6 1
17 20 18
19 21 28
7 10 8
8 10 3
2 5 16
8 9 26
4 7 11
11 15 3
9 12 28
1 6 7
14 15 10
3 5 16
2 4 26
22 1 18
0 4 16
8 12 20
4 6 22
22 1 16
14 17 21
9 12 12
22 0 25
1 4 10
18 21 30
15 18 31
1 3 4
15 18 5
16 21 17
1 4 1
22 1 34
12 15 33
5 11 5
13 14 9
23 5 12
14 17 31
13 17 30
8 12 12
12 17 18
9 13 22
8 12 31
13 16 30
2 4 33
2 6 9
18 21 12
13 17 28
14 19 16
12 16 32
20 0 6
16 21 17
3 6 5
1 4 29
2 7 16
6 9 30
10 11 19
21 23 34
22 1 10
20 23 9
10 12 20
14 16 4
9 11 13
22 0 21
6 9 13
14 18 30
9 11 4
22 1 32
16 19 22
11 14 33
13 15 33
6 10 17
18 22 3
6 9 32
5 8 30
19 22 27
14 17 22
14 18 6
2 6 28
5 8 5
15 17 1
8 9 7
17 20 20
10 12 13
11 12 24
10 14 18
17 20 9
15 17 16
10 13 11
9 11 14
2 5 31
15 18 15
16 20 3
8 12 33
11 14 9
5 7 34
19 21 5
10 13 5
7 10 1
20 23 24
9 11 15
1 3 24
16 19 34
11 15 6
9 12 10
0 5 21
0 4 26
2 4 18
15 18 4
17 19 20
0 3 7
12 15 21
15 18 4
9 11 20
2 5 11
2 5 7
22 0 27
15 18 1
13 15 24
19 0 22
3 6 34
10 13 25
12 17 3
18 21 20
21 23 4
20 23 3
1 2 8
3 5 8
15 17 26
3 5 15
13 16 10
19 22 15
14 17 21
11 14 5
22 23 11
9 11 31
17 19 26
18 23 28
18 22 16
3 8 17
2 6 9
2 3 7
22 0 27
14 18 20
16 19 27
10 12 33
18 22 5
8 11 12
15 17 20
9 13 1
8 10 15
20 22 27
21 0 5
3 5 4
4 6 7
3 5 20
8 12 3
15 17 32
20 0 23
8 13 4
14 17 23
12 14 22
11 14 13
0 3 16
0 1 15
22 0 19
14 16 24
0 3 29
18 20 20
8 12 30
4 8 18
18 20 23
21 1 5
20 23 32
12 14 25
19 23 9
7 11 25
20 23 34
6 10 4
12 16 21
13 17 4
12 13 15
2 7 15
14 17 26
1 5 20
4 7 34
19 21 15
2 5 26
0 3 30
15 18 3
13 15 18
7 9 6
7 11 16
2 6 8
16 19 9
16 19 16
15 19 18
0 2 2
15 17 2
1 4 16
1 5 13
21 2 26
1 5 17
2 6 5
21 23 14
12 16 29
16 19 33
10 12 2
17 19 24
18 20 18
9 13 3
11 15 33
14 17 19
0 2 12
3 6 7
6 8 23
1 6 13
11 13 13
12 17 16
13 14 17
8 10 21
9 14 33
19 22 6
16 19 22
11 14 30
20 23 20
2 6 21
10 12 13
5 7 12
21 1 23
22 23 19
14 18 33
1 4 8
19 20 9
6 9 24
14 17 24
18 20 14
12 14 6
18 22 31
4 7 26
9 12 8
9 11 33
4 6 26
21 2 26
6 11 7
2 6 25
9 13 18
14 17 26
13 13 7
19 22 16
23 3 16
2 7 33
21 23 10
5 8 13
0 2 7
21 23 29
16 18 20
12 14 20
14 17 11
0 2 12
2 4 20
0 4 22
4 7 32
14 17 6
0 4 31
1 4 10
3 7 9
21 1 6
1 3 20
17 19 4
21 0 25
13 17 21
15 17 9
14 19 11
3 5 15
13 17 19
2 6 21
0 3 31
2 4 15
3 6 21
11 14 31
14 15 30
12 16 23
3 5 3
4 7 12
5 10 16
0 3 16
19 22 9
21 0 7
21 23 22
23 3 13
21 2 24
20 0 24
7 9 21
19 22 31
11 14 30
2 6 31
6 9 29
14 16 13
8 11 31
6 9 9
19 21 7
13 16 28
22 1 19
17 22 22
21 0 28
20 23 24
0 3 21
14 17 14
5 7 13
7 10 12
18 22 11
20 22 31
11 13 5
16 19 10
23 3 11
17 21 10
3 5 4
9 14 29
7 9 2
22 0 31
4 8 3
9 13 23
4 7 28
5 7 34
12 16 29
7 9 26
13 17 13
1 4 4
1 4 25
19 22 3
5 8 22
13 16 34
17 22 7
23 2 10
23 1 23
5 7 29
17 19 29
10 14 11
0 2 7
14 18 31
1 4 21
0 4 28
20 23 26
22 1 32
23 1 28
10 14 16
11 14 4
2 6 5
10 14 10
11 13 5
16 20 6
20 1 1
9 10 12
12 17 11
13 16 25
1 4 6
23 2 7
21 23 5
23 2 27
20 23 14
13 16 24
20 21 4
17 20 20
19 22 32
6 8 33
17 20 18
21 23 31
13 15 32
0 4 32
13 15 2
6 8 28
9 12 14
6 9 19
3 7 2
13 14 31
0 3 34
18 21 30
10 12 19
12 17 16
11 15 14
7 10 17
9 11 22
8 12 4
11 14 31
4 7 20
0 2 2
1 4 14
12 16 17
22 1 33
1 4 7
0 3 8
11 14 34
18 21 24
14 18 30
15 18 7
0 2 16
11 15 7
20 23 29
9 13 4
10 12 2
9 11 18
6 9 31
7 9 7
21 0 20
16 19 33
7 8 7
16 21 34
14 17 33
0 2 6
6 9 33
3 4 20
14 18 20
14 15 18
1 5 11
4 7 11
4 7 17
8 10 2
5 7 16
20 22 10
10 12 29
18 21 17
10 13 18
12 15 28
12 13 15
6 11 17
3 7 3
17 19 22
1 4 23
22 1 24
0 4 17
6 8 6
19 21 2
13 17 19
19 21 28
7 11 9
19 23 18
17 21 19
21 0 29
18 20 11
0 2 24
18 21 33
3 6 26
2 6 18
8 9 23
0 1 32
9 12 14
14 16 4
7 12 26
22 1 23
16 18 21
21 22 19
0 1 33
3 6 5
22 2 27
21 23 14
18 22 18
16 19 15
14 17 14
2 3 15
7 11 1
5 8 15
18 19 22
22 2 16
5 7 2
16 18 33
6 8 4
11 12 16
20 0 24
0 3 25
13 17 21
19 23 24
16 20 27
5 10 23
9 13 19
10 13 9
18 21 16
23 1 19
12 15 34
13 16 26
20 0 23
11 13 22
4 6 20
15 18 3
11 13 31
1 4 14
23 2 15
2 6 16
4 6 16
8 12 19
16 19 34
12 15 15
15 19 21
1 5 15
4 6 34
21 23 31
8 12 32
11 12 25
5 8 19
23 2 14
4 8 15
6 10 6
13 14 30
2 5 21
8 11 12
2 5 13
4 7 33
14 17 1
10 13 11
21 0 17
7 9 1
1 5 18
23 2 4
11 14 24
3 6 14
16 20 1
4 7 5
21 23 33
9 13 30
19 0 6
21 1 10
16 21 3
15 16 20
13 16 17
16 21 27
15 19 8
2 6 28
17 20 22
10 14 21
22 1 10
15 18 27
7 9 33
14 16 28
16 18 17
17 21 26
10 14 32
14 18 23
16 19 14
16 17 1
18 21 21
1 5 33
0 2 8
4 8 16
10 13 14
17 20 25
21 2 33
4 8 11
17 20 11
7 8 31
10 13 1
8 12 31
9 11 19
21 1 18
20 22 1
4 8 17
19 23 18
17 21 10
17 18 29
22 1 23
17 20 6
6 12 20
2 4 26
13 14 17
0 3 9
22 0 15
16 18 33
3 7 1
19 22 28
14 18 25
15 19 10
17 19 11
13 16 23
17 19 28
4 5 22
0 3 18
23 3 34
2 5 26
23 2 33
0 2 19
8 12 16
19 23 1
0 2 3
13 17 5
15 18 11
11 13 19
13 18 6
22 0 32
3 7 30
3 7 14
0 3 16
22 1 34
16 19 31
19 23 26
17 19 3
22 23 16
19 23 21
20 22 12
2 6 19
14 16 3
19 22 29
17 20 15
20 0 7
21 23 10
2 5 11
17 23 26
1 3 27
3 5 18
18 20 23
15 17 5
14 16 33
22 2 10
18 21 34
3 5 11
7 11 28
14 18 5
5 8 30
10 13 15
10 13 3
13 16 9
5 8 10
3 6 3
19 21 18
23 2 23
15 20 33
15 19 30
22 2 6
7 12 19
21 0 24
16 19 17
7 10 32
10 15 21
0 3 10
8 11 28
20 0 22
16 20 3
13 15 13
0 3 27
23 0 25
3 4 20
13 15 7
17 20 34
16 18 8
19 22 30
19 21 18
11 14 15
15 18 2
10 13 16
17 19 9
20 1 16
23 2 12
8 11 15
6 8 24
18 21 9
16 19 16
6 10 2
16 18 9
21 0 10
18 23 21
13 17 25
10 12 15
15 17 32
0 3 14
18 21 34
14 18 5
7 10 22
4 7 21
19 22 30
10 15 5
16 18 15
1 3 6
10 14 1
10 14 9
4 6 28
11 16 27
14 17 29
6 8 9
8 11 18
6 9 24
22 2 29
0 3 4
21 2 2
9 10 21
5 7 23
13 15 33
23 2 11
19 22 12
2 8 34
23 2 29
12 15 19
2 6 31
0 3 14
17 20 28
0 3 5
12 14 13
10 13 10
11 14 33
10 12 16
18 20 11
8 11 26
23 1 32
1 4 29
18 22 13
17 22 34
10 13 28
10 12 30
11 15 6
7 11 13
17 20 25
2 5 16
19 21 23
5 8 27
20 23 9
1 5 25
12 15 19
9 12 1
15 16 22
6 9 34
11 14 2
23 3 15
8 12 8
10 14 6
13 15 5
20 23 8
17 19 2
20 1 23
2 4 16
12 15 6
5 9 29
9 9 22
2 4 21
8 11 6
21 1 5
23 3 17
18 20 2
8 11 10
12 16 16
1 5 11
22 1 13
3 6 11
10 14 17
19 23 6
12 15 27
14 14 3
18 22 22
1 3 13
2 6 26
22 0 24
14 17 34
20 0 16
9 12 9
18 20 33
3 4 10
8 11 28
6 9 18
0 4 21
3 7 16
4 7 11
3 6 14
12 13 28
8 10 10
22 3 13
2 5 34
15 18 31
8 11 16
2 5 12
2 5 7
11 14 5
6 9 13
22 23 11
21 1 22
16 19 7
4 6 11
20 22 28
20 23 26
1 3 14
21 23 30
4 7 29
12 16 23
3 6 21
15 18 18
9 14 28
12 15 18
20 23 19
13 16 31
13 15 24
22 23 12
7 10 26
3 7 18
19 23 5
19 21 4
20 0 15
23 2 7
0 3 8
5 5 16
12 16 10
23 3 7
19 23 10
0 4 26
1 5 2
0 4 9
17 21 13
22 23 22
7 12 20
7 11 15
2 5 2
18 23 34
11 15 26
7 11 29
0 4 20
16 18 7
2 6 28
5 10 32
23 2 20
2 5 10
9 13 15
19 22 26
14 16 16
1 3 28
15 17 22
16 21 9
16 18 4
13 17 24
7 10 27
15 18 7
0 3 21
13 14 21
9 13 3
10 15 14
12 16 1
1 4 7
10 13 1
2 5 8
17 18 16
22 1 20
4 6 34
6 8 6
17 22 7
12 14 3
4 7 7
12 15 3
8 10 22
10 15 25
4 9 11
21 0 30
2 6 32
1 4 23
12 16 1
13 15 19
17 20 9
5 8 12
6 8 19
19 22 24
7 10 7
3 6 33
12 13 20
10 12 11
11 14 34
12 16 10
12 16 13
3 6 27
5 8 7
20 22 34
3 7 21
23 3 29
20 0 19
14 16 1
18 21 3
10 13 7
14 17 22
14 17 6
23 3 29
8 11 18
2 6 27
0 4 34
9 11 6
12 15 2
11 14 18
0 2 21
8 12 33
2 4 32
15 17 31
17 19 4
14 17 5
5 8 7
23 3 14
8 12 23
5 8 6
2 5 19
18 20 24
23 2 32
21 23 18
12 15 21
12 16 4
2 4 29
6 10 13
18 21 15
20 22 27
9 11 6
14 16 22
11 13 26
0 4 8
23 2 15
14 16 7
5 10 21
14 16 17
12 15 19
23 2 13
18 22 32
2 7 34
1 5 4
14 19 23
0 2 33
3 4 10
11 14 2
15 19 13
3 4 25
22 2 12
10 14 17
13 15 26
12 14 3
7 10 20
10 13 7
10 12 34
15 18 26
15 19 3
6 8 21
23 1 3
12 17 30
17 21 7
9 11 25
5 8 20
4 8 15
17 22 13
6 10 14
4 7 34
11 14 1
8 10 30
0 5 5
6 10 33
23 2 3
17 19 17
16 20 30
1 4 17
3 6 30
18 21 10
1 5 11
2 3 8
23 2 32
15 18 8
20 23 28
22 1 14
15 20 8
14 18 29
20 1 30
1 4 15
23 3 16
11 14 15
21 0 32
9 13 2
2 5 18
4 9 28
20 23 18
4 8 24
18 21 7
7 11 6
12 15 29
17 19 31
7 9 27
3 6 25
