1000 99
46 35 93 85 12 17 61 53 60 57 72 25 28 86 45 47 85 12 72 32 90 42 12 65 30 93 32 1 5 31 84 53 48 88 73 66 67 11 33 1 56 93 90 56 81 75 8 51 35 56 98 54 57 48 95 61 90 43 74 51 44 94 38 9 45 31 4 35 56 32 92 64 59 43 25 63 48 20 26 74 43 87 74 73 95 67 58 37 27 75 47 16 77 73 8 77 36 6 51 
9 12 88
12 15 87
14 19 43
7 12 90
8 11 67
11 15 64
15 19 88
19 0 83
16 18 69
20 23 43
20 23 64
8 12 32
2 4 46
9 14 46
2 4 10
4 7 33
21 23 65
7 9 89
18 22 79
18 21 79
5 8 47
23 3 83
22 1 5
12 14 90
9 12 17
5 11 9
19 20 23
5 7 94
15 19 27
16 18 1
9 13 34
16 18 33
17 21 31
21 23 73
8 13 88
19 22 5
13 17 95
20 22 93
16 18 54
1 5 8
3 6 26
22 0 86
22 23 34
20 0 85
2 4 34
14 16 71
2 4 30
23 4 8
11 15 31
8 13 95
12 16 45
4 6 82
6 11 70
12 15 24
10 12 62
19 21 65
7 11 66
14 16 99
11 14 22
11 14 44
7 8 85
10 13 69
21 0 7
20 23 11
13 16 66
11 14 2
3 7 36
15 19 74
8 11 46
23 2 1
5 8 38
12 16 43
9 12 18
17 21 93
21 0 4
3 6 75
1 4 72
21 23 34
13 16 56
21 22 60
21 1 49
20 23 96
15 18 15
3 4 59
9 12 25
4 5 66
6 9 16
16 21 29
23 3 46
17 22 40
11 16 2
1 5 97
11 12 61
3 5 90
21 1 87
2 6 90
19 22 10
0 3 13
12 15 36
10 13 15
4 7 84
3 6 30
4 7 96
13 14 93
4 5 43
12 17 27
20 0 50
5 8 34
21 23 87
12 15 8
22 2 20
18 21 44
2 4 39
8 13 49
2 4 47
0 3 71
20 23 59
0 4 72
2 6 8
18 21 81
10 13 94
5 8 38
20 21 18
8 12 62
3 8 16
7 9 64
6 10 44
17 19 26
5 9 26
3 5 23
18 23 35
20 22 1
18 19 38
6 8 35
10 13 85
6 8 35
19 22 54
19 22 26
0 3 63
2 3 99
9 12 15
21 0 58
2 6 74
13 15 87
17 19 28
11 14 63
21 23 40
13 16 10
7 10 15
12 16 19
4 8 11
12 16 67
0 4 31
3 5 3
11 14 78
23 3 60
6 10 41
2 8 16
18 21 80
17 19 78
2 5 66
6 7 52
10 14 62
19 21 83
7 8 22
14 16 56
10 11 39
2 4 78
22 1 37
15 18 83
15 18 34
3 6 75
13 15 75
6 8 51
9 12 2
21 2 32
20 0 56
3 7 49
8 11 44
21 1 40
5 8 22
14 17 40
6 11 60
15 17 54
13 17 21
13 17 45
14 19 8
7 8 33
13 16 45
2 6 5
8 11 15
14 16 69
10 13 5
4 6 17
23 1 50
5 8 19
18 21 8
23 2 95
8 11 55
10 13 50
21 0 69
21 0 22
18 18 50
13 17 96
11 14 15
16 19 84
13 17 76
22 2 51
13 18 94
0 2 87
14 17 55
5 10 74
18 23 10
7 9 53
21 1 61
5 9 61
12 15 66
22 1 73
17 19 69
4 8 99
15 19 72
1 6 2
17 20 70
23 0 48
10 13 6
1 5 73
18 21 74
3 6 19
6 8 60
17 19 96
3 6 74
14 17 94
16 19 96
22 1 15
12 14 58
4 6 58
16 17 12
11 14 58
14 18 77
22 23 73
8 11 99
15 18 6
3 6 8
16 18 97
5 8 98
20 0 97
19 21 19
10 13 91
16 20 42
13 17 70
13 16 74
8 11 17
10 13 28
14 17 50
19 23 75
16 19 34
9 11 76
2 5 65
17 20 82
17 20 65
4 7 57
9 15 45
15 19 80
10 13 75
16 18 98
16 20 11
17 22 49
0 3 50
6 8 23
4 8 68
5 9 60
16 19 24
6 9 94
15 21 52
6 9 96
5 9 24
12 16 45
15 19 19
1 5 50
15 18 40
18 22 49
3 6 92
17 21 63
2 6 35
21 0 67
5 6 99
8 13 71
3 6 48
13 16 53
16 19 5
2 5 45
18 22 42
7 11 88
2 6 95
5 9 17
3 7 58
2 5 98
6 10 23
9 11 21
3 6 59
19 21 5
21 1 38
6 9 28
10 13 9
16 19 33
4 8 45
18 22 44
23 3 74
20 22 42
21 23 25
21 0 87
20 23 12
9 12 99
17 23 90
6 10 20
9 13 86
6 9 90
22 0 91
3 6 53
10 13 49
10 10 36
5 8 23
5 8 58
19 21 16
19 22 32
22 0 92
12 15 66
9 10 15
8 10 4
7 11 2
10 15 44
20 0 69
5 9 10
7 12 8
12 16 47
18 21 96
0 4 9
11 14 43
9 13 16
9 11 98
16 20 94
10 14 89
19 22 98
0 4 35
5 8 59
14 18 30
14 15 43
12 15 22
9 13 57
4 5 17
11 14 93
12 18 74
18 21 92
6 9 98
2 3 68
9 15 92
6 9 42
7 10 32
4 8 32
12 15 24
0 3 95
6 10 61
17 21 2
0 5 64
8 12 21
9 13 29
17 19 36
22 1 17
13 16 77
1 4 70
0 3 12
14 16 52
8 11 99
6 11 20
1 4 89
13 17 60
18 21 67
19 23 51
1 3 33
8 11 79
13 18 52
21 22 69
13 16 11
2 4 27
10 13 4
12 15 3
11 15 7
21 23 75
16 20 79
13 17 8
14 17 81
16 19 87
18 19 78
8 11 75
8 10 6
2 7 81
21 0 31
12 17 37
21 23 27
12 17 99
3 7 40
16 20 47
15 15 18
2 6 30
20 0 40
1 4 4
21 1 98
11 16 19
5 9 69
22 2 49
11 14 26
17 19 14
23 3 55
17 18 80
11 14 66
16 18 27
20 23 78
22 1 83
21 23 66
19 21 91
14 16 39
8 10 67
10 14 43
2 6 87
20 1 14
23 1 2
2 4 14
12 15 41
10 14 38
14 15 20
1 4 43
11 16 78
4 7 44
5 9 82
0 3 54
7 9 66
10 13 51
5 8 84
7 9 72
10 13 49
9 13 92
6 10 83
6 10 7
12 13 52
4 7 28
13 16 14
17 20 35
22 1 87
13 13 6
23 3 62
6 8 41
12 16 86
1 3 70
22 2 87
11 15 96
8 9 26
13 17 82
0 4 74
8 10 4
14 16 92
20 23 86
18 22 42
21 0 56
14 18 44
19 23 65
20 21 45
2 3 57
17 20 1
8 10 15
5 8 1
9 11 18
10 14 65
1 3 77
1 4 37
14 16 29
2 5 67
4 8 70
18 22 50
10 13 72
9 13 70
19 22 29
22 1 58
9 10 19
1 5 47
6 9 64
8 11 45
17 20 21
10 13 76
14 18 15
5 8 90
7 10 88
14 17 30
20 0 37
11 15 6
3 5 91
3 6 84
7 9 84
4 7 37
5 8 74
11 13 85
2 6 57
4 4 41
2 4 52
14 18 83
3 6 75
16 18 80
6 10 9
5 10 10
6 8 71
6 8 42
5 7 46
13 15 39
3 6 96
23 3 92
2 4 79
2 5 38
8 10 22
9 10 97
18 21 60
23 2 54
13 17 26
7 8 54
14 17 68
12 13 72
6 9 81
13 16 81
8 11 1
1 4 98
15 18 78
16 18 48
23 2 97
7 9 45
18 20 97
11 13 36
14 16 3
7 9 17
10 13 11
22 1 45
13 16 82
17 18 7
11 13 15
14 18 89
0 1 80
17 21 56
17 18 23
8 12 41
18 19 8
18 21 1
14 18 11
15 17 52
3 7 81
17 20 74
12 13 49
3 8 94
6 8 51
17 20 82
19 22 85
1 4 62
18 20 57
9 11 15
14 17 86
11 15 42
13 15 69
16 20 75
20 21 24
21 0 84
8 10 89
12 13 55
19 22 16
9 10 73
7 11 2
6 7 53
16 19 15
21 23 35
9 12 17
16 20 39
15 19 95
15 18 64
8 12 77
6 8 60
16 19 59
15 17 16
14 17 50
13 17 13
20 23 30
18 22 24
16 21 45
20 23 65
21 0 83
11 14 18
9 12 47
11 14 16
6 9 20
0 4 15
0 3 4
15 19 9
6 9 96
11 15 66
19 21 37
14 17 79
17 19 42
18 20 18
15 19 20
16 20 44
19 22 99
1 3 38
3 5 70
8 11 40
10 13 41
21 1 27
8 11 23
8 9 31
21 23 17
23 2 90
14 17 45
22 0 97
19 22 15
2 4 60
13 16 38
14 15 59
20 22 99
9 12 44
14 17 48
5 9 10
22 2 89
1 5 23
12 15 69
7 11 5
9 12 10
4 7 46
10 13 46
2 6 36
10 14 17
16 21 67
6 8 69
16 19 79
15 17 11
4 10 28
21 0 42
6 9 29
2 6 93
22 0 7
23 3 15
0 4 32
4 9 75
5 8 11
21 0 4
12 16 57
2 5 89
14 17 29
1 3 7
11 14 74
11 16 53
13 16 58
10 12 87
3 8 77
15 18 54
21 0 81
4 7 3
4 8 35
6 9 30
8 12 55
3 6 67
0 2 65
12 14 98
15 19 16
19 23 51
13 18 72
12 15 91
13 16 29
13 16 88
9 12 96
15 19 72
16 19 60
6 9 47
9 13 18
13 15 42
4 8 83
10 12 19
4 10 80
9 12 26
6 8 79
3 5 68
16 20 87
18 21 99
18 23 87
8 12 39
19 23 71
13 15 7
11 15 10
20 0 37
9 13 40
7 10 19
5 10 16
20 23 91
23 3 63
23 1 50
22 1 60
10 12 4
3 6 88
22 1 79
16 19 18
4 7 19
9 14 23
11 15 19
12 15 61
15 18 13
11 15 44
12 16 10
8 11 81
9 12 79
9 13 73
10 15 13
5 9 64
3 5 32
19 22 55
14 18 78
7 12 44
23 3 27
17 20 13
22 1 32
11 15 43
20 1 83
11 15 8
8 10 20
6 10 59
21 23 26
13 15 92
8 10 63
4 7 26
12 16 28
19 22 25
13 18 52
20 0 88
7 10 77
0 4 29
13 16 64
6 6 94
3 5 17
12 15 76
4 6 59
4 8 94
20 22 76
7 9 89
17 20 4
9 11 11
7 10 25
15 18 94
10 14 13
7 10 88
10 13 53
9 12 14
23 2 7
22 1 5
6 9 28
21 1 31
15 18 44
12 18 11
18 22 61
8 12 37
13 15 18
13 16 9
0 2 24
15 19 1
21 0 28
23 1 81
10 13 78
21 0 4
18 22 89
11 13 32
23 2 8
0 4 42
15 18 15
23 6 47
13 16 13
1 5 58
10 13 76
0 3 31
9 13 88
22 1 86
5 10 43
16 19 99
12 16 61
17 21 43
16 18 58
1 5 30
1 4 77
20 22 43
18 20 89
18 21 70
16 20 63
5 8 11
14 17 17
16 20 89
4 7 22
20 23 6
8 11 16
4 5 82
11 14 82
18 0 70
16 21 54
19 23 72
12 16 94
11 13 11
16 19 32
20 22 38
20 23 17
4 6 28
19 23 55
14 15 62
22 0 50
21 1 7
19 21 37
3 6 20
6 8 13
9 11 77
23 1 5
11 15 45
5 9 11
3 6 9
10 13 14
12 17 94
14 15 32
1 4 25
22 0 4
0 3 60
1 4 59
18 21 74
1 2 83
12 15 5
10 13 93
3 8 30
16 19 89
0 3 81
16 19 76
10 13 10
16 19 67
7 9 33
9 12 15
21 23 71
11 13 83
23 3 77
11 15 14
17 19 86
1 2 17
4 9 75
7 9 58
6 11 90
20 22 16
7 9 35
17 21 76
16 20 47
9 12 5
9 11 86
16 20 90
4 7 44
0 3 25
11 15 57
10 14 72
18 22 60
21 23 93
9 12 94
20 0 35
13 18 19
14 16 31
17 21 84
4 7 23
23 22 20
13 16 67
20 23 10
11 15 8
23 1 27
20 23 18
9 12 27
12 17 8
14 18 25
8 11 67
18 23 20
3 5 92
7 11 41
15 19 25
11 13 48
7 10 36
1 5 89
8 11 39
18 21 85
12 16 80
0 2 8
4 5 9
13 16 4
6 7 61
8 11 53
4 7 56
3 6 33
8 11 19
10 12 36
4 5 52
13 16 17
19 22 1
17 20 26
23 2 26
13 16 95
16 17 50
19 21 49
11 14 35
6 9 68
3 5 44
2 5 82
7 8 93
19 21 76
17 19 17
15 17 91
14 18 77
4 8 50
23 1 58
23 0 5
3 6 57
22 1 91
16 19 12
3 7 32
17 19 61
1 5 57
4 7 23
14 18 95
5 9 23
18 20 81
21 23 86
14 18 47
11 15 12
7 11 70
8 11 9
15 17 68
10 12 4
7 10 83
6 7 65
19 23 7
17 21 47
15 19 49
5 7 91
11 15 28
17 20 16
21 1 12
3 7 63
12 14 32
9 11 50
10 13 63
20 0 96
18 21 67
6 9 54
17 19 64
13 16 52
21 23 50
5 7 74
3 6 79
13 14 54
23 2 15
12 14 87
19 21 49
23 2 90
15 17 10
9 10 69
17 19 63
22 0 84
8 10 8
14 17 73
15 19 12
19 21 21
23 1 18
18 20 77
16 19 1
11 12 90
19 22 6
18 20 4
0 4 19
19 23 64
2 5 24
12 16 53
0 2 82
15 17 10
15 18 12
10 15 18
7 9 31
16 18 14
0 3 23
13 15 59
12 16 58
10 12 50
12 14 8
18 20 87
22 1 22
19 23 89
7 10 3
17 18 28
11 15 74
16 19 5
23 4 82
19 23 47
2 6 78
16 21 92
6 8 92
