1000 26
17 16 2 19 15 10 1 2 1 25 21 12 14 3 7 26 22 9 11 26 12 26 23 6 15 25 
12 15 22
11 15 10
8 11 19
2 5 1
19 23 13
11 13 18
13 16 6
10 14 14
8 11 14
15 18 26
21 23 13
10 13 22
18 21 1
14 17 24
19 23 8
0 2 23
10 12 9
3 6 15
20 23 13
14 16 11
6 8 23
8 11 4
21 22 13
9 12 26
3 6 23
19 23 6
20 23 14
5 9 21
19 22 6
23 2 14
2 6 15
23 2 3
1 3 23
7 9 8
0 5 9
5 8 2
12 15 1
22 0 25
16 20 19
23 4 18
0 3 9
0 5 2
2 5 11
1 4 24
5 8 9
11 14 6
13 16 10
15 19 5
23 4 3
3 6 16
13 17 14
17 21 25
5 7 9
22 1 18
0 1 23
0 3 1
3 6 25
10 14 16
8 12 6
15 17 23
19 23 20
9 13 22
7 10 12
11 14 6
11 15 3
8 11 26
14 16 16
14 17 13
11 14 1
21 0 9
3 6 19
0 4 5
9 11 10
11 15 11
14 17 11
18 21 7
20 0 20
16 20 1
6 10 7
19 0 10
8 11 17
17 19 26
14 16 21
6 10 11
7 9 3
23 2 13
11 15 13
3 7 17
3 4 8
2 5 17
5 9 15
4 6 24
5 8 6
8 10 25
16 20 10
9 13 26
9 11 24
12 15 11
15 17 15
18 20 20
23 3 18
7 11 1
14 17 17
13 15 26
16 19 1
0 3 6
13 17 4
2 4 17
8 10 3
6 11 1
21 1 18
10 14 13
23 2 25
13 17 7
3 4 7
6 9 1
6 8 6
22 3 21
8 10 11
12 15 15
21 1 22
17 19 10
13 15 17
2 6 17
13 15 24
21 1 26
20 22 14
9 12 24
20 1 13
14 15 23
7 10 9
12 15 8
7 12 3
20 0 16
0 3 23
17 20 20
21 0 1
8 11 9
16 20 6
10 13 17
18 21 6
17 20 3
22 1 21
1 5 6
13 17 20
6 9 7
23 3 1
11 12 23
10 12 3
21 23 16
15 19 11
9 13 16
19 21 11
14 18 5
16 19 8
10 14 8
9 12 23
3 7 14
7 10 15
3 6 8
20 1 24
10 13 7
15 19 5
22 2 24
13 17 26
1 4 9
9 11 18
1 3 20
5 8 26
4 7 25
15 18 20
1 4 3
8 9 23
8 12 4
8 11 24
22 1 12
12 15 17
20 22 26
14 16 14
18 21 10
19 23 19
5 8 2
5 8 4
0 2 23
16 20 2
10 13 9
1 5 5
18 22 1
0 3 8
16 19 18
23 3 17
11 13 18
17 20 1
14 16 6
3 4 9
13 17 11
13 17 12
21 0 16
21 0 12
13 15 4
14 17 16
21 1 13
9 13 5
19 22 9
4 7 15
14 17 2
19 20 16
12 16 20
6 10 25
7 8 5
11 14 6
2 6 5
2 6 20
3 6 1
1 3 16
14 17 24
6 8 11
18 20 16
0 3 17
19 20 24
14 16 5
23 3 15
2 6 12
8 9 18
3 8 10
13 18 24
0 3 15
8 11 7
15 19 25
23 2 16
20 22 15
3 6 11
12 15 14
2 6 1
2 4 1
9 14 9
19 21 15
7 9 14
4 6 18
14 15 23
15 20 19
1 5 10
0 4 15
11 15 1
13 15 25
12 16 9
14 18 7
11 13 4
17 19 19
11 14 23
12 13 14
22 0 19
4 7 26
6 8 9
15 18 9
8 11 17
10 15 18
19 22 5
2 4 21
13 16 2
4 7 11
14 17 19
8 11 7
10 13 19
9 14 8
18 21 16
20 22 14
14 16 17
1 5 24
2 4 22
21 1 16
22 0 7
2 4 20
23 1 24
1 2 23
15 17 2
12 16 9
20 0 16
5 8 20
15 18 2
17 22 6
13 16 18
23 2 13
5 6 19
23 1 7
13 16 16
13 16 2
7 11 2
9 13 16
9 12 21
2 6 22
9 11 11
20 22 10
0 2 20
18 20 2
7 10 19
12 13 25
11 15 17
9 12 2
9 12 18
5 8 26
13 16 2
1 3 16
3 7 5
21 23 6
2 5 9
19 23 7
10 12 19
9 10 22
16 19 8
16 19 5
20 0 22
1 7 4
7 9 16
5 8 5
15 18 24
9 10 10
5 9 21
8 11 14
18 19 21
23 4 11
16 16 14
21 0 3
15 17 21
17 20 14
0 3 4
16 19 26
9 12 25
10 12 6
1 6 20
1 4 21
7 10 9
9 11 2
18 19 14
5 9 5
12 15 24
9 13 1
4 7 11
20 22 2
9 12 25
4 9 20
13 16 19
18 21 21
5 8 22
4 7 17
0 3 5
23 2 26
12 15 14
22 3 22
21 23 19
3 6 25
22 1 22
20 0 10
0 1 3
2 4 10
18 22 13
8 10 12
22 23 7
11 15 4
7 11 3
22 3 17
4 6 14
2 6 14
0 3 1
6 8 5
19 22 7
11 16 1
9 11 15
9 13 19
20 1 26
9 12 25
9 11 4
15 18 6
5 8 15
12 16 25
7 11 18
8 12 5
18 22 16
6 6 15
4 6 24
13 15 1
19 20 11
17 19 20
20 0 1
15 18 10
2 4 18
11 13 23
14 17 22
20 23 7
13 17 22
11 15 12
11 15 20
21 2 18
1 4 12
19 21 4
1 4 26
19 23 21
13 17 4
1 5 6
1 4 10
11 14 14
9 11 26
8 11 16
8 11 10
5 8 25
13 15 26
17 21 4
4 9 7
13 18 4
15 18 4
13 16 11
13 16 14
21 1 9
4 7 9
6 7 21
23 3 7
3 7 6
22 0 17
1 5 16
12 15 3
7 12 22
15 19 13
9 10 21
5 9 24
8 10 26
20 23 7
12 15 17
8 10 3
5 8 23
8 10 16
23 1 12
6 9 16
13 16 1
11 13 13
10 13 8
21 23 26
8 11 24
16 20 13
2 7 8
22 3 26
2 4 19
20 22 10
3 6 26
11 13 7
17 21 13
3 5 19
18 21 14
2 5 22
16 17 9
19 22 24
13 16 10
17 20 14
12 16 21
9 12 19
20 1 18
14 16 16
5 9 9
16 20 19
15 18 17
10 13 18
7 11 20
22 1 8
3 6 21
22 1 17
20 0 11
20 22 14
11 12 4
10 14 10
7 8 9
18 21 13
3 6 5
19 21 6
8 11 13
18 22 18
12 14 13
4 9 23
10 13 15
16 20 19
12 15 3
20 22 8
21 1 5
14 17 25
11 14 15
9 11 13
0 4 16
13 15 2
12 15 5
23 2 4
13 17 22
15 19 15
7 10 26
9 12 5
2 5 13
23 2 22
12 17 19
22 23 19
2 4 23
21 1 12
22 0 7
18 21 15
2 4 15
12 15 26
18 20 11
21 0 11
8 12 23
14 17 3
17 21 12
21 0 20
11 15 24
23 3 26
20 22 18
23 2 3
11 15 5
6 10 8
9 13 8
8 12 18
12 14 25
22 0 19
6 8 25
15 18 11
7 10 25
3 6 21
6 11 18
19 23 16
23 1 15
6 9 23
21 0 4
17 23 21
23 2 4
21 2 3
23 2 12
17 20 17
12 15 1
22 4 15
19 23 14
15 19 24
4 7 13
1 4 16
9 12 8
10 14 1
11 16 2
11 14 26
12 16 22
2 5 26
23 1 19
17 21 2
12 16 16
2 3 22
10 13 8
13 15 2
23 2 25
21 1 8
12 15 24
14 18 4
8 9 26
10 14 13
13 18 19
0 4 6
23 4 25
3 5 16
16 18 18
9 14 21
3 6 4
20 22 18
18 21 4
10 14 3
23 3 9
19 22 13
7 12 23
15 17 10
22 0 9
12 15 17
13 16 18
21 0 21
20 23 23
22 1 25
18 20 23
22 2 21
0 3 2
13 16 2
12 14 8
23 3 25
14 18 16
21 0 20
13 18 1
7 11 14
1 5 6
7 12 18
11 13 9
11 15 6
12 14 4
9 13 1
21 1 2
1 4 16
15 17 7
0 4 14
3 5 18
15 17 23
6 10 11
17 19 24
19 21 10
13 15 10
3 8 11
15 18 1
23 2 24
19 23 21
20 21 10
7 9 13
1 3 24
13 17 18
12 15 2
17 18 21
8 11 1
18 21 16
7 10 12
3 6 23
12 14 5
2 5 15
18 21 18
4 7 8
16 18 13
9 13 16
12 15 4
12 13 21
16 19 22
18 20 16
23 1 12
8 11 11
16 21 21
4 9 10
7 10 4
13 17 3
3 7 3
19 22 25
8 12 10
18 23 14
2 6 19
1 4 5
0 3 3
4 6 1
15 16 24
1 3 6
19 23 23
6 10 18
11 14 2
5 9 4
23 1 4
7 10 25
3 8 24
3 5 2
0 3 18
4 6 5
8 12 14
11 13 8
20 23 21
11 15 8
5 9 13
18 18 2
15 18 23
3 6 2
16 20 18
10 14 5
20 22 10
16 21 3
15 16 13
18 21 14
11 15 10
20 23 24
9 11 24
11 16 6
23 2 5
16 18 21
6 10 13
2 6 26
7 11 9
8 11 9
15 19 23
0 3 13
5 8 26
6 10 16
23 1 13
18 21 3
19 22 4
16 18 2
8 11 16
3 7 4
19 22 20
9 11 1
14 18 8
19 23 16
13 15 3
9 12 14
23 0 1
17 19 7
6 8 13
16 20 25
20 0 26
6 8 16
15 20 26
5 7 15
8 12 19
21 23 15
0 4 20
22 0 13
23 3 1
2 5 11
5 8 18
11 13 2
16 18 6
8 13 18
14 16 14
15 17 22
4 7 10
22 0 22
14 16 15
1 4 5
3 6 14
22 1 18
23 3 16
8 13 5
10 13 7
7 12 8
20 23 19
5 8 24
4 6 17
5 8 3
4 6 20
16 19 20
22 0 23
8 11 15
12 16 7
0 4 2
7 9 26
4 7 8
14 18 14
20 22 18
21 0 3
23 1 7
16 19 10
3 4 21
22 0 14
11 13 8
23 0 9
8 11 16
13 16 6
0 2 7
5 10 20
19 23 11
2 3 26
6 8 11
5 8 13
22 0 16
2 5 10
9 13 23
12 17 22
19 22 9
4 8 16
4 8 13
19 21 9
17 20 20
3 5 25
12 16 10
22 2 17
8 10 25
6 8 18
23 3 16
8 10 25
14 17 15
8 11 6
15 19 17
0 4 12
6 10 23
0 4 12
22 1 26
15 17 8
23 3 19
13 15 17
9 12 19
13 15 26
8 12 26
23 2 18
14 17 16
10 13 25
12 15 1
15 17 19
12 15 20
0 3 21
15 17 13
22 2 4
10 14 15
20 22 26
0 4 11
17 20 11
21 23 8
14 17 8
23 2 12
14 17 16
14 17 2
11 14 18
20 23 12
23 3 13
12 16 1
9 12 26
16 19 16
2 5 11
7 10 5
9 11 12
0 2 9
12 13 5
19 23 15
8 11 15
20 0 10
0 2 10
11 13 11
7 11 9
16 19 15
8 13 3
2 6 9
19 22 13
17 20 25
4 6 8
13 17 2
10 14 9
8 9 4
12 15 4
2 4 21
4 7 1
6 9 1
0 3 21
10 12 2
11 13 22
23 0 19
21 0 25
4 7 15
14 16 16
3 6 7
4 8 2
8 10 18
15 20 12
10 14 13
5 8 10
3 5 19
16 20 23
0 2 17
13 16 1
18 21 12
7 9 3
13 15 7
5 7 26
5 8 9
18 21 10
21 23 12
22 1 13
19 21 16
9 13 5
0 4 18
8 11 25
15 17 25
18 21 19
13 18 20
16 19 18
21 1 6
22 3 7
10 12 8
1 4 26
21 0 20
15 17 8
7 10 14
7 10 15
0 3 1
6 10 15
10 13 19
7 11 8
2 5 17
4 6 16
21 23 8
1 2 20
19 23 23
8 10 1
8 11 23
12 15 18
4 7 12
10 13 24
12 16 24
3 7 3
12 16 24
11 12 20
10 13 20
17 22 6
19 23 9
16 18 19
18 21 13
2 5 12
10 12 2
11 13 13
7 10 19
13 14 17
20 0 13
10 12 17
13 15 15
5 8 25
2 4 8
18 20 10
14 16 5
13 15 8
17 22 20
7 9 12
17 19 13
10 14 2
9 12 19
18 22 12
11 14 21
20 22 3
2 5 10
1 6 7
9 10 13
16 19 20
22 23 6
6 9 23
20 1 11
5 8 20
8 11 19
14 17 15
15 16 10
20 22 19
22 23 24
7 10 2
0 2 20
16 20 23
9 14 9
13 16 20
19 21 8
22 0 22
4 9 14
10 12 7
15 18 22
7 13 7
15 18 12
14 18 26
2 5 23
9 12 22
2 6 19
5 9 10
3 6 26
20 21 14
8 10 13
3 6 2
18 22 9
5 8 7
10 12 25
4 8 8
15 18 2
23 0 7
9 12 7
2 7 10
0 3 12
5 9 2
5 7 4
19 22 20
17 19 21
22 2 4
19 23 18
0 3 5
20 22 19
21 1 7
15 18 26
13 17 17
1 4 3
18 21 12
19 22 18
16 19 25
12 16 7
23 23 2
11 16 3
13 16 20
21 1 17
8 11 1
9 13 17
17 20 15
12 14 23
11 13 18
12 14 12
1 4 12
15 18 6
9 11 10
9 11 19
2 7 1
8 10 13
12 16 1
7 9 23
17 18 17
23 1 3
5 9 18
1 4 14
6 8 16
21 0 23
4 7 25
18 22 20
8 12 26
12 13 20
