1000 24
17 14 11 7 18 14 24 13 14 9 18 16 11 10 1 2 5 23 1 16 22 14 15 14 
7 11 12
2 6 24
22 0 8
1 4 16
15 17 22
23 1 8
12 15 6
23 1 8
0 4 20
22 2 20
10 14 1
21 0 7
20 22 22
21 0 5
16 18 11
10 15 14
11 14 16
18 21 3
23 2 9
19 23 5
6 8 18
2 4 2
12 16 2
10 13 3
1 3 9
9 13 8
6 10 20
16 19 10
4 7 7
20 0 10
22 2 15
11 14 17
4 6 13
22 1 22
17 21 8
12 16 13
18 22 16
5 9 13
18 22 21
13 16 21
5 8 9
14 18 8
21 0 15
5 7 17
13 16 14
7 9 16
12 14 7
18 23 19
21 2 21
22 2 17
7 11 10
22 3 2
21 0 5
16 20 18
20 0 24
16 16 1
21 23 13
13 15 10
14 16 3
5 7 21
9 11 11
5 9 2
10 11 3
16 19 20
3 5 12
1 4 17
21 21 15
4 9 1
16 19 16
0 2 22
1 3 7
17 20 18
10 13 24
13 15 7
17 19 17
17 19 19
16 19 10
9 11 19
0 3 22
17 18 18
2 6 15
15 17 6
13 18 20
13 16 19
1 4 24
2 6 13
17 19 6
5 8 17
0 1 10
20 0 4
8 11 10
6 8 15
17 21 9
18 20 9
20 23 14
22 2 16
15 17 12
0 3 13
13 17 8
21 0 2
7 10 7
13 17 5
1 5 13
19 20 21
20 0 20
12 15 15
15 19 1
17 20 8
12 16 10
18 18 5
4 6 22
9 11 10
6 9 12
19 22 6
17 20 21
10 13 15
7 10 12
10 13 10
18 20 20
5 7 24
21 0 16
14 17 5
3 6 4
7 10 9
2 5 17
1 3 13
22 22 11
22 0 21
1 3 16
15 20 24
12 14 17
2 5 10
10 15 22
1 5 24
16 19 15
21 0 13
21 23 2
2 3 15
8 10 17
16 19 16
23 3 6
22 0 15
10 13 9
1 4 17
7 9 22
2 4 11
17 20 11
21 23 3
6 8 12
0 5 12
7 9 20
21 0 7
15 18 12
20 23 8
17 20 2
16 17 20
7 11 13
5 9 6
3 6 24
8 11 1
2 4 7
8 10 17
23 2 6
18 20 18
12 14 8
1 4 13
19 23 1
16 18 9
6 10 23
4 6 6
11 16 16
21 0 18
16 18 15
5 9 6
18 21 18
5 8 17
2 4 19
23 3 13
13 15 6
0 3 3
19 22 14
19 0 1
4 8 8
22 1 10
8 11 11
9 12 7
6 9 17
16 19 9
20 21 5
4 7 9
7 12 6
21 1 14
4 7 5
12 16 17
10 12 1
23 3 10
15 18 7
21 0 5
21 2 21
17 20 1
9 12 9
14 17 10
3 6 12
16 19 11
1 3 23
4 7 1
16 19 7
12 15 14
13 16 1
20 23 24
15 18 10
0 5 17
13 17 5
0 4 10
2 5 3
9 13 21
7 9 20
10 13 10
3 6 1
4 8 15
6 7 21
3 5 7
11 14 9
23 3 23
3 6 12
9 12 1
13 15 19
12 14 21
6 9 5
9 14 11
22 1 14
1 4 5
5 10 22
16 18 2
17 22 14
0 1 12
19 22 10
8 11 11
20 0 20
8 8 23
16 20 5
23 2 3
16 20 8
19 22 7
23 1 4
2 4 16
8 11 9
7 10 5
19 22 7
4 9 23
20 23 10
8 12 13
11 15 3
7 10 5
12 14 3
5 7 8
7 9 4
17 19 4
7 10 17
20 21 11
17 20 5
3 7 16
1 3 13
4 7 12
16 19 11
11 14 12
11 16 20
17 19 18
19 21 24
18 21 9
9 12 23
7 10 7
19 21 19
21 23 23
16 19 1
15 19 20
15 17 3
17 21 3
23 1 6
4 5 8
23 2 14
22 0 8
12 15 22
14 16 23
23 3 18
10 13 23
4 8 10
21 0 10
14 16 2
19 22 10
14 18 24
20 22 22
7 10 18
17 21 20
10 12 14
1 1 6
8 12 18
13 14 19
5 9 7
6 9 3
17 19 8
15 19 24
8 12 1
3 5 12
10 14 7
6 8 23
6 9 6
18 21 12
6 8 18
2 5 6
0 4 9
3 5 5
18 20 12
15 19 2
0 3 15
13 16 6
18 20 11
5 7 13
1 6 20
5 8 19
1 6 15
7 10 3
5 8 11
2 6 9
3 6 3
13 15 9
12 14 18
23 0 8
14 16 13
21 23 7
9 12 22
6 9 10
20 22 17
21 3 3
22 2 13
0 3 13
4 8 7
7 10 9
11 13 14
2 5 11
12 15 23
0 2 6
11 13 10
21 2 7
22 1 10
11 14 24
20 22 15
12 15 8
5 9 20
12 14 2
11 14 22
16 19 4
7 9 22
22 23 9
6 10 1
15 17 15
22 1 6
9 11 8
0 3 9
0 3 20
0 3 18
11 13 21
4 6 2
9 11 4
8 10 4
16 22 6
14 17 1
3 6 14
4 8 14
7 8 14
1 5 4
15 20 12
5 8 23
12 14 16
13 17 11
2 6 6
4 7 23
5 8 13
23 1 24
15 18 24
2 4 23
21 23 1
6 10 10
14 16 6
19 21 4
4 7 11
5 7 1
18 21 23
7 10 5
1 4 4
3 5 3
10 11 10
0 2 13
22 1 20
11 13 19
1 5 10
21 0 5
11 14 21
10 14 6
14 16 11
16 20 15
23 2 15
12 15 13
22 0 20
8 11 20
21 0 22
19 21 7
8 10 4
1 4 14
23 1 24
8 12 8
13 17 9
17 22 20
5 6 2
13 16 23
8 11 1
23 2 11
18 22 6
1 4 23
6 9 23
9 11 20
17 21 11
2 5 15
14 18 15
2 5 6
13 16 14
5 10 2
20 21 13
7 11 22
16 21 7
18 22 18
8 10 8
1 4 24
10 13 17
7 11 5
17 20 17
6 12 1
7 10 5
3 4 18
13 16 9
12 14 8
0 3 5
21 1 15
7 10 15
6 8 2
0 3 20
2 4 20
16 19 20
12 14 8
8 11 17
20 23 7
23 2 23
21 23 10
11 12 11
7 10 14
11 16 19
8 11 7
11 14 12
21 1 1
9 11 11
13 16 14
4 7 10
23 2 20
8 11 5
8 9 14
9 12 8
18 19 10
2 7 24
15 18 11
0 2 12
18 21 4
1 5 3
16 17 17
15 17 22
7 9 18
19 22 2
23 2 23
19 21 19
4 6 14
1 5 23
19 23 1
16 20 18
4 6 7
8 11 24
14 16 22
0 3 23
14 17 16
11 14 7
6 12 21
8 11 13
12 16 17
17 20 8
0 3 21
16 20 8
13 16 7
15 17 6
22 0 9
12 16 24
21 1 21
11 13 20
10 14 18
13 16 2
10 12 24
18 22 21
4 6 23
18 21 12
21 1 18
15 17 15
8 11 12
1 5 21
17 20 18
4 6 21
17 20 10
22 2 19
1 4 7
14 17 7
1 5 12
7 11 14
4 8 7
13 17 18
13 15 3
17 19 12
2 5 10
7 9 6
2 6 11
17 20 18
13 18 2
11 14 8
18 21 6
16 19 15
11 13 23
15 18 10
12 16 4
16 19 15
13 17 3
21 1 21
9 14 10
5 7 24
0 4 11
17 21 8
19 23 22
5 7 9
15 18 18
18 21 7
12 16 2
22 1 8
0 2 17
11 12 20
12 16 7
19 22 7
10 13 7
12 13 10
5 10 12
7 10 20
22 2 13
10 13 5
5 7 11
17 20 11
12 15 8
22 0 16
15 19 3
7 9 13
21 0 3
0 3 23
6 10 9
15 19 24
16 19 1
17 21 23
13 16 1
16 19 12
9 12 17
5 8 1
16 18 3
18 0 20
20 20 23
11 14 5
19 23 19
4 7 6
17 20 2
12 16 24
0 1 16
18 21 4
11 15 23
16 19 14
11 14 7
1 5 1
1 5 2
5 7 20
11 13 10
7 10 7
5 9 19
7 11 11
12 15 15
6 9 6
17 21 14
2 6 5
6 8 4
11 15 23
8 12 22
17 20 12
9 12 20
7 9 24
4 6 2
1 2 10
22 2 17
7 9 23
4 7 8
15 18 7
9 10 10
14 16 3
2 5 9
14 15 18
4 8 21
11 15 14
17 20 20
14 18 23
1 4 11
1 2 4
2 5 10
21 1 6
4 7 5
14 18 6
4 7 13
17 19 20
12 16 19
15 18 19
3 6 14
12 13 19
3 6 4
0 3 13
20 21 2
2 5 3
20 23 19
17 20 7
22 3 3
18 21 14
3 5 16
0 2 10
19 21 18
6 8 18
14 17 22
16 19 24
0 2 20
8 12 11
14 18 13
9 12 12
19 23 19
22 23 20
19 22 20
9 13 1
8 10 15
0 4 15
7 8 8
0 3 15
5 6 1
3 6 2
10 12 23
19 21 22
17 19 22
17 20 24
17 18 23
22 1 6
17 19 20
17 20 10
1 5 4
2 3 12
23 2 6
21 1 24
6 10 14
19 22 9
21 23 17
22 0 8
1 5 21
12 16 3
12 15 21
22 2 13
13 14 11
17 20 13
18 22 22
23 3 5
10 14 2
9 12 2
3 6 8
12 15 7
23 2 15
3 7 1
0 0 12
10 12 18
0 2 5
16 20 18
16 19 23
19 22 13
7 11 23
11 15 10
16 18 10
16 20 10
21 0 16
2 5 3
4 7 13
17 19 11
3 5 10
12 17 20
7 12 10
11 14 12
7 8 23
7 10 3
14 16 22
3 5 20
23 3 1
9 12 14
11 16 2
22 1 4
6 8 8
2 6 6
15 19 17
18 22 2
22 1 13
12 15 2
20 22 2
1 2 11
16 19 1
13 18 1
0 4 22
2 4 20
13 15 1
9 10 15
5 7 24
8 12 12
19 23 24
10 12 23
10 12 5
16 19 9
5 8 11
15 17 1
22 2 20
13 16 19
13 17 4
4 6 7
11 15 23
2 5 15
14 17 6
13 15 4
23 0 16
8 11 19
11 15 7
3 6 12
14 15 6
0 2 6
10 14 4
15 17 2
0 1 9
10 12 2
18 21 8
11 14 10
5 8 10
4 8 9
4 8 22
20 22 16
9 13 5
3 7 21
17 20 24
11 14 5
13 15 14
21 0 8
21 1 9
2 7 11
3 7 2
10 13 7
5 9 20
15 18 14
13 14 3
14 17 2
1 4 8
0 3 24
12 15 22
6 9 22
4 6 14
22 2 21
18 20 12
17 22 4
19 1 9
13 15 6
10 14 2
0 4 14
4 8 11
2 6 18
1 3 6
23 1 8
21 23 10
11 12 6
16 17 22
11 13 21
7 10 20
5 8 9
20 0 7
21 23 24
2 6 15
2 5 17
14 18 20
13 14 20
13 16 13
2 6 23
16 19 12
17 21 20
10 12 14
10 13 5
11 14 14
22 1 3
12 15 12
2 8 14
5 7 4
8 13 17
10 13 12
17 0 1
1 5 9
14 16 14
7 9 11
9 13 1
10 13 20
10 16 11
20 0 21
13 15 16
13 18 23
2 4 7
19 21 2
18 21 11
21 23 15
13 16 24
19 23 9
6 7 22
8 9 15
4 8 1
13 14 8
9 12 22
1 2 20
20 0 17
9 12 16
17 20 19
12 15 19
23 2 5
10 14 3
2 5 7
20 1 5
12 15 12
3 7 9
16 18 14
21 23 22
18 23 10
15 16 21
22 23 9
4 8 23
13 15 12
11 14 21
10 14 2
21 0 16
19 21 7
18 22 1
4 7 13
7 9 16
12 16 23
3 7 20
11 13 1
12 16 22
2 3 16
13 18 14
15 18 1
0 2 10
17 20 11
5 8 8
9 12 13
22 0 17
10 14 4
15 18 8
2 6 6
0 3 16
8 10 20
10 13 23
7 11 20
18 20 23
4 9 13
14 18 10
13 16 10
2 4 14
18 20 19
14 18 16
7 10 22
11 14 19
5 7 2
5 8 15
17 19 13
18 20 18
20 22 12
2 5 24
17 21 2
0 3 16
18 22 7
14 17 16
22 3 11
14 15 18
9 12 19
11 14 20
8 12 4
4 6 3
17 19 14
0 5 9
6 10 14
13 15 7
19 21 23
12 16 15
1 3 21
12 15 11
22 2 18
3 6 17
20 0 22
6 9 14
4 6 20
19 23 22
5 6 3
3 5 4
8 10 9
23 0 6
0 4 19
22 1 5
13 16 2
21 1 19
16 20 23
0 3 21
19 21 13
19 22 9
11 11 3
0 3 3
15 18 5
6 9 7
23 1 13
13 16 10
6 9 4
10 13 24
8 10 18
12 16 15
0 3 5
5 7 18
6 9 6
10 12 22
2 5 19
10 11 6
10 12 19
1 4 20
12 14 22
10 13 12
1 5 2
0 4 2
10 12 12
10 12 23
14 17 4
20 21 5
9 13 13
13 15 7
9 12 20
12 15 19
11 14 24
19 23 23
18 21 3
8 10 7
7 10 22
13 15 23
1 4 17
20 0 24
23 2 1
22 3 11
13 17 5
15 17 16
18 22 11
15 18 15
12 14 10
8 12 19
7 11 18
19 22 24
13 17 7
16 19 6
21 0 7
12 16 11
8 14 3
14 18 8
15 18 7
3 6 6
10 12 5
2 5 3
17 18 14
22 23 15
11 14 14
4 6 16
21 0 9
17 20 3
15 17 9
6 8 22
2 6 15
11 14 3
23 4 14
11 13 22
1 5 20
