1000 92
48 86 53 1 32 38 47 53 76 51 42 35 55 59 54 77 58 44 51 57 91 67 68 53 4 19 51 80 47 37 67 91 2 28 88 63 10 67 9 13 26 56 89 6 34 58 70 20 43 61 87 53 1 54 85 8 18 10 37 7 56 74 27 71 67 54 59 69 18 12 10 11 65 65 92 13 42 7 4 59 60 77 74 57 50 80 50 40 27 44 88 6 
9 13 40
6 9 44
2 4 3
13 18 3
8 9 24
3 7 11
11 15 22
12 15 49
11 14 28
12 14 59
7 9 66
3 8 76
2 5 22
3 5 81
8 9 44
21 23 35
11 13 3
19 22 74
3 6 17
21 1 21
12 15 47
1 4 19
17 22 18
8 12 86
0 4 59
14 17 48
20 0 32
11 13 20
6 9 57
23 2 80
13 16 55
20 21 41
20 22 61
13 17 12
17 21 72
20 23 83
20 21 46
22 0 45
7 9 84
1 3 56
16 18 66
23 4 85
22 1 87
17 19 49
22 0 76
12 15 77
8 11 40
4 6 81
14 17 27
2 5 42
7 9 1
12 14 37
10 12 33
16 18 54
1 6 91
10 13 89
0 2 5
10 13 12
18 21 92
1 6 30
16 19 4
9 13 73
20 0 7
18 21 24
18 22 87
1 4 41
5 8 2
16 21 11
13 15 62
1 5 61
13 16 22
15 17 91
5 9 57
9 11 38
16 20 34
7 10 10
8 11 9
9 13 12
0 3 15
13 16 75
14 18 68
10 13 61
6 8 32
17 20 67
8 11 70
1 4 23
5 10 52
9 12 82
11 13 67
9 12 63
3 7 3
13 15 92
14 16 77
1 5 18
3 4 23
6 8 44
1 3 24
12 17 24
19 21 41
9 12 83
5 9 31
4 7 20
19 22 82
7 10 77
13 17 14
4 6 55
14 17 89
7 9 90
22 23 51
15 18 54
13 15 64
2 6 82
4 9 41
19 23 67
3 5 85
13 17 30
11 15 81
17 19 67
9 12 35
17 18 78
13 16 14
10 13 29
4 7 16
23 2 37
0 3 71
11 15 35
12 15 52
19 21 3
0 2 58
17 21 9
7 8 6
3 6 50
22 2 71
16 18 54
23 1 73
22 1 63
21 22 52
14 16 67
10 13 1
13 15 74
8 11 17
0 3 73
23 2 19
22 0 77
8 11 82
3 7 60
22 23 9
7 11 26
15 18 56
16 20 20
0 4 53
4 8 10
12 14 31
17 19 92
19 21 43
21 23 3
20 23 47
10 12 2
5 9 30
18 23 91
17 21 3
5 9 77
14 16 14
17 20 90
16 20 33
2 5 16
10 13 83
18 21 8
1 4 1
4 7 65
9 12 7
15 20 19
7 9 77
20 23 28
5 9 8
8 10 87
3 6 17
16 20 34
12 15 61
12 15 36
9 12 70
4 6 32
10 13 11
17 22 85
18 19 55
9 12 68
10 11 42
6 8 10
21 23 57
23 2 92
11 15 20
9 14 32
1 4 50
16 21 65
17 20 74
13 16 2
15 19 36
22 1 40
15 17 41
10 12 26
9 12 9
4 6 17
14 17 44
8 12 20
11 13 44
16 19 22
22 1 40
6 7 73
20 22 53
9 10 79
13 16 34
11 15 38
18 20 76
6 8 36
20 0 28
23 2 41
2 4 25
0 2 86
17 19 76
0 2 73
2 5 78
6 8 62
9 12 14
19 21 33
22 1 26
5 10 51
17 21 13
18 21 74
7 11 11
6 9 52
2 3 69
21 0 84
10 15 71
15 17 89
23 2 8
2 3 64
10 12 86
19 22 29
5 9 86
3 5 25
23 3 16
3 8 25
2 4 89
0 4 85
4 6 51
12 14 91
6 9 67
20 22 86
18 23 76
16 18 64
14 17 47
15 17 6
2 6 73
1 5 70
5 9 53
16 18 42
18 21 70
3 6 53
2 4 72
0 4 13
8 12 70
22 2 70
23 2 27
8 10 73
7 9 8
0 3 23
12 15 2
3 6 12
9 12 54
7 9 71
7 11 66
22 0 5
4 7 37
12 16 25
14 19 79
0 2 66
2 4 7
9 13 70
7 10 88
11 13 15
6 7 32
22 2 33
19 22 92
15 18 70
14 18 78
8 9 56
14 16 75
21 23 4
21 0 14
8 12 46
22 1 81
14 16 10
20 0 77
17 21 46
4 8 3
2 6 34
1 5 50
8 11 23
15 18 77
12 14 42
12 14 24
23 2 23
20 0 71
0 3 35
23 1 14
13 15 58
11 14 49
10 12 49
3 5 22
8 10 2
9 12 66
4 5 92
1 4 73
12 15 43
9 11 49
9 11 51
20 22 15
10 14 35
8 13 78
6 9 62
13 18 53
16 18 83
21 0 47
13 16 26
9 11 31
22 3 51
10 14 38
13 15 20
8 9 33
13 15 83
10 12 28
22 22 77
8 13 60
17 21 26
16 18 64
4 7 14
20 21 84
15 18 90
8 11 63
15 18 8
18 22 14
21 1 11
12 15 87
11 15 24
6 9 55
16 21 91
8 11 58
22 1 17
22 1 11
11 14 5
12 14 44
3 7 57
19 22 91
14 18 87
2 7 48
10 13 26
13 15 78
6 10 14
1 4 92
2 6 73
14 17 59
3 6 30
14 17 30
2 3 46
4 9 60
18 21 39
5 7 14
6 8 6
4 7 80
4 8 3
8 10 24
5 7 37
23 4 13
15 18 30
3 5 65
1 3 72
23 3 79
7 10 72
4 7 53
1 5 86
8 10 11
21 2 42
18 21 18
21 1 46
5 8 85
12 13 87
2 5 47
16 20 64
17 21 9
2 5 6
3 5 5
13 17 21
1 4 19
14 18 60
23 2 22
10 13 24
0 3 1
6 9 10
1 4 38
5 10 80
11 13 43
7 10 91
19 23 78
10 13 19
9 12 16
0 2 69
16 20 58
9 12 73
16 19 80
9 11 34
21 23 23
21 0 90
13 14 26
6 9 4
17 21 66
18 20 80
11 14 70
10 14 10
9 14 16
3 7 26
5 9 13
8 11 4
0 5 25
2 5 73
21 0 87
12 16 81
12 16 23
15 17 65
3 7 83
1 3 68
3 5 65
10 12 57
9 13 25
8 10 29
13 16 50
12 15 64
9 12 71
1 4 21
3 6 17
21 2 26
0 3 6
1 4 72
3 7 64
2 6 84
9 12 14
4 6 40
12 16 5
21 1 21
13 15 81
16 17 80
3 5 14
3 5 77
9 12 2
1 3 86
9 13 67
18 20 16
10 11 66
23 3 88
5 8 23
0 4 45
4 8 51
8 13 4
5 7 78
17 19 85
20 22 5
6 9 76
11 14 70
1 4 30
9 12 55
14 15 57
11 13 69
18 22 78
7 10 65
20 23 49
23 3 80
3 6 60
16 20 75
7 9 15
10 12 19
15 18 62
4 6 64
12 17 14
23 4 57
21 1 83
1 4 52
12 13 90
7 10 87
13 16 67
17 20 35
14 19 11
18 21 22
18 21 65
16 19 26
14 17 1
4 6 64
18 23 43
19 21 60
23 2 59
2 3 13
17 20 55
15 19 61
5 8 11
10 13 38
1 4 6
4 8 28
15 19 75
0 4 38
15 19 1
2 5 88
16 19 30
13 16 73
14 18 5
13 17 42
8 11 31
1 5 33
10 14 23
17 19 91
3 6 78
5 9 30
4 6 85
11 16 92
22 2 10
16 20 88
23 2 4
14 16 19
1 5 83
15 17 34
18 20 81
20 1 23
6 9 81
6 9 82
8 12 24
12 16 15
2 5 62
22 1 86
19 22 41
23 3 41
19 22 82
1 5 75
7 10 52
2 4 40
13 16 14
15 17 68
10 14 53
4 6 32
17 19 67
3 7 38
20 0 36
4 7 14
8 10 72
8 10 1
12 16 55
23 4 49
9 12 8
23 0 16
18 20 8
3 7 58
2 5 55
7 9 57
14 17 21
10 12 18
11 14 68
3 5 33
0 4 32
15 18 5
21 2 58
20 22 6
3 5 2
0 3 87
10 12 52
12 16 41
19 23 44
11 12 9
20 1 39
12 15 81
2 6 3
22 1 2
20 22 66
10 13 53
12 15 61
2 5 49
4 7 63
0 3 43
16 18 67
23 2 67
12 14 34
16 22 57
0 4 52
0 2 35
12 15 14
18 21 3
6 9 56
9 11 85
15 17 33
1 3 58
11 14 79
8 12 72
19 0 62
4 6 48
1 3 77
13 16 7
13 15 12
7 10 85
16 19 26
16 18 67
5 8 59
18 21 22
18 20 72
5 6 11
11 15 68
9 12 45
0 3 22
2 5 64
6 9 14
4 7 67
7 10 79
16 19 17
19 21 84
1 5 78
15 18 21
7 10 80
20 23 28
14 16 53
22 0 14
9 14 71
10 14 77
7 10 61
19 21 42
0 3 59
5 6 37
1 4 41
18 22 52
13 17 57
4 7 86
1 6 89
12 14 27
22 0 39
12 16 32
11 14 40
17 20 84
11 13 41
4 9 3
16 17 8
11 13 68
18 21 40
11 13 31
15 19 80
4 7 42
3 5 6
19 23 42
6 8 30
0 3 34
11 16 31
4 8 60
8 12 16
7 11 30
6 8 76
2 5 92
11 14 13
16 19 37
12 15 91
1 5 40
10 12 80
12 15 64
15 17 44
11 14 23
2 6 60
7 10 29
14 17 85
1 6 46
8 11 50
22 0 59
5 7 72
11 12 34
8 11 9
23 2 46
4 7 27
21 23 26
23 2 71
20 23 9
15 18 90
23 2 43
13 16 80
21 2 23
17 19 20
21 1 34
15 16 24
3 6 12
19 21 47
8 11 66
7 10 90
11 14 24
8 12 47
19 22 91
19 23 67
13 17 19
14 17 22
7 10 15
1 3 11
3 7 55
10 11 44
18 21 46
15 20 76
17 19 20
7 10 37
7 10 87
19 23 69
1 3 92
18 23 78
5 7 85
9 13 64
1 4 39
18 22 65
22 0 5
4 8 85
10 13 73
7 11 77
8 10 16
23 2 29
17 21 3
9 12 69
3 5 2
11 14 22
20 23 90
11 14 59
0 1 57
0 1 57
1 6 40
18 22 24
3 7 62
12 15 30
18 20 20
3 4 85
19 20 81
1 3 75
16 20 53
0 4 4
22 1 59
17 22 39
10 12 82
15 17 58
15 18 67
0 3 8
12 15 15
15 19 9
18 22 72
17 20 14
4 7 15
14 16 33
17 19 71
8 11 21
7 11 75
16 18 12
19 23 13
12 16 11
8 12 78
17 20 34
4 6 38
1 4 87
9 13 23
3 6 16
16 21 7
13 15 56
23 1 7
20 0 2
3 4 65
7 12 76
18 19 21
4 6 75
17 19 25
8 11 46
11 16 55
6 7 91
12 15 42
2 4 71
12 14 49
13 16 63
13 15 40
7 8 53
14 14 91
2 6 20
3 7 45
15 20 55
2 5 4
2 3 78
11 14 20
21 0 46
20 22 57
10 12 92
17 21 65
18 21 16
16 19 10
18 19 19
1 4 48
16 20 77
5 7 10
19 22 12
5 8 46
12 14 21
5 9 83
12 14 38
9 10 28
4 9 92
18 22 18
15 18 81
15 20 40
21 2 40
7 10 51
5 8 20
10 14 41
15 17 35
4 6 2
16 18 6
14 18 92
9 12 57
14 18 41
1 6 41
20 23 89
8 10 37
21 23 81
16 21 89
8 11 27
0 3 14
9 11 32
8 12 40
11 15 86
3 4 30
5 8 51
7 10 27
0 3 84
8 11 1
9 13 68
17 20 80
5 7 31
7 10 19
16 19 19
22 2 67
2 4 77
20 23 49
12 15 33
6 10 72
21 0 54
20 23 5
7 10 41
18 21 13
18 21 82
17 21 23
7 9 61
15 19 5
2 6 18
14 17 51
3 5 27
11 13 57
3 6 4
5 9 62
0 3 85
19 21 62
2 5 6
16 22 50
8 10 43
1 4 54
6 10 92
4 8 67
12 14 70
5 8 35
6 9 16
16 17 23
19 20 21
4 8 12
3 7 89
0 2 56
17 20 25
0 3 34
20 0 50
19 22 46
0 4 59
19 21 41
2 5 52
0 4 10
22 0 45
2 4 5
16 20 37
22 2 4
17 18 20
12 17 24
18 22 29
0 4 13
19 20 1
10 14 11
23 0 83
20 0 92
8 10 8
6 8 2
19 21 56
20 2 62
18 22 40
3 7 58
13 15 81
10 14 31
23 1 5
9 11 50
6 9 67
22 3 9
17 18 22
22 23 91
4 7 59
8 10 9
0 3 36
13 17 64
20 22 36
16 20 9
22 22 12
1 4 55
6 8 1
8 11 19
4 7 37
20 23 82
7 10 83
6 8 66
15 17 44
3 7 62
19 23 10
11 14 8
4 5 16
23 1 51
19 22 56
17 19 46
4 9 40
3 4 23
7 10 75
13 14 9
23 3 41
3 7 25
17 19 67
17 20 1
10 13 38
7 9 25
16 19 57
0 4 42
1 5 8
0 3 63
10 14 69
9 12 21
17 21 86
12 17 83
3 6 57
16 19 38
23 3 54
17 20 12
22 0 8
18 22 10
11 14 42
10 14 17
8 10 37
11 14 11
20 22 87
16 18 61
19 23 62
14 18 5
11 15 92
7 8 74
21 0 85
7 10 8
15 17 19
3 6 20
0 6 20
17 20 39
21 0 18
8 11 38
9 12 12
12 16 42
9 12 36
13 15 39
7 10 58
8 11 15
9 12 14
12 16 86
17 19 44
19 21 87
17 21 36
6 9 21
23 3 30
10 13 3
6 9 21
3 3 49
18 22 90
13 17 42
19 23 73
6 9 24
19 22 33
2 6 43
13 17 17
11 16 19
5 6 49
22 2 59
21 0 6
8 11 4
12 14 58
17 20 54
3 5 62
