1000 38
23 8 29 33 35 1 12 35 31 12 36 6 18 31 32 19 7 15 7 38 11 1 12 15 27 27 14 14 36 36 30 31 11 24 5 38 19 11 
0 4 15
5 7 36
9 11 15
6 9 11
22 1 24
19 22 28
15 18 30
6 10 38
23 2 7
2 4 17
16 19 24
23 1 5
15 18 27
14 16 14
12 15 22
15 16 9
3 4 8
17 19 14
15 19 36
7 10 34
16 19 3
12 14 18
16 19 22
16 19 1
22 1 3
4 7 22
2 5 22
15 19 31
12 15 2
15 18 10
15 20 18
6 10 16
13 16 38
10 13 12
0 2 37
16 18 34
2 6 38
19 21 33
0 2 1
19 19 6
16 18 11
21 2 25
14 17 27
4 8 25
19 20 27
21 0 30
9 13 37
5 6 8
18 20 28
2 3 36
23 2 11
7 11 23
22 1 17
13 16 33
14 18 28
1 5 11
8 11 8
2 4 18
21 1 12
5 8 36
17 21 11
6 8 32
7 9 21
15 19 27
10 13 29
16 18 19
10 14 11
9 11 1
5 8 15
17 19 30
11 14 23
10 13 34
20 21 4
18 23 16
12 15 6
8 12 36
19 22 18
1 3 1
12 16 15
23 1 28
8 12 20
2 6 18
2 6 25
9 12 12
23 3 18
18 22 3
0 5 37
8 8 32
22 2 24
21 23 34
13 15 1
9 10 7
13 15 6
17 20 26
18 21 5
10 12 31
0 5 20
7 9 19
17 20 9
13 16 30
11 14 35
7 11 12
5 6 18
16 20 12
12 15 11
10 13 36
12 15 24
12 16 6
20 22 10
18 21 29
17 21 14
1 5 10
11 15 26
2 5 26
3 5 13
12 14 1
21 1 37
18 21 10
2 3 37
2 6 8
5 11 15
15 20 20
1 3 24
23 1 14
19 22 37
8 12 22
11 13 23
3 5 19
17 20 9
11 16 37
0 3 23
13 17 34
9 14 12
2 6 36
4 7 22
8 13 16
15 18 26
18 22 10
13 17 31
10 11 7
7 9 3
11 16 7
7 10 4
14 16 38
18 22 26
0 3 5
1 2 22
21 0 18
13 15 20
20 22 4
11 15 2
4 6 6
2 7 5
8 12 2
13 16 33
2 5 28
15 16 4
9 13 22
21 23 29
14 16 17
5 8 18
17 20 32
13 16 14
21 0 23
11 15 28
23 1 38
5 11 8
8 11 16
3 5 1
17 20 16
1 3 17
21 1 37
10 14 12
16 19 7
7 10 1
7 11 36
17 20 6
0 2 24
4 7 16
22 2 6
18 20 25
23 2 38
23 2 17
16 19 1
12 15 23
11 13 25
20 23 2
8 12 16
1 5 8
13 15 25
7 10 4
9 11 18
15 18 13
22 1 22
5 10 3
14 17 8
21 1 22
14 15 24
22 2 27
17 20 7
4 7 20
1 6 25
20 23 33
8 11 32
12 15 23
17 21 25
6 8 18
19 0 7
17 21 17
7 10 35
0 4 37
21 23 31
14 18 12
12 15 24
19 22 14
8 10 32
8 10 30
15 17 31
3 7 15
5 8 35
20 0 30
19 21 8
10 12 10
1 4 36
5 8 9
11 13 5
19 20 13
0 2 1
16 19 20
6 10 34
6 9 1
4 7 8
19 21 19
7 11 38
15 18 16
20 22 24
23 1 15
16 19 11
14 17 4
4 6 7
10 13 3
22 4 36
8 10 3
9 11 21
20 23 3
4 6 8
2 5 33
16 19 36
4 8 34
15 19 2
23 3 27
13 15 7
14 16 19
5 8 36
10 14 4
18 20 29
8 12 12
3 7 26
5 8 37
1 5 20
7 10 24
3 7 3
16 19 23
21 0 30
9 11 20
23 1 14
5 7 15
2 4 4
10 13 15
14 18 38
15 18 18
11 15 32
1 4 4
8 12 37
1 3 4
3 6 7
0 3 5
9 12 15
4 9 2
1 4 10
7 9 19
5 8 37
15 18 36
11 15 15
7 9 12
5 8 10
17 21 15
6 9 30
20 22 4
18 20 30
21 1 8
11 14 24
10 12 26
5 8 14
2 3 11
11 14 31
0 4 20
6 8 19
22 2 28
18 21 32
10 11 13
5 8 12
7 12 10
3 5 16
23 2 35
3 6 13
21 0 30
22 2 10
7 12 16
23 0 21
14 17 23
20 23 29
2 5 30
4 7 6
19 22 10
16 18 28
4 6 20
18 22 2
17 21 32
1 4 13
9 10 18
22 1 10
6 11 20
7 8 16
0 4 3
1 4 6
20 23 3
22 2 36
15 16 36
23 1 28
15 18 16
7 10 35
10 13 12
18 21 19
19 21 1
8 13 21
21 0 32
5 8 26
14 16 29
6 8 24
14 20 37
18 20 38
16 20 10
10 12 16
22 3 29
12 16 17
14 19 22
11 13 31
8 11 5
1 2 18
11 13 8
5 7 24
16 20 20
10 11 2
18 22 28
16 21 20
1 5 11
5 7 3
9 12 16
2 4 28
2 5 35
19 21 21
13 16 33
2 6 33
3 7 14
18 20 2
0 3 12
18 20 30
10 13 13
10 12 14
19 0 12
17 20 22
12 16 29
18 22 13
17 20 3
0 3 10
18 22 12
7 10 12
15 19 3
1 3 14
0 4 38
12 16 2
4 6 17
16 20 8
15 17 11
4 7 16
6 8 36
7 10 7
11 15 12
21 0 37
14 15 35
16 18 20
4 7 38
16 19 3
14 16 36
5 7 11
20 22 1
16 20 15
5 6 37
14 18 30
3 6 17
8 12 20
23 3 12
22 1 36
15 17 27
5 7 32
17 20 34
21 23 6
10 14 31
13 16 27
23 2 31
12 17 13
3 6 26
11 14 37
12 14 20
16 18 2
0 3 19
9 11 37
3 7 34
17 19 37
0 2 25
8 10 35
3 6 15
9 13 3
8 11 30
22 1 18
14 16 18
5 8 7
3 7 4
5 8 38
1 4 33
17 20 37
17 21 12
15 17 24
5 6 27
18 22 8
9 10 18
16 19 9
11 15 24
11 14 35
6 7 34
2 5 38
6 9 8
17 21 35
15 17 32
21 23 26
16 18 7
3 5 15
2 5 23
3 6 35
17 19 29
19 22 23
20 0 16
5 10 7
6 10 11
22 2 17
23 2 29
4 8 25
22 1 30
15 18 21
11 16 29
10 12 14
20 23 13
0 4 5
7 9 16
22 1 6
15 18 10
20 0 25
9 10 1
6 9 38
23 1 10
8 12 10
5 7 23
12 15 14
12 14 36
6 6 11
0 2 9
4 6 20
23 1 20
8 12 20
13 16 20
17 19 27
12 13 19
0 5 15
21 2 12
20 22 13
20 23 36
8 11 15
23 3 35
6 12 14
19 22 30
2 5 32
12 16 33
8 8 2
13 15 20
11 13 22
9 12 31
4 6 36
22 0 22
12 14 38
5 6 8
11 13 31
10 13 33
10 12 34
4 7 8
10 12 20
12 14 21
8 12 1
21 1 16
11 14 25
15 18 8
21 0 31
7 9 35
12 15 9
5 8 15
16 19 24
6 9 26
23 2 11
7 9 30
22 1 27
6 10 14
5 8 34
15 17 25
15 18 5
5 6 7
17 20 7
18 20 4
5 8 19
15 18 30
20 22 10
23 1 31
21 23 17
16 20 29
4 5 24
5 10 30
23 1 20
20 23 4
20 0 4
12 15 15
18 21 29
16 18 37
23 3 7
21 22 31
3 4 8
8 8 20
14 17 29
18 22 28
6 10 32
21 0 17
10 13 6
4 8 19
12 14 30
20 23 32
16 19 4
19 23 5
23 2 31
0 2 37
3 5 25
20 23 21
2 2 24
6 9 28
0 3 31
19 22 37
6 8 33
9 13 23
4 8 37
23 2 36
7 11 29
7 11 36
22 1 37
17 21 25
12 15 23
15 17 31
18 20 18
10 15 28
10 13 33
7 10 17
17 20 9
2 4 30
12 16 13
15 17 8
7 10 5
18 22 3
16 20 32
13 15 29
23 1 22
9 13 3
19 21 3
16 19 19
0 3 36
11 14 14
16 19 17
9 13 29
12 17 24
14 18 30
12 16 20
14 17 35
20 23 37
18 22 17
18 23 13
5 8 23
4 8 13
18 20 12
1 4 3
3 6 7
16 20 29
11 15 5
16 17 30
13 16 1
2 4 10
18 21 8
8 11 11
9 13 31
19 21 28
2 5 13
18 21 13
5 7 10
9 13 32
13 15 18
9 12 38
4 7 12
12 13 28
3 5 32
10 13 19
10 13 1
18 21 9
1 1 27
5 9 25
8 12 9
17 22 26
5 8 31
12 14 26
10 13 4
0 1 19
5 8 11
9 11 21
17 23 14
4 6 6
19 22 31
11 15 26
19 23 34
11 14 21
0 2 31
5 8 31
10 12 29
11 14 12
1 4 17
4 6 9
20 23 33
20 23 10
15 19 15
2 5 5
2 6 32
22 1 16
13 16 2
16 19 18
19 22 33
3 6 19
0 5 18
17 20 10
0 3 6
22 3 21
21 2 24
5 9 4
21 23 28
9 12 27
10 12 21
2 6 18
20 22 7
12 16 35
19 23 12
1 4 26
20 22 20
6 10 5
21 0 36
0 3 8
21 22 36
17 19 13
1 3 23
12 13 23
9 13 1
5 8 20
3 6 1
23 1 11
7 9 26
23 1 16
19 21 25
17 22 20
6 9 3
15 17 22
15 18 4
17 21 24
12 15 24
18 21 13
18 23 9
15 19 21
13 16 38
19 20 34
15 18 20
19 21 12
11 15 19
23 1 7
4 7 35
2 5 33
10 13 29
11 13 32
17 19 27
23 4 29
3 8 4
15 18 28
15 19 15
5 8 22
3 7 29
9 13 24
13 17 26
7 10 27
16 18 7
11 12 29
0 4 13
5 9 3
15 18 28
22 1 25
7 12 36
4 6 6
18 21 5
3 6 36
10 13 2
9 13 21
17 21 26
22 1 5
22 0 6
8 11 34
9 12 23
17 20 15
14 16 16
5 7 26
12 15 35
15 17 12
22 23 11
18 20 2
12 16 16
4 7 29
15 18 7
6 8 19
23 2 24
3 7 27
20 23 36
4 7 33
18 22 30
15 16 6
0 4 3
8 11 28
0 1 15
21 23 2
21 23 17
0 2 12
15 18 8
22 2 9
4 7 12
18 21 10
19 23 23
20 23 16
6 10 22
11 14 38
12 15 10
11 13 15
18 21 35
2 5 17
12 14 27
17 19 28
20 21 11
3 6 13
14 19 28
3 6 17
3 7 22
17 21 20
22 1 27
13 14 34
3 5 17
13 15 13
13 17 1
3 6 9
8 11 3
15 18 23
12 15 26
0 4 15
21 1 24
17 20 10
2 5 32
17 21 14
15 17 21
21 0 18
7 10 18
11 13 14
23 3 3
15 18 20
0 2 9
16 19 28
23 2 33
11 14 13
23 1 19
13 16 31
13 16 20
12 16 4
6 8 8
17 20 10
2 7 9
0 4 28
9 11 7
14 18 36
11 13 11
14 17 10
1 4 20
7 10 30
14 15 8
13 16 6
1 4 20
19 23 25
20 0 23
11 11 26
18 21 26
11 14 8
6 8 31
17 21 1
23 3 30
16 20 22
14 15 15
12 14 7
7 10 26
0 4 34
15 20 31
17 20 10
21 0 13
4 8 37
6 7 31
10 12 26
2 4 17
15 18 32
22 0 37
15 19 4
6 8 11
3 4 24
2 6 10
15 18 19
23 0 16
21 23 24
12 16 32
0 5 29
9 13 17
1 4 10
3 7 15
0 2 30
8 11 15
5 6 38
7 11 15
17 21 37
2 5 33
14 19 22
9 12 32
20 22 1
23 2 32
12 15 36
19 22 27
7 10 14
22 1 20
2 5 5
15 17 30
15 18 37
19 23 32
7 9 21
16 20 23
7 10 31
20 22 8
7 8 21
3 7 27
2 5 34
20 21 13
19 23 18
1 4 21
8 11 17
13 16 6
18 21 25
11 13 30
8 12 23
10 12 29
17 21 26
16 18 3
1 4 13
13 16 16
4 8 28
13 15 3
15 16 3
8 10 19
5 8 4
9 11 4
19 22 32
10 13 31
9 11 29
19 20 2
9 12 20
7 9 34
11 12 32
20 0 5
9 12 13
19 0 14
8 12 12
16 21 34
10 12 21
0 2 5
2 5 27
11 13 34
9 12 7
14 19 14
21 23 22
3 6 24
10 12 27
9 12 23
4 5 34
10 13 35
3 8 35
21 2 34
3 6 36
9 12 35
16 19 22
0 3 14
7 11 18
9 11 6
14 17 9
5 9 36
22 0 21
20 2 9
4 9 25
3 6 3
18 22 38
22 3 34
17 21 14
23 1 11
8 10 4
2 5 27
19 22 33
11 14 27
12 15 29
14 16 9
19 23 16
18 21 8
10 12 33
19 23 21
22 0 37
9 13 16
13 16 9
0 3 32
19 0 24
23 3 28
11 16 10
22 0 24
8 10 27
4 7 15
4 8 21
11 14 19
13 15 7
3 5 32
17 19 32
11 14 18
19 20 25
17 20 17
21 0 13
21 0 17
0 2 36
0 5 30
9 12 7
8 10 14
19 21 25
2 4 18
13 17 9
10 12 1
23 1 37
16 20 28
5 9 7
7 13 19
16 18 37
2 4 20
7 10 5
22 2 38
18 20 5
9 14 23
21 1 7
11 14 31
16 19 5
10 15 11
22 2 26
6 10 26
6 8 34
5 6 13
4 7 16
0 2 2
0 2 27
9 14 15
0 4 24
4 9 28
10 11 33
