1000 51
48 38 45 17 9 3 37 2 10 47 39 37 31 3 15 28 20 33 23 37 25 7 14 12 26 32 38 34 14 25 10 35 21 5 34 46 35 15 35 19 23 24 12 25 36 24 27 37 2 41 33 
4 6 4
23 2 13
22 2 4
16 18 32
20 22 23
18 21 7
5 10 33
5 8 13
5 7 38
23 3 4
8 13 48
18 21 41
17 20 43
19 20 3
6 10 5
8 12 13
5 9 21
20 22 45
4 7 39
11 15 5
7 11 50
0 2 44
15 16 17
16 20 46
22 1 7
8 9 31
5 8 25
15 20 19
15 17 14
8 12 35
18 20 27
11 15 36
21 0 36
3 3 14
13 15 27
2 4 27
17 19 45
2 5 17
4 8 18
8 13 49
4 7 8
8 10 35
23 1 21
17 21 44
18 20 13
18 21 20
14 17 37
15 18 12
10 13 39
17 21 24
16 20 12
14 16 49
5 9 22
20 22 8
16 18 2
8 10 9
15 18 45
11 14 29
21 2 4
0 3 7
4 7 16
0 2 32
1 5 21
8 12 10
23 3 33
9 14 48
12 15 6
12 15 32
11 16 3
9 13 15
3 4 14
14 18 31
13 18 41
4 6 3
13 16 25
8 12 23
12 16 29
15 18 38
2 5 28
14 17 3
17 20 3
11 14 37
2 5 20
4 7 43
1 6 42
2 5 41
20 22 29
17 20 21
5 7 15
12 13 37
7 9 21
13 18 47
19 23 2
10 11 8
17 19 51
2 5 36
9 11 50
1 4 48
1 4 10
4 7 47
10 13 19
13 14 46
12 15 30
23 3 29
18 21 45
18 22 24
12 15 2
11 12 5
9 11 25
6 9 18
12 14 24
3 5 8
15 19 32
9 12 46
17 21 43
14 17 44
22 23 36
23 2 14
16 19 32
9 12 33
18 21 7
5 7 31
12 14 42
20 21 28
1 5 9
11 14 28
15 17 7
11 16 17
4 7 35
11 15 36
12 16 19
6 10 42
12 16 11
19 22 42
1 4 49
2 4 41
5 6 44
23 1 26
11 13 14
21 0 15
12 15 7
2 3 14
6 9 33
22 1 47
4 9 25
20 0 12
21 2 50
15 19 29
7 10 10
1 4 4
14 17 27
8 11 45
6 9 19
10 13 3
1 4 27
5 7 6
8 12 19
3 7 3
21 22 50
2 5 48
7 10 50
8 10 20
8 10 40
11 12 8
3 4 2
8 12 2
15 18 47
11 16 14
18 20 24
6 7 47
3 6 32
19 23 26
13 17 21
3 7 1
0 4 15
6 9 32
10 14 26
15 19 5
0 0 5
21 1 21
5 8 33
0 4 39
18 21 9
3 7 37
5 10 26
9 11 49
0 4 12
8 10 30
18 22 31
13 16 27
17 21 32
3 6 34
4 8 44
15 18 40
13 17 37
3 5 12
7 9 17
8 11 14
20 22 23
18 21 46
4 8 5
5 8 40
17 19 40
3 9 48
16 19 39
15 19 21
16 18 27
14 17 48
10 13 42
9 13 29
15 18 1
6 10 24
5 10 2
19 23 34
15 20 31
20 0 14
14 18 48
19 23 16
17 19 36
23 3 13
20 0 29
13 17 42
16 21 23
18 22 1
8 10 33
1 6 42
14 16 15
9 13 1
13 16 33
4 7 39
0 3 41
20 1 9
14 17 16
10 14 5
8 11 17
21 1 50
9 11 31
7 10 28
0 2 42
5 7 20
10 13 7
14 18 41
14 17 3
19 22 51
20 23 45
3 5 43
0 2 29
21 0 48
1 5 40
20 0 51
21 22 2
12 14 40
19 23 1
12 15 35
9 12 3
18 20 14
4 7 47
13 15 27
14 17 18
8 12 21
19 22 6
10 13 21
17 20 18
17 20 14
15 18 33
13 14 14
19 21 2
19 0 27
17 20 5
21 23 1
22 1 43
18 20 4
2 4 37
0 4 25
18 23 4
0 3 12
18 19 24
17 20 41
8 10 43
21 0 30
7 11 48
13 18 14
16 20 45
20 23 23
19 22 42
22 1 24
12 18 21
2 4 9
19 21 16
20 23 30
7 10 6
6 10 37
6 8 33
19 22 12
5 9 12
0 3 42
8 12 44
15 17 35
11 13 9
8 12 34
12 15 14
5 8 42
9 12 22
21 0 20
6 9 47
13 14 9
4 8 29
22 1 32
12 15 21
3 6 46
15 18 37
7 10 1
4 10 37
21 2 14
2 5 35
18 22 3
23 1 29
22 23 46
1 3 22
11 14 35
12 16 35
5 10 14
11 14 5
19 21 25
4 6 24
14 16 22
6 8 13
7 8 51
23 1 12
6 8 43
4 7 24
18 19 39
10 14 16
2 5 46
16 19 46
3 6 40
16 19 50
9 14 3
17 18 48
20 23 41
10 11 32
15 17 17
13 15 5
15 17 15
2 5 39
19 23 24
14 17 9
3 5 33
19 22 26
20 22 17
21 22 6
5 8 17
0 3 26
1 5 9
15 18 35
12 16 9
8 12 7
17 21 34
10 13 49
16 20 31
11 13 49
19 22 44
10 11 10
13 17 26
0 4 45
4 8 29
12 14 33
3 6 5
0 3 13
0 3 5
16 19 23
2 4 38
20 23 47
8 11 4
14 17 16
13 15 43
11 14 35
19 0 50
8 11 39
13 16 49
3 5 36
20 22 15
10 13 13
8 10 30
12 15 25
17 20 48
3 5 5
20 22 15
15 18 30
11 14 22
14 16 38
23 3 8
22 1 14
9 11 45
15 17 22
12 15 12
17 20 47
13 17 45
21 0 8
9 11 30
13 15 36
13 14 12
18 20 10
15 18 37
15 18 37
20 23 10
4 6 4
20 22 24
13 16 35
6 9 31
13 16 8
9 12 42
13 17 6
20 0 1
0 2 4
13 16 11
15 19 46
2 6 35
13 16 49
6 9 4
7 10 22
22 1 27
12 17 22
20 22 37
22 2 16
23 2 27
11 16 17
2 7 31
14 17 32
16 17 4
3 5 51
22 1 31
15 18 40
23 1 39
4 6 41
15 18 37
20 0 43
7 9 4
5 7 11
21 1 12
12 16 10
9 13 13
18 20 5
5 9 29
11 14 5
23 3 28
6 10 3
15 18 8
21 0 41
0 3 14
2 4 12
14 19 41
17 20 33
0 3 15
21 0 44
18 20 12
16 19 19
5 7 4
1 5 33
12 14 29
7 10 48
19 20 40
23 1 30
8 11 33
8 11 28
3 5 25
7 10 50
7 10 43
10 13 35
3 7 20
10 12 21
20 23 13
21 0 29
2 5 37
9 12 42
16 19 43
4 7 10
21 1 45
21 22 6
6 10 16
22 1 47
3 7 47
6 7 37
7 10 20
17 21 12
7 10 33
7 9 24
2 6 44
4 6 10
10 12 19
4 7 17
22 22 5
8 12 3
9 10 31
16 17 20
20 22 3
6 10 12
22 4 46
17 21 30
14 18 45
23 2 28
22 1 12
20 22 47
14 16 22
12 15 42
7 11 20
1 4 35
10 14 4
0 4 22
3 5 2
13 17 33
5 7 33
2 3 22
8 11 47
12 14 10
3 8 20
10 14 11
17 20 44
15 18 47
11 15 30
7 10 25
23 4 5
19 22 43
13 15 44
20 22 3
14 16 33
11 13 16
15 17 4
17 21 37
1 4 51
17 19 21
6 9 21
11 16 29
1 2 36
22 0 18
14 18 38
11 13 26
9 13 11
16 19 7
22 1 35
8 10 31
0 3 35
11 15 5
15 20 51
16 20 33
1 3 20
2 6 32
22 0 13
14 17 4
3 4 35
8 11 9
6 9 21
4 7 43
18 21 9
6 9 13
20 23 15
13 15 33
17 21 51
2 5 41
13 15 11
2 5 14
23 2 9
18 21 29
5 7 24
2 6 14
22 1 25
1 4 38
2 5 3
16 18 4
1 4 34
20 23 2
14 18 3
12 14 29
20 1 49
15 19 47
2 5 51
16 19 5
17 20 22
1 4 29
3 7 16
9 12 7
4 6 50
5 8 49
12 15 13
17 20 36
11 15 50
9 11 15
6 9 13
6 7 51
11 14 15
6 10 44
6 9 40
5 7 36
22 1 5
8 11 6
20 23 9
14 18 23
5 6 4
3 7 26
2 3 15
17 21 13
5 7 28
12 13 13
3 7 2
16 20 8
7 8 14
12 14 30
9 13 45
19 21 17
0 0 18
12 17 40
17 21 48
6 9 15
9 12 50
2 4 51
17 20 35
13 16 35
13 15 7
10 11 26
23 1 50
13 17 32
12 17 9
11 13 7
18 20 14
15 18 7
17 21 10
15 17 6
7 9 12
17 19 21
17 21 5
4 8 26
14 17 33
12 15 30
15 19 2
4 6 24
23 2 19
8 11 9
21 1 45
8 11 12
7 10 46
11 15 49
13 18 30
8 11 18
10 13 5
2 3 39
2 5 4
21 0 44
6 10 13
18 19 33
18 20 5
23 3 26
15 19 35
6 9 51
7 10 51
7 10 29
14 16 21
12 17 18
19 23 29
16 19 17
7 9 33
22 2 15
2 4 35
17 20 12
22 1 10
12 16 37
19 23 49
22 3 39
16 19 51
9 12 10
19 23 24
21 0 34
1 4 28
13 17 40
10 15 15
1 3 32
2 6 51
6 9 47
17 19 25
2 4 2
16 20 2
18 21 34
22 1 31
14 17 28
12 14 29
3 8 27
16 19 38
8 11 22
15 18 2
23 2 41
15 20 36
13 17 16
5 7 38
23 3 20
20 1 42
17 19 29
0 3 32
22 0 34
2 3 28
9 12 26
12 16 36
16 19 19
3 7 47
15 19 48
18 21 26
12 14 21
5 7 43
18 21 12
21 1 30
23 3 16
3 6 22
23 3 14
6 8 15
15 19 24
22 4 35
16 22 37
2 3 51
10 14 3
18 20 15
8 12 46
23 2 39
3 5 33
0 2 15
13 16 20
2 5 25
6 9 31
6 8 12
5 7 41
10 14 11
4 8 30
0 2 34
4 7 12
23 2 16
9 12 34
12 17 41
4 7 46
6 10 17
18 21 45
2 6 8
9 10 5
11 12 40
3 7 11
1 4 29
17 19 30
0 2 15
5 7 26
20 23 32
14 17 22
4 7 28
8 11 2
22 1 20
0 3 40
22 1 42
23 2 32
7 10 3
8 11 2
9 12 17
16 19 11
7 9 31
20 23 18
13 17 18
22 1 27
16 18 7
22 2 13
4 8 18
10 14 9
8 9 9
19 21 39
19 22 10
1 4 27
4 6 19
9 11 45
11 14 45
8 10 36
12 14 2
21 0 21
4 7 27
5 9 20
12 16 41
7 10 1
18 21 31
4 8 43
7 11 7
20 23 43
3 7 18
7 11 3
13 16 28
10 14 44
22 1 46
7 10 41
1 6 45
5 9 21
18 20 24
19 23 35
22 2 19
22 2 22
16 18 37
21 1 45
12 14 15
2 4 46
14 16 51
10 13 25
15 19 23
0 4 50
7 10 31
10 13 18
17 20 13
10 11 51
23 3 36
18 21 51
16 20 47
1 3 50
23 2 32
17 19 31
8 11 34
2 6 4
3 8 18
6 10 38
11 14 46
19 1 45
15 17 38
22 1 48
11 13 6
4 7 23
19 22 19
11 15 8
8 11 40
10 14 22
1 5 11
6 8 7
15 18 49
5 9 14
14 17 13
1 4 30
0 4 14
17 21 45
16 19 17
3 6 9
12 15 32
12 16 11
19 23 19
12 13 3
7 10 46
1 3 42
17 20 14
9 12 11
13 16 29
18 22 50
22 2 13
8 10 23
9 13 48
5 9 32
10 14 12
16 20 39
4 6 20
5 8 31
13 15 43
22 0 49
16 19 16
18 20 3
18 19 3
16 19 4
8 11 26
20 22 50
13 16 21
4 9 5
6 9 50
22 2 3
5 8 23
8 10 27
4 6 40
2 5 4
0 3 12
22 22 47
11 14 20
2 5 50
20 23 35
19 21 1
3 5 46
17 21 26
19 20 41
20 22 23
7 11 4
1 4 43
23 2 34
23 1 38
4 8 49
1 5 10
3 7 37
15 17 2
14 17 13
13 17 4
13 16 37
11 14 6
20 21 24
12 15 2
14 16 43
13 16 47
11 14 13
0 4 35
1 3 49
15 19 2
14 17 48
17 20 27
6 11 21
11 14 7
14 17 19
14 16 48
11 15 22
21 23 21
0 3 11
5 7 29
2 4 15
13 15 25
14 16 22
9 11 13
17 21 37
4 7 36
8 11 45
21 23 40
9 13 17
21 22 11
11 14 42
7 9 1
18 19 9
9 11 3
20 23 6
19 22 49
23 3 11
3 6 2
8 12 30
15 18 30
22 2 5
20 23 38
10 14 38
1 4 17
23 3 38
11 14 21
23 2 40
10 13 45
23 1 3
13 16 44
13 16 47
23 1 27
18 21 11
6 7 31
18 22 34
9 11 27
19 22 14
14 18 28
21 0 31
12 16 16
16 20 21
17 21 4
8 10 45
18 19 40
8 11 23
11 15 40
17 20 27
21 22 19
16 17 8
14 17 7
23 3 6
19 21 19
18 21 14
21 22 44
7 9 37
2 6 45
22 2 16
1 3 49
5 7 34
14 16 48
19 21 10
15 19 3
10 12 32
13 17 49
19 22 34
11 13 35
20 0 27
21 0 43
10 12 43
7 12 49
16 19 11
1 5 10
8 12 30
9 10 22
6 10 7
6 10 51
4 8 9
0 1 14
2 5 37
17 19 12
23 1 47
4 7 38
10 12 34
20 0 37
5 7 29
23 2 38
19 23 33
14 16 40
15 18 38
