1000 76
71 43 35 52 39 66 44 6 43 20 57 73 1 67 76 3 1 48 73 50 65 57 72 51 52 65 14 45 74 22 68 2 17 40 23 27 41 59 17 68 76 22 45 16 30 33 9 13 33 23 44 70 53 70 32 14 43 42 63 48 50 53 46 47 50 34 8 61 47 58 26 44 63 40 66 73 
14 18 23
6 8 19
23 1 5
8 9 63
10 12 41
10 13 74
4 8 61
8 11 2
17 20 21
15 19 38
6 8 74
17 21 63
3 8 51
2 7 12
3 6 62
14 16 73
5 8 14
18 21 14
15 19 76
0 3 25
1 3 9
18 21 17
6 8 46
12 17 71
23 1 27
9 11 65
14 17 34
7 12 76
17 20 68
8 10 41
19 23 3
4 9 5
14 17 54
13 18 69
23 3 18
10 13 41
21 23 32
6 10 52
1 4 28
23 23 33
20 23 27
3 4 54
22 0 58
12 15 45
2 4 21
12 16 48
18 20 56
7 10 11
5 7 8
4 6 22
18 23 51
15 18 58
11 16 27
10 14 40
12 15 32
18 19 26
0 1 15
7 10 40
15 18 29
5 8 63
2 6 45
20 22 35
1 6 36
1 6 39
19 22 39
16 21 40
12 15 21
17 17 48
2 4 35
11 15 37
14 18 71
22 3 62
4 7 73
14 18 46
17 20 55
1 4 49
0 2 40
10 11 32
15 19 64
11 14 28
17 20 42
14 15 1
10 15 63
21 0 28
21 23 61
4 8 14
0 2 45
10 12 5
18 20 74
18 21 50
2 6 28
7 11 33
3 5 31
1 4 63
16 19 53
2 5 41
13 15 63
13 18 17
12 15 36
15 17 21
14 17 47
20 0 13
17 20 44
21 23 54
13 15 21
21 23 10
18 21 60
10 13 26
11 14 51
2 3 18
11 16 24
22 2 3
1 4 69
9 13 62
1 3 45
2 6 21
20 22 54
0 4 13
18 0 1
21 1 49
14 17 63
11 13 53
15 19 32
14 17 8
14 19 17
10 15 8
8 13 72
11 12 44
18 19 62
23 1 27
16 21 37
18 21 54
7 11 7
9 12 33
18 21 14
11 14 25
19 23 23
15 17 3
7 11 21
21 23 22
10 13 57
21 23 56
9 11 21
17 18 44
12 16 39
20 21 58
16 18 15
9 11 35
16 18 72
10 14 68
14 16 23
11 13 49
5 9 65
1 3 51
15 17 18
12 15 35
11 14 69
21 0 39
15 18 17
12 15 42
1 4 15
21 23 54
22 2 26
1 5 32
11 14 48
19 22 23
10 14 3
1 3 7
19 23 18
12 16 50
14 15 49
22 2 15
3 7 20
16 19 71
13 17 33
17 19 32
23 2 58
6 9 30
17 21 19
6 9 59
2 3 32
21 1 4
8 11 25
10 11 59
3 7 16
22 1 23
12 14 18
0 5 23
18 20 40
21 0 28
22 1 72
15 18 74
13 16 63
12 16 19
17 19 25
8 11 30
12 16 52
8 10 48
19 23 9
16 20 26
17 20 49
12 14 65
6 9 26
11 15 47
16 20 54
14 16 52
17 21 22
23 3 64
18 21 8
3 8 9
10 12 35
16 19 30
14 16 7
12 14 3
14 19 17
19 22 74
2 5 14
16 19 38
5 7 61
20 0 16
20 1 38
13 17 59
12 15 37
17 21 70
1 4 18
18 21 24
21 22 42
2 5 33
1 4 31
20 0 34
8 11 66
1 5 25
17 20 26
13 15 66
15 20 28
1 4 61
3 6 64
22 2 34
5 9 2
18 21 67
8 10 67
8 12 12
3 7 24
12 15 15
2 6 62
18 22 70
2 6 26
14 17 28
18 22 45
23 3 17
19 22 69
1 5 65
9 12 15
23 3 40
18 22 66
16 17 61
16 21 67
22 1 59
20 23 1
22 2 62
20 23 8
19 23 76
6 11 17
4 7 30
20 0 59
11 14 50
1 5 8
14 17 76
3 7 9
14 18 24
22 3 45
8 11 59
22 1 30
8 11 52
3 5 8
14 16 13
20 23 25
13 16 41
13 17 18
1 4 5
20 23 18
15 19 62
11 13 56
1 2 15
8 11 47
12 16 31
5 7 29
9 11 64
17 20 61
13 16 52
11 15 7
8 12 23
20 22 70
11 15 56
2 7 19
8 11 55
14 17 13
15 18 60
20 0 22
21 0 51
21 1 41
8 11 14
5 8 66
20 0 47
22 0 10
21 0 70
17 20 17
4 6 49
4 7 20
3 7 32
11 12 76
7 9 2
13 14 8
14 19 43
22 2 26
8 11 16
5 9 35
7 9 50
6 8 48
17 19 64
12 16 25
5 8 38
13 15 32
7 10 14
12 15 48
14 16 58
15 17 51
11 13 24
11 14 9
9 12 55
16 20 22
21 0 14
12 12 56
6 8 67
3 6 76
9 12 7
11 16 60
3 6 12
16 20 74
3 6 63
10 13 49
21 23 44
2 5 62
19 22 68
17 19 76
20 22 56
4 8 33
23 2 7
23 1 45
14 17 9
23 3 4
14 18 56
7 11 1
3 8 65
0 6 47
0 1 28
0 5 62
12 17 61
16 21 28
9 12 68
13 18 64
1 4 57
5 8 66
1 4 13
3 6 35
10 13 66
16 18 54
5 9 72
6 8 28
11 14 25
6 7 69
6 8 48
18 19 46
2 4 45
16 18 45
21 22 37
8 10 19
4 8 67
10 12 67
10 13 49
5 5 4
9 12 19
20 23 52
16 20 55
17 20 61
19 21 12
8 13 27
1 4 68
0 4 74
7 10 69
17 19 2
22 23 3
18 20 37
11 14 47
9 11 4
4 8 5
11 15 7
14 16 57
7 10 11
15 18 38
21 23 49
7 9 66
10 14 45
4 8 23
16 19 9
1 4 37
17 22 62
21 1 1
21 23 41
10 15 74
4 5 71
1 3 75
12 16 43
15 18 39
8 10 2
3 6 21
20 23 76
12 16 39
1 5 53
22 23 1
3 7 8
9 11 75
15 18 31
19 23 55
21 0 35
18 20 37
18 21 58
18 23 16
20 21 55
22 1 66
8 12 15
15 17 64
20 23 73
2 5 56
13 15 13
20 1 64
2 3 47
5 8 47
18 20 36
22 2 21
8 12 37
6 9 30
11 15 40
2 4 4
3 7 42
2 7 70
5 9 24
20 0 38
15 19 22
4 7 53
1 5 32
1 4 22
12 14 34
16 20 68
22 2 53
10 15 12
8 10 13
14 18 18
4 7 23
9 11 28
13 17 37
6 8 69
0 3 17
18 22 11
12 14 57
4 8 29
20 22 16
7 10 72
8 10 45
4 5 12
17 18 9
8 10 3
6 9 61
15 17 69
0 2 71
18 21 11
20 23 41
0 3 13
20 23 23
1 7 43
5 6 74
12 14 47
14 18 22
22 2 22
5 9 57
20 23 63
18 18 17
13 15 62
6 10 74
3 6 44
23 1 12
13 18 50
15 19 75
21 23 23
20 22 57
16 21 37
14 15 11
16 19 56
11 14 13
17 20 64
20 1 69
7 8 30
8 13 38
5 9 5
13 16 23
20 0 42
23 1 54
3 6 61
8 10 50
7 10 39
14 17 59
17 21 51
0 3 64
10 14 1
16 20 58
0 3 48
17 20 40
8 11 68
18 21 28
8 8 2
19 22 52
18 21 13
21 1 18
6 9 38
21 0 64
7 9 40
9 14 39
0 2 32
2 4 11
5 8 76
9 12 65
3 6 65
13 14 4
4 7 67
10 12 52
18 18 59
9 14 9
18 22 25
7 11 59
21 23 50
21 0 3
0 3 73
20 23 23
7 10 72
6 9 12
11 15 24
6 8 2
21 2 51
22 0 72
7 10 45
19 22 24
14 18 10
9 12 19
11 15 27
1 5 22
8 13 22
19 20 24
12 14 51
23 2 49
6 8 53
2 4 4
2 6 74
18 21 31
2 5 62
8 12 65
7 10 40
1 6 8
4 6 34
9 12 54
20 22 54
11 14 40
9 11 76
11 14 24
16 19 65
1 4 61
23 1 55
7 10 53
16 18 10
8 11 17
6 7 50
9 10 59
18 23 4
15 20 50
1 5 62
7 10 3
3 7 10
23 2 73
14 17 21
21 23 46
23 2 69
3 6 42
21 22 5
14 16 14
2 5 10
14 17 65
19 23 2
6 8 16
11 15 21
17 19 56
18 21 37
12 14 37
5 7 42
15 17 5
19 23 50
20 23 8
8 9 76
1 4 23
13 16 20
1 4 13
7 10 9
1 4 26
17 19 68
16 18 40
17 20 62
12 16 20
21 22 9
1 3 52
8 13 75
5 9 49
2 4 46
3 7 38
12 16 5
3 7 23
13 16 42
16 19 36
3 4 25
1 3 73
2 7 46
13 16 48
11 14 9
10 15 75
2 5 26
1 5 34
23 2 15
18 23 56
14 17 7
7 11 67
6 9 11
14 18 36
4 8 65
9 14 43
11 14 51
15 17 49
8 11 71
23 3 4
21 23 71
7 11 42
4 5 65
12 16 43
9 13 49
5 9 76
8 12 46
12 15 45
23 3 14
16 18 73
8 11 6
21 0 57
6 8 7
11 13 29
22 1 28
20 0 20
3 6 50
5 9 18
12 13 26
23 1 27
19 23 29
4 8 21
0 2 66
18 22 20
8 11 75
1 4 51
22 1 33
2 5 13
0 2 28
6 8 39
17 22 63
19 21 32
5 9 48
11 14 16
21 0 69
18 22 28
5 9 8
1 3 3
20 23 19
21 23 48
8 10 5
3 5 53
9 13 52
0 4 54
22 2 34
0 4 50
6 11 16
20 22 13
12 14 70
13 15 62
7 10 58
5 8 37
5 8 11
4 6 72
19 21 46
21 1 53
12 15 45
7 10 40
17 20 54
17 22 71
14 17 60
11 14 70
22 0 25
9 13 49
14 16 45
6 8 1
1 5 67
23 3 18
23 2 30
20 0 40
6 10 76
14 17 9
5 9 49
17 21 72
13 17 46
1 3 48
2 7 24
17 20 30
13 16 42
7 9 20
10 13 36
10 12 35
19 22 49
14 18 30
8 10 2
7 10 67
1 6 3
14 16 37
13 16 32
23 3 19
12 15 57
21 1 21
5 8 17
4 5 30
22 0 30
13 16 34
0 2 42
11 14 10
19 22 48
23 1 63
21 0 51
20 23 22
1 4 33
4 7 34
17 19 37
5 8 74
18 20 35
9 12 55
14 15 2
4 7 36
23 2 42
4 8 48
2 7 63
10 14 59
20 23 28
6 8 40
4 7 12
18 22 28
4 7 52
2 7 33
9 12 56
12 15 3
23 2 59
7 9 54
20 1 59
0 2 64
21 0 29
19 23 38
22 3 75
7 12 56
9 11 33
4 8 60
12 16 60
15 18 9
4 7 32
20 23 45
14 17 6
10 11 32
16 17 5
10 13 33
10 14 56
4 7 51
13 16 41
23 4 66
8 11 17
4 7 51
22 0 59
13 16 8
6 10 20
10 13 43
10 15 27
10 13 38
8 9 18
7 9 47
4 7 45
2 4 8
11 14 13
20 23 15
7 10 44
21 2 44
14 18 15
7 10 4
6 9 29
21 1 55
9 12 75
18 20 56
21 1 30
7 10 65
13 16 74
15 17 48
23 2 49
5 10 7
13 16 49
16 19 33
19 22 76
23 3 30
13 17 1
8 10 33
9 11 33
9 13 48
15 17 3
12 15 15
5 9 61
2 4 6
8 9 21
15 17 72
15 17 53
4 8 47
12 13 57
4 6 8
11 13 71
7 9 34
23 3 18
0 2 12
18 21 28
7 10 27
1 3 66
3 6 9
5 8 6
16 18 48
17 21 11
1 4 4
21 0 58
20 22 25
3 7 69
11 14 45
12 14 27
13 17 43
4 6 17
19 21 66
6 10 45
11 15 29
4 8 61
12 13 48
2 5 24
9 12 48
4 4 49
14 16 70
21 23 5
22 2 5
1 6 18
4 7 14
5 6 75
3 6 26
11 14 24
6 10 49
23 3 17
2 6 51
18 20 76
17 21 60
20 23 2
6 9 33
6 12 58
7 11 73
8 12 70
13 14 27
19 0 49
14 16 33
21 1 74
23 1 67
5 9 27
18 22 56
3 5 16
22 0 13
17 20 70
22 1 27
7 9 25
5 8 75
23 3 58
10 14 2
10 14 54
7 10 59
0 2 30
17 20 56
22 23 13
18 19 7
0 2 62
18 20 15
12 16 33
18 20 44
22 3 16
13 16 12
14 18 73
15 19 59
23 3 6
20 0 36
10 12 57
5 8 34
1 2 31
15 16 55
17 20 13
7 9 17
5 9 43
6 12 25
13 17 68
10 14 54
5 8 20
8 8 30
15 18 66
7 10 35
17 20 22
12 15 8
11 13 45
9 11 54
6 8 73
0 3 62
19 0 12
22 2 7
22 1 39
6 8 3
9 11 64
6 9 35
4 7 22
0 3 9
21 0 40
14 17 15
2 5 7
14 19 19
19 23 43
10 14 27
10 11 56
16 20 59
8 10 2
0 2 48
6 10 15
18 21 71
19 20 69
20 0 76
5 6 40
20 0 56
17 20 36
3 6 73
11 15 48
1 4 38
18 21 4
10 14 25
11 13 35
14 17 67
16 19 23
16 20 45
16 19 1
20 22 28
7 10 28
11 14 69
21 1 46
4 8 36
3 5 56
5 7 21
22 1 6
13 15 72
17 21 40
21 1 46
4 9 12
15 16 20
13 16 7
15 19 9
13 15 10
17 20 26
1 3 41
15 17 20
12 14 56
20 23 8
23 4 55
13 16 13
7 11 44
7 10 72
1 3 42
20 23 72
3 5 27
9 12 63
14 18 14
23 3 50
21 23 19
15 19 39
14 17 17
