1000 16
15 10 13 7 8 14 6 13 16 14 8 11 5 7 12 1 
18 20 9
8 12 16
21 22 8
4 5 6
3 6 11
20 23 7
22 0 14
17 20 3
5 6 2
9 11 8
14 18 15
17 19 1
18 20 1
18 23 12
14 18 4
21 0 5
16 20 13
7 11 16
20 20 7
19 22 3
14 18 7
15 19 16
20 0 12
13 15 5
10 12 6
22 2 5
23 2 7
6 7 15
6 10 6
23 1 6
17 19 1
10 16 1
17 20 13
19 21 7
11 14 9
1 3 9
20 0 15
8 9 5
8 10 14
7 10 9
21 23 14
4 7 6
22 0 3
4 8 9
8 10 3
18 21 12
15 17 11
7 10 3
3 7 13
21 23 10
13 17 1
1 6 10
2 4 10
17 19 9
17 19 11
19 23 10
15 17 5
16 19 3
23 1 5
19 23 5
5 7 11
0 4 14
8 12 2
18 23 8
23 1 8
10 12 12
14 15 15
20 0 15
23 0 14
22 0 12
15 18 2
5 9 6
20 1 7
19 21 2
2 4 7
1 2 9
21 1 16
12 12 15
16 18 3
19 20 10
14 17 16
0 3 12
8 11 12
9 10 12
5 8 14
6 9 12
17 22 4
21 0 3
16 19 3
12 15 14
15 17 11
20 23 1
13 17 14
13 17 8
22 0 12
5 8 5
7 10 4
17 19 16
18 0 16
7 10 7
1 4 10
0 3 15
4 5 1
12 15 1
20 0 8
3 6 16
23 2 14
23 2 16
2 6 2
8 13 1
16 20 12
19 23 4
18 21 6
10 14 7
17 20 16
10 13 15
11 12 16
21 1 14
4 9 6
17 20 11
11 13 10
12 14 10
7 9 14
11 15 11
21 0 10
20 22 10
9 11 6
10 13 2
19 23 14
5 7 12
20 1 7
21 23 1
1 5 1
9 12 16
11 14 7
4 7 5
23 1 14
8 10 15
8 11 5
21 1 3
16 19 13
23 2 13
5 8 6
0 2 10
19 20 5
1 5 7
11 14 2
7 10 11
18 22 1
9 12 16
10 13 12
3 5 4
7 11 2
4 6 15
6 9 3
21 21 3
4 8 2
13 16 10
19 0 16
20 0 16
10 13 2
10 12 12
0 4 8
22 1 7
2 5 12
23 2 11
14 18 1
11 15 6
2 6 9
8 12 4
7 11 10
21 2 5
9 11 3
6 9 3
12 16 6
3 6 12
21 1 9
8 10 6
23 3 14
17 20 4
8 10 9
16 18 6
15 19 10
15 18 15
8 10 10
5 9 13
15 17 10
22 22 15
23 3 5
5 7 11
13 17 1
7 11 2
6 9 4
8 11 11
13 18 14
18 20 11
3 7 9
18 22 7
15 17 8
9 11 15
15 17 4
15 19 6
13 16 15
12 16 7
20 23 13
20 21 8
0 4 15
5 10 10
3 4 9
18 22 3
15 18 16
16 20 11
5 6 11
6 8 1
15 18 15
0 4 6
8 12 13
15 19 11
6 8 16
7 9 14
9 13 7
17 21 12
22 1 12
3 5 16
9 13 11
2 8 3
12 14 11
17 19 8
17 19 15
11 14 8
13 17 6
4 9 6
11 15 13
15 18 13
18 22 1
15 17 13
4 7 4
7 10 10
20 23 12
14 17 2
0 3 2
4 7 10
21 0 11
14 16 8
4 8 8
9 12 5
21 1 3
17 21 4
9 11 8
10 12 14
20 22 1
9 13 3
19 21 6
9 12 12
12 14 6
23 2 15
9 13 11
10 12 9
15 19 13
3 6 10
16 18 14
16 19 10
19 20 5
6 8 10
18 21 15
6 9 13
7 9 13
16 18 9
0 3 2
12 17 7
16 18 5
22 0 12
7 9 3
8 11 5
13 15 6
1 4 2
0 3 4
8 11 11
1 5 5
5 7 5
21 23 16
5 8 9
21 0 13
12 16 9
20 0 11
23 1 2
18 21 4
14 16 11
19 21 14
10 13 13
22 0 3
0 2 1
12 14 14
7 7 9
14 18 3
22 3 8
20 0 4
19 23 12
10 14 10
21 23 5
6 10 5
9 12 10
21 0 8
5 8 14
14 17 4
23 1 8
6 8 12
20 23 13
21 0 13
7 8 14
14 17 15
8 10 2
23 4 10
13 15 16
23 1 14
13 15 16
2 6 7
3 5 8
15 18 12
18 23 6
17 19 6
21 1 7
8 9 8
19 21 4
2 5 3
20 23 3
8 11 14
2 5 7
12 15 11
22 3 14
19 22 4
20 0 2
19 0 10
20 21 5
16 19 13
5 9 16
19 22 16
22 1 7
9 13 8
10 12 6
23 2 1
3 7 15
10 14 5
1 2 15
15 18 2
7 9 6
0 2 9
6 9 10
19 21 3
10 12 4
10 14 11
16 19 2
7 10 2
19 19 13
9 11 7
23 2 2
23 2 4
7 10 3
10 15 15
17 20 6
20 23 6
4 7 10
9 13 15
2 5 8
23 2 3
14 17 10
8 10 7
12 17 16
15 18 12
0 4 14
6 7 12
6 8 12
11 15 5
5 8 12
13 16 5
13 16 3
10 12 15
8 10 5
9 10 15
22 0 14
18 22 15
14 15 12
17 20 16
14 18 1
0 1 8
19 20 6
15 17 12
16 19 4
22 1 5
2 5 14
16 20 6
4 6 6
19 21 3
14 17 16
0 5 8
18 20 16
12 15 1
8 12 15
5 7 2
19 20 1
0 4 5
6 10 2
8 12 2
8 11 13
2 4 3
11 15 6
11 12 1
0 3 10
6 10 8
23 2 8
3 4 12
2 5 5
9 10 7
17 20 8
5 9 3
16 19 7
9 15 15
12 15 7
13 16 3
5 7 11
17 21 13
17 20 2
12 14 6
2 4 1
9 12 6
5 8 15
5 7 3
23 0 3
3 7 13
2 4 2
13 16 5
18 19 13
4 10 5
12 14 5
2 3 16
9 11 5
8 11 3
6 9 7
2 5 8
19 22 6
13 15 1
3 6 9
20 23 2
8 11 3
11 15 10
5 7 3
12 15 1
13 16 7
3 7 16
18 20 4
3 5 1
14 17 15
2 5 15
0 2 5
14 18 10
12 15 7
10 12 15
9 12 8
3 5 2
1 3 8
21 23 13
6 10 9
19 22 16
12 16 6
10 14 15
17 19 11
7 9 13
1 3 1
17 21 7
4 8 9
13 17 13
19 23 7
10 13 13
14 18 11
10 13 8
19 23 7
16 19 7
2 5 14
8 11 7
10 13 8
8 11 11
21 21 9
20 23 9
22 0 6
0 3 15
5 8 16
6 10 6
1 4 6
22 1 3
23 2 12
15 19 13
14 16 15
18 20 4
0 2 3
13 16 10
9 12 2
10 16 16
3 5 16
9 14 16
16 19 9
11 14 14
0 4 12
23 2 15
2 6 14
20 23 2
19 22 13
10 12 14
0 3 6
8 13 10
7 11 16
20 0 10
1 5 8
11 13 5
16 19 16
0 4 11
22 1 15
16 19 12
22 2 10
9 13 7
13 16 8
21 2 4
19 20 10
4 8 8
21 0 13
6 9 15
22 2 11
8 12 1
9 12 16
13 18 9
8 11 8
17 19 12
18 20 8
5 9 14
8 11 16
9 13 14
7 13 13
22 0 4
2 6 8
13 15 2
6 7 4
22 2 15
19 23 14
11 18 11
22 1 5
23 3 13
21 23 16
13 16 6
12 15 1
21 23 9
18 21 7
15 19 3
23 2 11
17 20 2
1 4 7
13 16 11
23 2 8
9 13 15
16 18 16
23 2 5
21 22 12
12 16 9
22 0 10
8 12 15
19 23 6
7 9 2
2 5 16
11 14 4
3 6 14
8 12 15
13 17 7
15 18 15
12 13 6
13 15 10
18 21 14
12 15 13
18 20 8
2 5 2
22 1 5
4 7 7
23 2 2
7 9 10
14 16 8
5 8 11
14 17 7
21 0 14
12 16 11
8 11 15
3 6 3
19 23 16
14 17 3
17 21 10
14 16 14
6 10 1
10 14 7
12 14 6
12 15 5
22 1 11
5 9 15
3 6 10
19 0 13
12 16 15
22 2 4
6 9 5
10 12 13
20 0 10
3 5 14
5 7 16
13 16 14
8 12 5
8 10 13
18 22 3
9 12 12
21 23 5
15 18 13
0 4 15
13 17 6
0 2 5
16 18 6
14 17 16
22 1 2
4 7 16
13 17 16
18 0 10
12 15 8
23 2 11
5 7 13
16 19 10
17 21 8
16 19 13
20 23 2
1 5 14
10 14 6
6 9 13
0 3 6
11 14 11
1 4 15
13 14 7
11 14 16
5 7 7
16 19 13
3 5 13
6 9 8
15 17 8
23 3 5
5 9 1
0 2 14
3 5 6
13 17 1
22 0 1
4 6 7
6 8 8
14 18 14
13 15 1
0 3 5
19 0 14
17 20 1
18 22 1
21 22 4
17 19 6
8 11 11
15 16 8
20 0 10
13 16 13
2 7 16
19 23 15
8 9 7
4 9 13
11 14 2
5 8 11
2 4 9
4 7 7
14 19 2
13 17 10
19 21 5
1 6 15
7 8 7
3 6 15
15 19 3
19 20 14
23 1 15
14 17 8
14 17 16
20 23 10
10 13 8
0 2 3
18 21 13
13 17 9
11 13 16
11 13 9
3 4 16
18 21 8
17 20 16
7 11 3
0 4 11
14 17 7
3 4 16
3 5 6
20 0 6
10 13 10
5 9 14
0 2 10
13 19 8
10 15 15
4 6 5
6 8 5
10 14 16
4 6 8
13 16 10
5 7 13
17 19 10
20 22 9
7 11 4
2 5 16
22 1 12
13 15 12
7 10 15
8 12 11
19 22 2
21 23 4
21 0 13
1 5 15
22 23 16
12 15 12
1 3 2
17 20 8
1 5 1
12 16 14
5 7 11
15 18 7
17 20 3
16 18 11
1 3 3
16 20 2
1 4 8
11 14 2
21 23 9
12 14 14
5 7 15
8 11 3
23 2 5
12 13 2
10 14 11
8 11 3
12 14 16
1 2 1
18 22 16
3 6 8
6 8 6
22 2 10
9 13 3
17 17 6
4 7 16
1 4 13
1 4 8
5 8 3
15 18 15
10 13 1
3 5 15
3 7 8
8 11 6
12 14 12
10 13 10
21 23 12
23 2 2
17 19 5
2 5 1
21 23 14
10 13 7
5 6 2
15 18 14
11 14 8
2 4 8
3 6 6
14 17 10
3 7 7
11 13 14
14 16 5
7 11 9
15 20 9
15 20 4
18 20 16
15 18 12
14 18 15
21 1 5
1 5 11
4 7 15
23 2 15
18 22 15
14 17 15
19 23 14
15 18 11
14 16 9
4 7 8
12 15 15
3 7 13
3 5 9
0 2 7
11 12 16
4 7 5
5 9 11
15 18 15
6 11 14
23 2 11
6 7 13
18 21 13
22 1 10
21 0 15
19 20 2
5 9 8
4 7 5
20 0 16
17 20 11
15 18 5
2 6 3
13 16 8
7 12 6
16 19 13
5 8 7
14 17 9
8 12 4
3 5 13
5 8 3
5 8 4
11 15 9
4 8 14
9 12 13
16 18 4
7 10 13
8 10 6
6 10 3
23 0 14
0 3 8
5 7 8
20 0 15
11 15 14
0 2 13
20 22 15
23 1 4
19 22 6
21 1 14
7 11 3
23 2 10
12 17 8
5 9 10
17 20 10
6 9 6
6 10 6
2 5 10
11 14 3
5 8 14
18 20 3
23 2 1
5 9 14
22 1 11
8 10 14
1 5 12
3 6 12
23 0 11
23 3 4
6 6 15
2 4 14
2 4 12
15 17 1
23 2 16
21 23 1
11 14 6
0 4 4
4 7 6
13 18 4
5 7 13
16 18 7
8 10 5
22 1 10
23 2 13
2 5 1
23 2 10
18 20 16
8 11 13
9 11 16
11 13 10
5 8 6
17 20 13
6 8 3
6 9 4
22 2 8
5 7 12
5 9 16
8 11 9
13 16 13
18 23 9
4 6 8
8 9 7
21 23 9
10 12 5
14 16 13
22 1 9
7 10 9
23 3 11
8 12 2
23 3 10
8 12 8
21 1 2
21 0 2
13 18 12
21 22 2
22 23 3
8 10 13
19 21 3
1 3 16
21 2 11
5 9 11
23 2 5
18 22 11
13 16 16
2 6 15
6 7 7
22 1 4
18 19 11
9 11 15
11 14 13
7 12 3
4 7 13
1 4 8
8 10 3
2 5 11
15 17 1
3 8 3
20 2 5
23 1 9
19 22 12
23 1 8
14 15 6
0 2 2
7 11 2
20 1 5
22 0 16
3 5 12
15 20 16
10 12 6
23 1 10
15 16 13
23 1 8
14 16 2
11 14 1
22 1 13
0 3 7
2 4 14
12 15 14
18 22 9
2 5 5
18 21 16
6 9 9
8 10 6
7 9 2
12 16 4
15 18 1
1 3 14
2 5 6
1 5 3
10 14 12
2 6 9
17 20 5
1 4 6
16 20 15
10 14 15
18 22 14
2 5 13
12 16 3
18 20 5
18 22 15
1 3 10
1 3 11
23 0 15
16 19 4
12 14 14
7 12 9
20 22 12
2 7 15
19 21 15
1 4 15
8 10 16
18 22 16
15 18 11
17 22 6
22 1 7
17 19 11
0 4 4
3 6 5
22 0 15
0 4 4
4 7 4
21 0 4
12 14 10
13 16 15
1 3 12
3 7 15
1 5 3
6 9 4
6 9 13
0 3 16
