1000 56
51 5 8 18 1 27 27 34 5 24 4 55 5 37 36 9 28 22 49 8 27 7 14 42 35 55 13 8 31 35 53 27 5 41 54 41 6 45 41 11 28 54 26 43 19 4 20 7 8 44 23 45 36 40 2 12 
17 20 40
5 10 19
10 13 56
20 0 18
6 10 25
9 11 14
0 3 22
5 7 43
2 5 51
16 19 50
11 15 31
22 2 7
3 7 35
19 23 17
15 17 53
2 6 8
9 12 8
18 22 21
4 7 53
7 10 34
6 10 12
21 22 43
18 21 49
9 13 19
1 1 12
6 10 44
9 10 17
7 11 33
13 17 13
12 15 42
6 9 19
14 19 1
21 1 31
11 13 17
19 20 51
16 18 21
2 4 30
21 23 6
3 6 23
14 16 15
0 3 16
17 19 34
4 8 29
0 4 9
14 17 30
6 10 54
10 12 56
3 6 29
22 1 10
4 6 44
5 10 48
13 17 38
22 2 32
20 23 23
2 4 36
1 5 6
23 4 26
20 1 27
22 1 14
5 6 52
16 20 29
2 5 44
6 9 14
16 20 34
18 21 33
15 19 36
16 19 33
3 5 15
13 17 51
12 15 42
2 6 4
9 12 11
0 3 33
20 0 21
2 5 40
14 17 36
12 14 31
18 22 40
13 16 43
14 18 20
23 2 17
10 12 47
8 11 29
7 10 2
22 0 35
19 23 35
14 14 21
2 4 40
2 6 56
18 22 44
0 2 54
20 23 39
20 0 33
18 22 25
11 14 32
14 16 19
3 7 55
11 13 50
7 11 52
1 4 18
3 5 1
21 0 7
20 1 32
7 10 53
23 4 50
8 12 44
22 0 18
23 0 45
11 13 29
7 10 14
23 1 36
11 14 38
7 10 45
22 0 47
12 13 2
5 8 23
20 0 16
8 10 51
7 11 9
12 15 39
13 16 12
20 23 12
9 14 44
3 4 12
9 10 25
18 20 54
8 10 53
16 19 36
4 7 20
13 17 22
1 2 38
15 18 30
4 7 26
1 6 52
19 23 42
10 13 25
12 15 51
10 13 30
19 21 42
12 16 29
17 21 39
11 13 30
3 6 49
12 16 15
20 23 48
3 6 15
12 13 34
11 13 31
20 0 2
5 9 23
21 1 3
10 14 11
14 17 29
4 7 15
10 13 49
6 9 45
15 18 46
16 20 22
10 12 2
20 0 16
8 12 43
17 20 9
19 22 37
10 14 43
7 11 24
19 22 19
20 22 46
6 9 3
14 17 10
0 3 16
0 3 53
23 3 26
1 5 40
18 19 24
9 12 27
14 17 56
2 5 47
3 6 41
11 14 56
3 7 31
19 23 30
12 15 48
12 14 51
15 17 19
3 5 35
7 11 33
15 18 15
9 13 33
12 13 22
23 2 20
9 12 48
12 15 35
8 13 43
18 21 25
14 18 42
12 16 1
0 3 3
14 17 10
6 11 11
4 7 33
9 11 7
19 22 40
18 21 34
4 7 28
6 9 40
13 15 31
15 19 33
20 23 46
15 18 56
0 5 2
8 10 48
7 9 32
3 6 52
5 6 18
10 14 52
19 22 54
14 15 10
23 3 2
11 13 33
6 11 48
3 6 43
18 21 26
0 3 1
3 6 36
17 22 44
11 13 16
22 1 47
1 6 25
22 23 22
3 6 5
14 19 44
21 2 55
23 3 41
22 1 17
9 12 46
12 17 1
7 11 28
0 3 9
10 14 53
8 11 41
12 16 51
13 17 56
8 11 34
23 2 12
12 13 53
14 17 3
11 13 22
7 9 23
19 22 10
4 7 3
19 21 49
4 6 19
14 17 27
1 4 32
12 13 45
10 15 13
13 15 32
20 21 17
3 6 56
6 8 50
13 17 24
8 11 8
9 11 52
12 14 44
6 11 51
0 2 24
15 20 53
11 15 8
19 21 18
21 23 26
15 18 24
1 6 9
10 11 8
17 18 5
16 19 41
0 1 48
17 20 9
21 2 29
9 13 7
9 11 9
12 15 3
15 17 19
16 17 37
21 23 16
15 18 24
1 3 36
20 23 39
11 14 20
17 23 3
13 15 19
23 2 4
23 1 48
15 19 26
15 19 23
10 12 26
22 1 37
9 13 53
11 16 41
3 5 55
0 4 40
1 4 37
19 23 14
17 20 27
21 0 5
14 18 26
20 22 3
2 6 34
13 15 26
6 8 48
22 1 18
16 19 1
14 20 18
2 6 55
21 23 8
10 14 28
4 7 44
13 17 12
14 16 55
19 22 27
19 23 14
2 4 3
15 18 18
1 5 6
19 22 12
7 9 3
12 14 24
19 22 37
23 1 37
7 10 24
19 22 20
23 3 30
21 1 45
21 1 2
19 22 3
16 18 38
19 23 13
14 16 40
19 21 43
2 4 16
13 16 30
15 19 43
17 20 31
12 16 23
12 15 29
17 20 56
4 8 19
18 20 6
2 4 54
1 4 4
13 15 39
15 19 43
21 22 26
1 4 36
9 13 18
18 22 17
6 9 21
17 21 15
15 18 12
18 22 39
17 21 2
20 22 28
6 10 20
6 6 39
13 15 7
3 8 17
10 13 44
1 4 34
20 21 26
14 18 25
3 5 36
9 11 30
6 8 17
6 8 40
18 20 33
9 13 15
23 3 43
5 6 29
14 17 56
23 4 30
18 21 25
11 14 23
4 8 46
11 13 17
5 7 10
9 12 1
19 23 27
4 8 4
21 23 24
18 23 12
11 13 11
8 10 39
12 15 12
1 3 49
6 9 30
0 3 7
15 18 46
14 18 39
7 10 52
2 7 39
22 0 11
2 5 37
22 1 21
14 16 24
13 16 18
4 8 46
3 8 52
2 5 40
23 2 56
0 4 20
18 21 39
14 18 37
1 4 9
11 15 47
20 0 40
11 15 8
9 12 56
8 13 42
21 1 24
22 1 17
9 11 34
10 15 15
18 21 52
23 4 42
14 19 52
6 9 22
6 8 27
15 17 24
21 0 24
0 5 36
23 2 22
22 23 3
14 18 53
8 12 53
23 2 52
23 3 49
6 8 23
14 15 12
16 21 52
10 13 33
5 6 14
14 19 32
11 16 54
13 17 40
0 3 12
22 2 26
21 23 11
17 19 7
19 21 27
20 23 42
16 16 30
6 9 13
2 4 8
8 10 19
11 15 27
23 1 9
13 16 3
3 6 27
17 21 37
6 11 10
2 4 2
15 18 47
2 6 8
1 4 30
6 10 45
18 21 33
2 4 18
0 2 2
0 6 40
21 23 56
12 16 50
10 14 6
1 4 9
23 3 17
18 20 38
19 22 38
18 22 17
4 8 42
12 15 3
5 8 16
13 17 39
13 17 46
3 6 13
18 21 48
17 20 14
23 1 41
21 22 15
19 23 41
21 0 50
12 15 35
8 11 6
7 9 56
9 13 45
5 9 35
17 20 49
22 1 27
17 19 30
23 2 10
5 7 13
8 11 20
0 3 39
18 21 40
8 12 52
10 12 7
12 15 49
22 2 28
3 7 22
0 5 46
21 23 15
20 0 52
19 21 3
9 11 8
23 3 41
21 0 55
17 21 32
2 5 43
23 2 56
22 0 44
16 20 1
12 15 14
20 23 13
6 9 7
21 0 26
1 5 12
15 17 44
16 19 6
3 5 36
15 17 32
4 8 7
0 4 29
6 7 6
14 19 23
3 7 24
21 0 14
18 22 14
0 3 20
18 23 20
15 20 27
0 4 36
18 22 36
6 10 43
14 19 12
19 22 53
11 14 8
19 22 44
6 10 55
22 1 47
17 19 35
8 10 9
18 21 21
1 4 6
8 11 19
19 21 37
10 13 26
16 18 30
19 21 39
3 6 15
0 3 18
6 9 30
2 4 42
13 17 29
16 19 3
16 18 33
6 9 4
3 8 15
13 18 21
5 9 27
18 22 41
15 19 9
5 8 43
17 20 26
4 6 38
18 21 18
1 4 1
12 15 38
22 0 43
20 21 18
8 11 11
0 3 25
14 16 45
18 20 39
12 16 21
19 22 24
4 8 27
4 7 25
23 0 15
2 6 7
19 21 33
19 23 26
10 12 31
19 23 20
8 11 39
0 3 11
22 1 53
0 4 22
22 2 10
3 5 20
13 16 16
1 3 32
3 7 52
10 13 41
13 17 42
22 2 8
1 5 34
16 19 12
7 11 37
6 7 49
7 12 17
19 22 53
2 5 28
14 18 12
18 21 42
19 23 13
5 8 31
1 5 30
8 10 3
18 20 51
2 5 18
6 10 32
17 21 36
23 3 43
22 1 27
22 1 4
19 23 40
12 16 38
22 1 10
12 14 40
7 9 47
6 11 36
16 17 52
15 17 2
17 19 29
20 23 33
1 2 24
18 22 43
4 7 9
5 8 3
2 4 8
5 6 21
18 22 22
21 22 22
6 11 32
4 7 38
4 6 20
23 3 30
22 1 20
16 18 5
7 10 42
17 21 35
6 8 9
4 8 3
2 5 12
18 21 27
7 10 4
12 15 51
9 12 39
16 19 43
8 11 40
16 18 10
10 13 31
7 12 23
11 15 36
16 18 17
17 20 3
7 11 3
1 4 13
10 14 50
22 1 46
9 12 29
18 22 22
15 18 21
15 19 44
21 1 13
18 22 40
5 7 13
18 20 34
21 23 12
19 21 2
22 2 12
22 1 46
20 22 55
18 20 43
9 11 29
2 2 50
16 17 28
1 5 1
16 19 6
21 22 25
8 12 45
15 17 26
10 11 55
22 2 38
18 20 17
12 16 39
18 19 11
8 11 46
8 11 6
19 21 1
9 11 27
22 1 54
23 3 12
2 4 10
22 4 13
21 2 27
6 10 13
14 17 40
12 14 56
11 15 3
4 8 10
3 7 9
6 8 20
11 13 38
3 8 44
10 12 32
13 19 18
12 15 31
8 11 43
22 2 51
21 22 8
13 14 40
4 7 19
23 0 27
0 3 55
14 16 40
14 17 17
6 9 50
8 12 4
21 0 10
7 9 46
23 3 55
15 20 8
22 1 43
20 23 26
13 17 40
11 14 1
18 20 13
12 14 17
17 20 42
1 5 3
16 19 36
13 17 47
22 1 29
23 1 20
8 10 51
19 23 25
22 1 12
14 16 48
1 3 29
6 9 53
13 17 8
0 3 44
5 8 21
11 13 34
23 2 19
16 18 18
12 14 55
13 18 41
9 12 33
3 8 33
19 20 28
14 15 51
19 20 44
22 0 28
14 16 6
19 21 43
11 15 5
17 18 52
5 8 22
9 13 27
16 18 19
23 1 1
10 13 14
15 17 51
23 2 49
21 0 25
15 19 34
15 19 16
1 3 33
6 8 6
8 11 18
22 1 52
3 6 25
23 3 34
15 18 43
6 11 11
23 1 51
20 22 2
1 5 39
12 16 21
15 18 22
20 23 33
21 0 43
8 11 42
14 18 39
0 4 11
1 3 7
22 1 2
5 8 44
22 0 46
13 14 5
16 18 34
1 4 34
4 7 45
12 14 31
10 12 40
4 8 4
21 3 55
13 15 4
8 11 42
16 19 47
17 20 34
19 23 43
16 18 5
6 9 38
5 6 26
0 4 47
5 8 3
6 9 21
13 16 41
5 8 29
2 5 18
13 15 33
12 14 44
13 15 8
18 22 2
12 16 23
14 16 45
7 10 25
19 23 49
3 4 15
10 14 40
2 3 21
13 16 55
8 11 51
14 15 24
2 6 8
20 21 51
23 3 41
1 4 8
19 21 32
20 0 51
21 0 1
18 21 17
3 6 18
17 18 25
22 0 50
21 0 39
11 15 9
14 17 27
5 8 39
10 13 53
10 13 5
17 21 12
0 2 16
2 4 31
3 6 52
16 17 47
18 19 23
6 8 49
8 12 40
3 7 27
20 22 10
8 11 25
9 12 52
8 11 29
4 8 21
2 4 33
4 9 6
21 0 54
17 20 23
12 14 14
10 14 36
11 13 3
16 19 38
17 20 8
22 1 56
10 13 29
17 21 34
2 6 53
4 7 5
14 16 56
15 17 17
10 13 13
7 10 20
2 6 9
16 21 51
12 15 27
14 17 22
5 8 29
10 14 56
4 7 47
14 18 14
4 9 46
17 19 37
11 13 54
8 9 11
4 7 16
5 9 2
18 22 29
21 0 43
23 2 11
3 6 40
19 0 56
8 12 12
21 23 18
13 15 54
8 11 53
2 4 5
15 17 33
17 21 5
17 20 42
5 7 54
6 9 9
14 17 45
0 3 42
14 17 22
9 11 26
2 4 8
11 14 35
5 8 14
5 9 34
13 16 9
16 19 27
17 21 1
3 8 18
17 19 27
1 5 50
6 11 36
10 13 23
7 9 53
17 19 43
10 12 36
1 4 3
0 4 18
7 10 29
7 9 26
14 18 31
20 0 35
7 12 12
21 23 23
20 23 56
9 13 11
23 1 50
14 17 41
10 13 17
18 21 23
15 19 20
7 11 53
19 22 47
15 18 43
5 7 31
7 9 2
19 22 55
2 5 14
12 15 19
6 8 49
10 12 20
19 23 10
23 1 52
5 8 35
23 2 56
10 13 2
0 5 52
11 14 55
7 11 31
19 23 17
10 12 17
19 22 27
4 7 30
11 13 48
8 12 36
22 1 28
15 17 15
11 14 36
22 3 19
11 13 45
1 5 56
9 11 36
13 17 20
20 23 11
0 4 12
17 20 32
15 17 19
7 9 38
22 1 38
15 20 45
14 17 19
22 2 13
0 3 18
8 11 37
7 10 10
7 10 45
15 19 16
9 12 42
7 10 17
0 2 33
9 13 27
11 14 52
15 16 44
18 21 8
21 0 8
