1000 87
50 59 49 85 76 84 59 77 34 46 85 85 35 52 77 53 80 47 49 56 15 61 30 34 51 5 57 31 39 19 14 61 66 84 26 61 80 77 48 67 48 25 2 47 71 49 57 87 74 16 60 80 82 72 3 63 39 76 84 63 38 25 51 40 72 37 28 59 45 37 8 22 5 12 51 69 67 47 80 42 84 75 29 19 42 10 5 
19 21 43
21 1 85
14 15 28
18 21 2
19 22 35
5 8 75
8 11 67
9 11 76
1 4 62
7 11 21
2 4 85
18 0 28
12 14 86
2 7 28
2 3 32
10 15 4
15 18 47
8 11 37
22 2 50
4 8 3
10 12 26
6 9 38
6 11 41
18 20 83
1 4 20
14 18 61
14 16 61
20 22 86
8 11 85
0 1 48
6 10 61
7 10 5
12 15 80
11 13 87
18 23 82
2 6 35
4 7 77
23 2 37
7 9 33
21 1 12
4 8 12
16 19 27
13 17 10
18 23 56
11 12 71
21 0 31
12 14 45
15 18 63
11 16 20
20 0 79
3 6 43
14 17 86
3 7 39
14 19 2
20 0 81
0 3 68
3 6 57
14 16 65
6 9 63
17 20 77
10 13 23
8 11 38
3 6 44
9 13 41
15 17 23
23 1 70
2 6 38
18 20 47
6 7 47
1 5 31
3 5 59
3 5 74
11 12 10
6 9 78
20 23 50
10 12 67
5 8 14
22 1 51
1 4 72
21 2 68
22 2 82
0 3 29
10 10 48
19 23 58
23 1 3
17 19 80
1 4 57
10 13 12
0 4 75
6 10 43
7 9 79
9 12 32
13 15 36
10 15 6
15 18 3
4 6 10
19 23 24
4 8 1
3 6 72
15 18 57
18 21 66
18 20 18
21 22 72
17 19 71
23 3 7
17 19 18
10 12 7
5 8 5
9 12 62
18 20 20
11 12 16
21 1 35
19 22 37
7 10 33
4 9 81
16 19 55
19 22 68
16 19 34
20 22 59
16 20 59
1 4 2
14 19 59
11 13 38
14 16 36
7 10 14
16 19 17
20 21 17
23 2 54
5 7 62
1 4 8
13 17 53
15 19 21
2 5 21
18 21 51
16 19 5
5 8 75
10 13 82
11 14 10
15 16 27
11 14 44
21 0 66
3 6 28
14 15 60
22 0 8
8 13 32
19 23 14
16 19 65
23 2 69
0 3 10
9 11 49
11 15 15
1 3 7
14 17 54
8 11 70
9 11 44
3 7 80
15 19 62
23 2 80
22 1 43
20 0 8
11 15 73
12 14 1
6 9 22
6 11 85
10 14 87
9 12 85
4 8 59
3 5 69
17 22 65
10 14 50
11 14 29
18 19 74
7 11 11
11 12 12
11 13 46
10 13 76
17 20 50
2 6 20
21 0 45
2 5 61
5 8 81
11 13 70
5 8 82
15 18 76
16 19 72
9 11 8
3 8 58
9 11 83
9 12 14
18 22 4
0 4 57
19 22 14
18 22 78
21 0 27
7 10 17
10 13 53
12 14 27
16 19 50
18 20 23
15 16 57
13 16 12
6 9 17
1 5 25
22 4 58
14 18 34
21 23 54
2 6 60
17 20 25
20 22 69
17 21 55
22 1 50
21 23 18
23 2 4
7 10 13
6 10 78
8 10 30
2 5 20
9 10 23
18 23 63
19 0 78
17 21 6
10 13 24
0 3 43
1 4 25
10 14 78
11 13 3
13 15 59
7 9 69
19 21 13
10 12 47
5 9 64
22 1 54
3 6 9
16 18 50
15 17 37
18 20 10
18 20 62
21 22 11
10 12 58
8 10 8
11 15 5
14 18 35
22 2 65
21 1 31
11 13 25
20 22 65
3 7 26
11 15 57
8 12 64
4 8 66
19 21 3
16 20 53
6 9 17
23 3 75
6 8 59
0 3 22
11 14 32
3 6 64
3 6 1
21 0 57
21 0 84
7 9 23
19 22 5
10 13 2
2 5 67
17 20 48
15 20 8
9 13 60
8 12 25
21 22 57
12 16 2
10 16 21
7 10 78
4 6 68
12 14 23
21 2 70
5 9 17
18 21 63
2 5 15
3 5 38
16 19 35
16 17 77
18 22 2
10 13 32
0 2 61
14 16 13
19 0 36
3 6 21
12 15 60
23 3 59
8 12 84
20 23 35
11 14 31
2 4 2
9 11 9
11 14 21
10 13 7
15 17 50
15 19 33
12 15 26
19 21 49
17 19 21
0 3 3
5 8 77
5 8 78
13 16 84
0 3 87
6 7 9
4 7 74
6 10 72
0 4 73
1 4 78
2 6 38
18 20 1
8 11 7
20 23 11
20 21 2
0 3 79
19 23 60
12 15 2
1 5 66
3 4 56
1 4 4
20 0 21
22 23 78
7 10 38
7 10 9
5 10 87
2 6 32
12 15 49
15 17 7
17 20 52
16 19 53
6 9 34
14 17 48
16 18 35
5 8 16
5 8 7
21 1 85
7 9 43
5 7 74
23 4 66
17 22 37
0 4 49
11 13 61
5 10 41
7 8 79
14 16 10
12 15 43
8 10 52
23 2 28
5 9 67
9 13 10
14 16 61
14 18 56
13 15 7
2 5 28
1 2 18
15 18 30
13 17 26
11 13 53
11 15 85
12 16 56
17 20 13
0 1 23
0 4 40
12 14 29
1 3 29
13 14 20
9 12 15
5 8 2
19 23 37
14 17 56
1 5 13
3 7 5
9 12 59
7 10 58
22 1 53
23 1 75
6 9 2
23 3 1
20 1 11
4 5 4
16 19 39
23 3 34
1 3 60
11 14 4
16 20 2
20 22 75
4 6 47
8 12 21
4 6 76
14 17 26
12 16 58
9 14 28
10 11 7
23 2 60
13 14 48
16 19 50
9 13 71
19 20 4
9 11 72
2 5 28
4 7 30
16 19 45
17 20 87
12 14 46
2 7 5
14 18 45
4 8 3
9 12 61
17 22 46
15 18 36
4 9 48
8 9 30
21 23 43
9 10 44
4 7 37
8 11 51
8 11 63
4 6 76
21 1 57
13 18 66
8 12 39
18 20 32
10 13 81
10 13 74
6 9 11
12 16 16
20 21 42
13 15 76
14 16 7
19 22 48
13 15 73
19 22 74
9 12 67
2 6 57
14 17 76
3 6 10
17 20 81
10 13 46
4 6 65
20 23 42
13 16 84
1 5 67
15 17 71
15 17 4
21 1 72
20 0 53
23 3 11
14 14 45
17 20 37
6 9 53
14 17 81
0 5 72
22 0 85
10 12 14
2 3 5
15 17 36
7 10 56
5 8 54
7 11 59
19 22 39
18 21 27
6 8 72
20 0 58
20 0 69
15 17 20
19 22 58
0 4 38
13 13 24
23 1 61
20 22 71
20 22 38
16 19 61
9 13 7
1 4 7
19 23 13
5 7 56
10 13 59
13 16 67
7 10 80
8 11 76
0 4 86
10 13 71
7 10 31
13 14 29
9 11 53
2 7 85
5 8 20
1 5 13
21 0 35
17 19 59
5 9 5
10 13 19
2 5 35
20 1 71
19 23 55
0 4 71
3 6 31
0 2 4
1 5 68
20 23 31
11 15 37
4 7 23
12 15 52
16 18 53
5 7 46
18 21 31
22 0 32
21 1 68
22 1 18
19 23 70
17 22 32
8 11 6
6 7 47
0 3 55
19 23 22
11 14 78
17 20 57
2 4 44
13 15 23
23 1 79
19 21 31
8 12 47
8 11 30
0 3 35
13 14 34
19 23 12
23 1 22
16 20 31
9 12 53
6 10 33
7 8 40
17 21 15
21 23 45
12 15 17
4 9 15
0 2 77
20 22 87
16 19 18
4 5 16
19 21 86
23 3 75
22 1 72
23 1 19
7 8 37
17 21 20
3 8 39
6 10 12
12 15 68
14 17 2
0 3 64
19 20 28
12 14 33
7 10 6
10 11 80
13 15 23
8 11 22
1 3 78
14 19 34
10 11 34
21 22 60
10 14 26
20 23 11
2 6 56
10 13 22
2 5 59
10 13 20
4 9 85
9 12 51
2 5 43
14 19 80
9 14 68
9 10 29
5 9 40
16 20 43
15 17 69
22 1 46
5 8 33
0 4 18
18 21 56
9 11 47
23 2 62
4 6 38
22 0 15
23 3 53
14 17 63
10 12 23
4 6 30
1 3 30
10 13 41
3 6 31
16 18 27
2 6 58
9 11 52
15 18 34
7 9 87
6 9 12
1 4 61
5 9 35
21 23 37
10 14 22
15 20 34
14 18 39
14 18 46
19 21 9
0 1 2
10 13 23
12 14 14
9 12 30
19 21 74
12 14 59
4 7 13
7 9 62
19 21 61
22 1 84
10 14 39
7 11 56
7 10 31
20 23 59
9 12 54
9 14 82
14 15 46
5 7 30
18 22 56
5 9 78
2 6 22
10 13 17
0 3 85
9 11 8
14 20 18
21 0 18
7 10 55
6 9 80
21 0 62
16 20 7
15 20 41
18 21 32
17 23 77
1 4 13
15 20 38
12 16 40
0 5 55
9 12 81
6 8 50
21 0 65
0 2 66
15 16 16
5 7 59
17 20 55
1 3 7
21 2 46
11 14 78
16 18 67
2 5 70
13 16 22
4 4 65
11 16 10
7 13 36
7 9 69
13 16 48
3 7 58
20 0 60
21 23 69
1 4 24
20 23 86
12 14 37
12 16 46
10 14 58
23 2 51
14 17 70
16 18 69
21 0 44
17 20 70
4 7 76
11 13 52
3 6 63
22 23 46
14 17 45
5 7 85
1 5 55
6 9 35
16 20 70
22 1 50
8 10 18
9 11 52
8 11 39
2 3 80
19 23 28
19 21 71
9 13 64
23 2 66
5 10 85
1 6 15
7 12 12
20 0 24
11 13 23
12 17 63
21 1 57
7 11 59
15 17 82
18 22 85
19 21 32
18 20 1
19 21 3
14 18 57
12 15 2
13 15 8
12 14 18
18 21 77
19 22 17
1 5 40
4 6 56
16 18 41
6 9 73
9 12 23
2 5 49
7 11 77
23 1 81
11 15 1
10 11 6
17 21 30
5 10 66
10 13 63
1 3 86
23 0 24
19 20 65
7 10 82
11 13 30
9 10 39
9 12 16
21 0 9
3 6 75
17 21 55
6 8 59
0 2 62
11 14 16
9 14 86
21 1 80
11 12 25
11 15 75
3 6 27
2 4 62
16 18 3
11 14 5
8 10 87
20 23 17
17 20 63
13 16 25
16 20 73
19 0 36
23 1 4
1 6 13
13 16 25
7 9 23
1 4 38
19 22 74
5 8 11
14 18 25
0 0 18
13 17 38
12 14 37
8 12 5
10 13 22
7 11 57
5 9 22
0 2 54
15 17 66
18 20 14
23 2 67
19 23 72
9 14 27
18 20 41
15 18 19
16 19 82
13 15 39
23 3 1
8 12 2
18 20 33
9 12 71
0 4 6
21 0 1
8 12 78
15 19 22
5 9 51
10 13 73
1 3 8
5 9 76
8 11 1
11 13 45
2 4 74
23 4 74
18 21 75
22 0 32
7 9 12
11 16 84
5 7 38
20 0 48
1 5 81
14 18 57
16 20 39
20 23 52
10 14 41
12 15 72
1 3 64
7 11 50
7 10 61
3 6 46
0 3 69
0 4 82
11 11 49
9 13 60
12 15 58
1 6 35
0 6 72
16 19 2
9 12 23
12 16 69
0 2 47
14 17 53
22 1 58
21 0 81
2 4 58
16 20 56
16 19 82
5 8 86
5 7 35
15 16 63
20 22 40
12 15 11
16 21 11
20 0 16
14 19 7
18 23 7
18 22 39
2 3 75
5 9 73
10 12 59
8 10 14
3 7 11
2 5 55
4 7 27
18 21 74
17 19 50
3 5 24
8 10 53
3 5 72
11 12 49
13 17 86
19 21 34
7 10 86
2 6 10
12 15 45
23 3 12
9 12 35
6 8 6
5 9 71
6 9 2
11 15 66
13 16 50
14 17 86
4 7 79
10 11 48
17 19 25
20 23 31
16 20 82
12 15 37
7 10 57
17 21 68
6 7 40
1 4 20
11 13 59
13 17 82
11 14 32
16 18 77
11 15 14
4 6 41
5 7 61
2 6 66
17 21 45
13 16 41
13 16 39
9 13 66
16 20 19
9 12 59
2 4 29
17 19 54
18 20 19
21 22 83
5 6 45
20 23 62
22 2 77
5 8 79
22 23 86
16 18 18
22 1 45
10 13 44
2 5 8
7 10 14
8 11 5
11 13 19
19 21 32
16 21 21
5 8 2
11 14 9
10 12 81
5 9 17
18 22 66
12 15 18
17 19 55
5 8 10
17 20 74
13 16 15
6 10 72
23 1 4
13 16 21
12 16 47
22 1 19
5 8 35
7 10 33
18 20 33
12 14 10
8 12 6
16 19 47
22 1 62
22 2 15
11 15 77
4 8 70
3 4 29
22 1 13
15 17 21
14 17 38
8 11 32
6 9 14
14 15 79
0 3 28
11 14 12
14 17 36
22 0 12
8 11 86
16 21 2
12 16 78
18 21 29
19 22 68
19 22 6
12 14 20
23 1 61
1 4 83
10 14 53
4 7 2
5 9 60
20 23 40
5 9 6
2 5 24
17 20 25
15 18 84
21 23 52
1 5 71
3 6 79
21 23 23
13 17 52
10 13 31
6 10 35
5 9 50
17 18 36
16 20 19
14 16 3
19 23 43
5 8 10
20 23 41
2 4 57
20 0 22
22 1 63
16 19 36
18 22 73
12 15 58
15 19 56
0 4 41
0 4 77
23 23 54
17 21 79
7 11 55
21 1 74
4 8 69
20 22 16
9 12 45
3 6 60
7 11 1
4 6 34
4 6 9
22 0 68
9 13 44
12 15 59
3 7 35
19 21 77
9 12 68
12 15 62
9 10 52
19 20 80
