1000 43
24 38 11 33 2 27 24 6 19 12 30 14 31 36 41 27 35 23 18 26 27 16 7 16 2 36 39 14 22 7 10 40 28 18 36 23 7 40 15 32 25 27 9 
8 13 12
5 8 38
22 23 41
13 18 36
6 9 14
20 22 4
15 17 35
19 23 4
1 3 23
0 4 16
9 14 10
18 20 26
13 15 37
7 9 24
12 14 7
22 23 17
21 23 19
6 9 30
11 15 35
6 7 25
20 23 34
19 0 15
5 8 22
10 12 35
10 12 32
22 2 3
23 3 38
5 7 15
10 13 23
8 13 25
1 6 35
13 18 12
8 10 41
14 18 25
16 19 31
11 12 34
6 8 25
8 11 28
10 11 9
5 8 2
19 22 9
20 0 29
18 21 7
9 13 7
16 18 35
13 16 30
5 8 11
5 8 26
10 14 24
7 9 40
15 18 22
11 16 34
19 22 24
9 11 6
20 0 30
14 18 14
5 7 16
14 18 16
13 17 17
14 17 35
10 11 13
19 23 43
17 20 29
3 4 33
3 5 26
5 7 28
21 1 21
11 13 13
8 11 28
19 22 12
4 6 13
1 4 24
12 16 26
17 21 39
13 15 22
14 17 16
17 21 6
6 9 33
17 20 43
0 4 2
11 14 38
1 5 36
13 15 10
8 11 20
13 18 26
1 4 14
10 13 37
22 1 25
12 16 5
22 2 1
13 16 14
19 21 41
2 5 41
6 9 15
12 14 19
1 3 27
18 21 1
18 22 43
20 23 1
1 6 28
22 0 3
9 11 13
7 8 2
11 16 13
11 16 27
0 2 38
5 8 18
20 22 7
17 19 9
6 8 8
5 7 38
10 13 30
7 9 19
18 20 36
6 9 6
22 0 41
14 17 17
1 3 8
16 21 5
10 13 12
10 14 25
16 20 34
9 12 2
12 14 26
0 3 36
6 10 24
10 13 25
4 8 16
17 19 37
9 12 32
19 21 4
13 15 36
17 20 20
16 19 9
3 6 15
16 21 36
7 9 21
20 22 3
12 17 5
11 14 40
3 6 7
8 13 36
9 12 36
15 18 17
15 19 5
4 7 2
17 22 28
4 8 15
17 22 4
19 23 43
20 21 18
14 17 30
19 23 34
16 19 13
4 7 1
18 20 3
3 7 36
14 17 1
18 20 38
22 1 38
3 6 26
11 14 18
22 3 20
6 10 21
0 3 16
5 7 3
19 20 18
23 2 8
13 16 20
17 23 24
4 8 9
22 2 39
4 6 14
15 18 23
22 1 23
13 17 27
0 2 38
3 8 17
22 0 28
20 22 27
23 3 20
8 12 37
15 19 33
10 15 16
21 23 30
17 20 40
17 20 2
22 1 41
12 15 10
2 6 18
21 1 20
0 4 22
0 3 40
17 20 36
17 19 2
5 6 7
20 0 12
18 20 11
2 5 22
15 17 5
12 16 35
12 15 8
19 0 20
21 0 21
7 11 1
19 20 39
17 19 24
3 6 11
5 8 31
16 19 41
0 2 22
15 18 27
19 23 26
15 19 18
17 19 14
10 14 27
8 12 40
9 13 2
21 23 27
4 6 27
8 11 29
20 22 3
8 10 15
2 6 10
21 23 43
18 20 23
17 20 43
10 12 3
5 9 15
8 10 6
20 23 13
1 3 32
2 6 3
12 16 25
7 11 36
0 3 5
20 0 39
23 1 11
18 21 7
0 2 7
14 16 29
18 20 27
5 8 8
3 5 17
0 3 12
17 20 6
17 21 34
7 10 1
19 21 26
2 5 8
5 9 2
18 22 25
11 15 18
19 20 27
14 19 16
16 18 7
15 17 35
6 10 1
6 10 14
11 14 3
10 12 26
3 5 22
13 15 4
7 10 11
15 20 1
18 20 39
10 11 24
20 23 11
9 12 17
13 17 5
21 0 15
8 11 7
15 17 25
5 8 7
5 9 42
18 20 27
18 20 43
21 22 16
21 23 3
5 6 41
22 1 23
13 16 28
2 5 18
4 6 29
2 5 41
13 16 25
6 10 30
2 5 37
18 19 17
0 4 9
4 7 19
14 17 40
15 17 31
15 19 12
4 7 43
12 15 17
13 17 5
3 6 20
7 9 25
10 14 23
11 14 30
21 2 5
15 18 34
9 13 28
17 21 38
8 11 39
4 7 18
14 17 3
17 20 10
15 19 3
23 2 10
13 18 34
11 14 22
3 4 37
12 15 20
4 7 7
23 4 18
12 17 11
18 20 39
23 3 6
6 12 27
19 23 13
19 21 18
17 21 25
11 15 34
8 11 28
11 14 14
6 9 39
17 19 42
6 9 9
19 23 19
8 10 22
1 3 9
0 5 32
0 4 31
7 11 9
3 6 10
5 9 8
9 11 41
10 13 8
23 2 19
13 17 2
10 14 40
3 6 26
15 17 17
4 8 34
16 21 12
3 5 9
7 9 1
8 12 9
15 18 41
0 3 38
10 13 34
16 18 18
4 8 16
15 19 15
18 21 13
10 12 19
22 0 36
0 3 25
10 14 4
12 14 16
17 20 13
3 6 13
0 2 14
17 19 12
16 19 32
16 19 23
12 15 14
17 20 1
22 2 38
12 17 33
11 14 16
16 19 19
9 11 16
7 9 18
16 19 28
0 4 23
7 10 33
15 19 16
10 13 28
2 4 34
5 9 21
17 21 7
19 22 25
1 3 37
17 22 35
13 16 7
22 1 2
6 8 6
9 13 23
9 13 12
15 18 25
1 5 19
12 15 14
15 17 21
23 3 21
11 14 23
9 12 16
12 14 41
21 0 23
13 17 12
7 9 31
9 12 20
4 6 1
9 13 19
8 11 18
13 15 23
6 8 34
19 22 40
15 17 22
13 14 11
14 17 15
12 15 17
17 22 22
20 1 42
8 12 21
14 17 31
16 18 27
0 5 40
12 15 36
23 3 29
11 14 40
9 13 34
11 15 27
11 14 40
22 3 27
15 18 34
4 7 13
17 20 27
21 0 14
15 17 6
11 13 32
6 10 23
12 15 11
22 0 10
2 5 26
18 22 10
9 11 42
17 19 27
20 21 20
4 8 38
16 19 27
16 19 22
21 23 2
13 18 41
16 18 22
15 20 1
18 22 42
2 5 29
1 4 32
8 14 28
23 1 7
3 7 20
17 20 37
17 19 3
22 0 38
12 16 6
12 14 13
11 15 43
3 4 13
12 15 43
22 2 8
6 10 27
7 10 22
7 11 41
1 4 7
8 11 35
1 5 11
17 19 22
21 1 22
0 5 36
13 15 15
15 18 30
11 15 27
6 9 43
12 15 43
20 23 31
7 11 33
9 12 30
0 3 39
0 3 32
17 20 38
16 18 35
20 1 11
15 17 33
18 21 14
21 23 23
3 8 8
11 14 6
5 9 1
3 8 22
5 8 27
18 22 36
14 17 35
3 6 24
1 2 39
7 10 28
15 18 19
18 20 1
0 3 6
16 21 10
6 11 23
14 16 36
17 18 24
8 12 14
1 3 43
11 14 30
13 17 4
3 5 9
18 23 37
5 8 2
13 16 4
15 18 31
17 22 8
5 7 25
16 21 2
4 8 16
6 8 30
15 17 16
12 16 27
2 4 42
2 7 23
19 23 6
12 13 13
17 22 37
13 15 34
4 7 36
14 17 26
22 0 36
18 22 30
0 3 14
11 16 5
8 13 32
22 0 43
10 15 40
10 14 31
20 0 26
19 22 29
5 8 14
8 10 11
2 6 31
23 1 7
3 6 15
0 2 18
1 4 28
23 2 2
3 6 25
11 12 22
7 9 38
15 19 2
14 19 30
21 0 15
15 17 26
0 4 8
9 10 29
14 17 15
18 23 31
19 22 29
20 23 27
5 8 43
23 3 13
0 4 13
6 8 41
4 6 4
1 4 17
2 4 42
14 18 37
20 1 2
21 2 6
11 14 24
13 15 19
15 17 19
7 10 26
12 15 33
0 3 3
2 4 16
1 2 23
19 0 26
2 6 2
2 4 17
20 23 4
18 22 14
10 12 19
1 4 37
16 19 10
9 14 25
10 13 18
8 11 37
15 17 28
21 0 15
4 7 12
5 8 11
18 21 37
19 0 16
17 20 38
7 11 36
13 16 41
15 17 12
19 21 27
22 0 33
0 3 40
11 15 41
16 21 28
17 21 34
0 2 16
17 19 40
16 19 20
16 20 36
20 0 11
20 22 11
17 20 25
8 13 27
5 7 29
20 0 15
23 2 2
20 0 15
6 8 20
14 17 18
16 20 16
11 14 1
16 20 22
16 19 11
0 4 39
13 16 12
14 18 24
14 15 22
23 4 22
15 17 19
16 20 43
8 11 26
23 4 25
0 3 15
16 17 34
13 17 18
10 12 31
16 20 17
23 1 17
14 17 26
8 11 10
13 17 16
7 8 7
7 10 3
0 2 35
1 6 41
4 7 12
5 9 1
19 22 21
15 18 35
17 19 42
23 2 38
4 8 37
15 18 18
23 2 16
15 17 17
23 2 14
22 1 38
5 7 43
20 23 41
21 0 38
2 5 26
5 8 39
13 15 11
20 23 20
23 2 4
3 7 1
14 16 30
18 20 43
16 18 30
22 23 6
8 12 14
18 21 29
5 9 40
13 15 4
8 12 41
12 16 6
13 16 26
3 6 8
13 14 39
11 14 10
19 23 37
4 6 35
3 5 20
9 11 40
23 1 15
13 17 17
8 10 19
12 15 32
16 19 41
17 19 24
1 3 7
23 2 25
19 22 31
22 0 5
22 2 22
23 2 19
4 8 26
0 5 10
21 23 13
10 12 5
22 0 6
21 0 33
11 15 40
6 8 19
12 14 11
0 4 18
18 19 30
11 15 22
12 15 10
5 8 5
14 17 41
0 2 37
3 5 3
17 21 4
5 7 14
20 23 11
10 14 20
17 20 32
17 19 6
17 20 41
1 4 10
21 0 26
20 22 37
6 8 8
1 3 21
22 2 43
10 14 37
8 10 33
6 8 3
17 19 33
12 16 6
19 23 40
12 14 16
17 21 6
2 5 23
8 11 5
14 18 26
5 10 8
17 20 34
0 4 9
0 4 42
11 13 7
21 1 9
0 4 42
3 6 43
2 6 20
23 1 34
14 18 14
22 1 28
9 11 15
21 23 11
2 3 19
9 13 41
3 7 32
20 23 9
3 4 30
17 21 23
15 18 32
14 18 28
5 9 28
23 1 10
1 3 16
0 2 31
4 7 5
14 17 6
16 19 39
10 13 19
15 19 37
11 14 35
15 18 31
9 12 34
7 10 8
22 1 35
2 5 7
2 5 15
17 20 42
2 4 23
20 23 27
16 20 34
4 6 4
13 14 23
2 6 35
11 14 26
15 19 1
19 22 39
10 13 22
4 7 12
10 11 14
12 15 34
11 14 15
12 16 10
14 18 29
2 4 2
4 6 31
21 1 26
17 22 12
16 20 42
7 12 34
0 5 13
2 5 24
1 3 11
14 18 18
11 16 11
12 16 12
0 2 27
19 23 13
8 12 31
3 7 22
16 21 18
18 23 19
12 15 26
21 1 25
15 17 33
11 13 34
10 13 1
20 23 3
14 16 12
16 18 26
18 22 2
23 2 11
7 9 27
2 5 42
17 20 20
16 18 43
0 3 30
17 19 21
1 4 42
20 22 33
18 21 34
9 12 26
16 19 26
3 4 31
1 5 24
8 12 12
4 7 35
3 5 24
18 22 40
5 9 13
18 20 39
15 19 32
0 2 42
19 21 31
12 12 30
19 23 25
14 15 40
15 19 31
18 21 12
18 20 38
11 14 31
11 13 24
10 12 20
1 4 9
19 22 21
15 17 41
12 16 9
4 7 42
16 19 30
4 7 13
11 15 17
6 9 37
10 13 11
10 15 18
3 6 18
8 11 26
22 3 15
1 4 13
0 3 28
16 19 26
0 4 31
12 15 7
0 1 21
4 6 4
3 5 36
14 19 9
19 21 22
12 15 15
3 7 14
0 3 9
9 13 26
12 16 32
10 13 4
11 15 24
6 7 26
10 14 39
3 5 24
15 19 6
20 23 3
3 5 17
16 19 20
5 7 40
21 23 31
6 9 41
19 22 3
19 23 24
18 22 43
0 2 1
21 1 33
11 13 32
21 1 26
11 12 2
12 14 5
18 22 2
11 14 10
14 16 26
3 4 43
22 1 28
0 3 36
20 22 34
11 13 38
3 6 1
10 13 43
9 12 18
9 12 10
23 2 42
15 19 5
21 23 9
9 11 24
16 19 23
5 8 14
6 10 20
14 16 18
0 3 36
0 4 30
17 20 38
20 23 15
15 20 26
10 11 6
15 17 7
5 8 36
14 18 25
18 23 30
0 4 22
20 0 5
20 22 37
6 8 15
0 4 15
10 13 22
0 4 16
10 14 12
22 0 7
23 2 20
18 21 15
1 3 24
18 22 29
19 21 11
1 4 21
18 20 7
21 1 29
20 0 39
10 12 33
2 6 3
14 18 6
20 0 13
16 17 8
18 21 17
8 10 15
8 10 14
22 3 34
3 5 9
12 14 43
4 7 4
11 13 34
20 0 6
2 6 43
11 15 41
18 21 3
1 6 13
11 14 1
14 17 23
12 15 33
5 8 39
14 17 19
12 14 9
5 7 9
6 9 33
11 13 9
9 13 37
2 5 12
15 19 36
8 10 38
8 10 20
0 2 34
17 19 42
18 21 12
14 16 21
23 2 43
15 19 26
9 12 18
15 17 9
16 21 31
5 8 27
19 21 43
0 2 20
19 21 14
13 17 21
0 3 16
9 12 8
5 8 37
1 2 40
11 15 7
