1000 75
69 31 66 21 41 23 28 28 29 12 71 40 41 73 61 41 35 18 58 50 1 65 20 49 72 10 63 28 24 19 13 1 30 32 41 17 64 25 56 45 29 26 56 71 29 17 20 51 35 60 75 63 33 21 34 21 70 34 31 23 33 39 56 4 22 54 13 16 8 24 36 13 58 23 73 
14 17 4
5 8 26
8 10 15
10 14 43
12 14 9
13 16 66
2 7 62
7 9 47
13 15 42
10 14 65
2 5 73
20 23 66
14 18 74
20 0 13
15 18 7
15 18 63
21 23 62
4 7 5
22 1 9
23 1 9
4 6 12
8 11 46
2 3 36
8 11 22
8 10 36
12 15 23
17 18 72
11 15 63
6 10 11
11 15 7
4 7 34
13 14 60
23 1 48
14 18 15
11 13 68
12 16 29
12 15 1
7 9 1
3 6 62
12 17 32
19 21 49
4 6 69
16 20 44
22 0 53
12 14 16
3 6 15
20 22 72
6 9 61
0 4 25
15 18 63
3 6 66
15 18 48
16 19 74
9 12 63
1 3 54
17 20 39
6 9 18
11 14 71
6 9 43
19 21 6
21 1 65
11 13 30
15 18 18
1 3 63
11 15 17
7 7 28
18 21 71
16 18 41
14 16 58
19 0 14
8 11 21
23 3 11
21 23 71
12 15 45
17 20 40
23 3 46
7 9 56
4 8 73
14 17 2
3 5 9
17 21 39
7 12 29
9 11 49
1 6 67
23 1 45
20 0 20
14 17 13
8 11 40
7 10 1
20 23 7
11 13 71
7 10 37
2 5 5
18 20 38
16 20 23
2 6 55
4 7 73
11 13 1
6 8 35
8 11 21
22 0 6
7 11 24
19 23 31
21 1 65
10 13 71
11 14 8
23 2 72
0 2 68
20 22 38
6 8 35
22 1 37
2 5 15
0 4 1
12 16 18
19 23 70
15 18 54
21 1 15
23 2 75
9 13 5
20 0 34
4 6 14
16 20 33
11 15 64
14 16 48
6 7 44
5 7 46
10 13 40
16 17 47
10 13 19
17 19 17
20 22 12
21 0 44
1 4 14
8 12 33
1 3 30
13 16 12
6 9 73
4 6 41
16 18 11
3 8 57
20 0 22
18 21 42
20 0 59
15 18 53
18 21 44
8 12 21
16 19 35
0 3 17
11 13 4
10 13 68
6 8 32
9 12 57
22 0 66
21 0 31
2 5 21
7 10 49
2 6 70
20 22 63
21 0 33
20 22 9
12 14 71
5 8 66
2 6 72
7 11 75
11 15 72
20 23 3
4 6 25
12 15 3
13 16 33
8 10 45
16 18 66
9 13 21
8 11 42
13 17 11
6 8 17
10 14 60
23 3 59
21 1 66
7 11 64
1 4 54
0 4 48
3 5 60
13 17 6
3 5 35
15 18 60
0 3 69
5 8 23
14 18 52
23 3 65
3 6 26
22 1 61
5 9 43
22 1 62
20 1 66
10 13 6
16 20 61
11 13 64
7 10 14
3 7 52
9 11 69
7 7 57
13 15 62
6 7 66
9 12 8
21 0 9
7 9 69
17 18 12
18 21 15
1 5 19
19 21 40
5 8 22
9 11 73
6 9 53
15 19 72
11 15 8
8 10 35
2 7 61
15 18 29
13 17 27
22 2 9
14 17 50
5 6 34
7 10 43
13 17 36
15 18 7
18 23 5
1 3 49
9 14 54
11 14 35
3 5 4
6 8 43
9 14 38
6 10 38
3 5 54
9 13 15
21 1 70
4 8 49
22 3 22
7 10 75
22 1 4
3 7 44
5 7 30
1 3 7
13 15 29
11 13 51
15 17 58
3 6 16
2 5 3
23 0 23
5 9 16
16 21 13
13 16 63
23 3 61
21 23 47
11 14 60
20 22 43
8 11 3
13 17 10
21 23 64
15 18 10
7 10 37
21 1 40
18 21 33
2 6 23
8 12 40
13 16 34
19 21 9
20 22 2
23 3 41
4 7 29
18 21 33
8 11 58
23 3 3
6 8 23
18 22 27
23 3 13
6 9 70
19 22 57
2 6 23
18 21 6
3 6 51
2 5 49
13 16 36
3 6 24
0 2 22
11 13 31
3 5 10
0 2 68
18 21 51
11 15 58
9 11 15
19 22 62
7 9 69
19 21 70
5 8 59
7 11 10
15 17 67
1 4 21
19 23 68
22 3 10
14 18 26
15 17 53
16 18 5
15 17 49
3 6 37
15 18 19
9 12 37
1 5 32
23 0 7
10 14 31
7 9 30
9 12 15
11 13 31
8 10 65
2 6 51
7 10 9
3 7 2
7 10 13
21 23 68
12 14 9
19 22 68
5 7 14
1 3 60
17 19 66
22 1 20
5 9 66
9 13 63
20 23 33
6 9 61
15 18 43
19 21 63
11 15 24
18 20 4
4 7 43
13 15 35
17 20 69
19 22 60
3 7 33
9 11 19
14 17 31
12 15 31
5 8 57
10 11 54
12 16 71
10 13 24
0 4 69
4 8 34
16 19 56
20 1 51
16 19 28
5 9 72
15 17 1
14 17 2
7 8 56
3 6 34
8 13 29
21 1 43
20 0 20
7 9 38
5 8 8
7 10 16
18 21 40
18 22 17
0 3 21
3 7 53
4 8 25
18 22 59
4 6 38
0 2 53
16 19 58
22 0 9
3 5 36
0 2 24
23 2 36
18 20 75
3 6 22
2 5 45
18 20 63
10 13 62
4 7 67
9 12 13
23 2 25
4 7 4
23 2 28
1 5 2
5 8 64
5 8 9
7 11 19
2 5 61
19 22 17
5 8 63
9 12 23
5 8 72
13 17 49
4 7 39
6 9 8
14 18 6
22 3 67
21 23 57
12 16 45
6 11 34
21 22 11
4 6 17
6 10 37
6 8 67
20 22 6
22 1 42
23 1 41
8 11 5
23 3 26
7 13 3
13 17 8
4 6 65
1 5 15
0 3 49
6 9 9
7 10 21
15 17 31
10 13 27
6 10 32
1 5 45
1 3 28
23 2 74
3 6 15
9 13 37
5 9 2
12 16 42
3 6 67
21 0 48
19 22 48
15 18 56
18 23 52
14 17 61
19 21 41
10 14 70
13 15 54
22 1 71
8 10 48
7 8 15
14 17 60
16 19 30
22 1 60
16 19 32
6 8 56
11 14 22
0 2 32
7 9 44
12 14 54
3 7 70
3 7 29
15 18 74
0 3 42
12 14 41
4 8 70
13 17 16
4 9 42
5 6 36
8 11 8
0 2 1
18 19 26
20 23 15
20 21 27
16 21 69
4 7 69
5 7 20
11 14 69
15 18 74
6 9 56
10 14 30
12 15 37
22 2 30
21 0 38
20 22 32
6 11 18
0 4 9
17 22 57
16 20 38
2 4 74
0 4 27
2 3 6
9 13 25
11 16 49
9 13 39
19 21 54
3 7 49
10 13 25
10 12 32
23 2 44
6 9 71
13 15 60
15 19 33
20 1 12
16 20 18
12 16 60
3 6 43
18 21 6
11 14 15
5 7 23
16 19 44
1 3 46
22 0 12
23 4 54
4 5 1
13 16 49
9 13 33
23 2 4
11 16 28
1 3 17
19 0 72
22 0 41
10 13 11
20 1 19
23 1 67
23 2 7
21 23 50
7 11 51
18 22 39
0 1 3
23 3 3
0 3 18
21 0 33
18 21 69
3 7 60
20 22 6
3 5 20
4 7 13
15 18 15
9 13 72
5 7 11
0 2 56
22 2 23
20 0 13
11 14 58
15 18 2
3 5 65
13 15 59
4 6 7
5 9 19
3 8 20
16 19 68
16 19 18
19 22 74
17 20 67
4 7 62
23 2 55
22 1 51
18 20 11
15 16 65
7 10 39
1 5 62
9 11 20
17 19 1
13 16 66
5 7 75
0 3 63
11 12 2
21 2 56
18 21 53
8 10 63
6 9 71
16 20 44
0 2 66
18 21 46
13 15 11
22 1 38
18 22 67
13 15 50
17 20 34
10 15 8
4 8 32
16 20 21
13 16 63
1 4 57
18 21 41
2 5 20
9 13 69
2 3 7
5 10 26
23 2 40
23 1 55
17 20 49
12 14 6
20 23 58
4 6 67
12 15 63
5 8 25
20 23 62
7 10 17
1 4 35
18 21 11
1 4 25
3 3 5
19 21 10
18 22 67
15 16 51
13 15 29
23 2 34
6 8 62
6 9 35
6 9 28
21 1 5
8 11 17
12 14 10
0 4 5
15 19 2
11 13 4
15 17 4
18 21 24
16 17 72
6 10 71
20 0 71
19 23 9
20 23 20
1 4 23
17 21 35
12 14 50
18 21 11
6 10 25
3 5 35
18 21 74
10 12 41
9 13 27
16 18 26
15 17 18
13 15 19
20 23 8
18 22 14
19 21 32
4 7 66
8 11 22
4 8 12
20 22 4
1 3 3
23 2 22
10 13 68
19 20 16
9 11 31
11 16 15
2 5 8
8 12 31
6 10 4
11 13 70
4 8 9
17 19 23
15 17 26
8 9 71
4 8 27
17 21 18
11 14 5
17 20 68
4 7 33
10 14 36
2 7 67
20 0 73
5 7 61
1 5 60
21 0 12
23 0 46
5 7 23
13 14 60
23 3 50
18 21 62
21 0 73
14 16 48
21 0 40
21 0 34
18 21 52
8 11 51
16 17 69
2 5 13
1 3 43
3 5 6
13 16 35
3 5 26
11 15 11
2 5 21
15 16 58
10 12 17
22 0 47
16 16 35
13 15 67
15 16 34
0 3 18
21 23 62
23 2 35
10 12 36
6 10 1
3 6 41
11 14 57
20 22 48
15 16 11
18 21 17
7 9 62
1 4 63
16 19 35
22 0 72
6 9 62
16 21 8
8 12 34
4 6 65
0 4 45
0 1 52
11 13 68
17 21 7
1 3 4
23 0 13
7 11 32
17 20 75
19 22 1
10 12 11
17 19 40
7 11 23
5 8 57
21 2 47
7 9 45
6 10 75
3 4 10
14 17 28
19 22 22
0 2 59
8 11 63
21 0 57
21 1 24
15 20 24
2 5 47
23 2 10
5 8 35
14 16 66
22 1 53
7 9 38
11 15 73
2 5 46
19 23 38
17 20 23
3 7 27
17 19 31
14 17 42
11 15 70
1 3 75
23 2 55
17 21 63
14 17 72
10 15 2
14 17 71
5 7 2
6 8 49
17 21 26
6 7 30
14 16 72
17 19 36
21 22 6
5 8 48
17 18 47
3 4 64
20 22 71
15 17 70
10 11 22
21 0 33
10 13 71
8 12 20
18 20 9
3 6 4
5 7 66
10 12 29
22 0 36
15 18 36
23 2 26
21 0 47
9 11 17
6 9 6
12 14 70
1 6 38
18 22 27
9 13 2
20 0 59
22 1 2
3 7 40
14 17 32
0 4 6
0 4 46
21 0 45
16 19 19
20 23 63
17 22 42
5 8 28
9 11 10
14 16 63
17 21 41
1 5 37
10 11 23
13 16 33
18 22 9
13 16 72
14 17 20
15 19 67
23 3 74
19 20 39
12 16 2
11 15 24
2 5 20
11 14 52
23 3 46
21 0 25
2 5 64
16 20 4
15 18 10
22 0 62
17 21 25
5 5 5
15 19 46
21 23 13
8 11 58
11 14 74
3 5 51
12 15 41
1 3 36
11 16 56
4 6 64
6 9 72
1 3 70
22 1 9
1 4 68
7 11 58
2 7 4
0 3 48
19 22 39
21 0 14
12 16 14
8 11 69
7 11 73
5 8 49
20 23 17
12 14 52
5 8 53
19 21 61
14 17 54
20 23 63
21 2 53
13 16 41
8 12 70
0 3 25
13 16 52
13 14 24
22 0 12
20 22 33
4 7 66
12 16 34
8 11 70
23 1 13
20 22 5
7 9 21
12 15 71
17 20 29
11 15 32
5 6 38
16 19 45
19 0 30
22 23 22
9 11 64
11 14 58
1 4 42
15 17 53
12 15 53
13 18 28
23 0 28
11 13 57
13 17 73
11 13 37
8 11 72
15 19 36
18 21 46
17 21 66
9 12 15
23 2 14
23 2 44
3 6 53
13 15 9
18 21 3
21 22 66
13 15 69
12 15 11
18 22 74
0 1 72
16 18 4
2 4 57
9 12 34
10 14 11
10 14 62
18 22 2
1 4 15
3 9 41
15 20 59
9 14 32
2 5 4
4 7 39
5 8 50
20 1 7
12 15 18
11 15 34
7 11 55
23 0 7
0 4 58
5 9 8
8 13 32
16 19 37
10 15 24
14 17 37
1 4 49
22 1 51
5 7 4
19 21 32
5 9 52
16 20 49
12 16 69
5 7 70
0 5 5
6 8 1
23 3 39
20 23 62
21 23 72
10 13 75
5 7 39
9 11 34
10 11 34
22 2 73
13 17 38
20 23 28
15 18 46
21 0 20
10 12 37
15 19 15
17 19 33
8 9 24
10 13 74
7 11 4
8 9 36
3 7 75
3 7 36
13 17 63
0 4 70
11 13 54
22 1 56
16 19 17
4 9 31
4 8 27
18 0 30
5 7 59
13 16 20
10 13 4
4 8 36
1 5 70
13 17 25
10 14 71
10 12 71
0 3 75
19 22 13
10 13 59
15 17 19
22 2 74
22 2 42
8 11 66
15 18 26
5 8 68
10 15 71
6 11 53
9 14 54
12 15 58
18 21 59
9 12 35
13 16 63
12 16 47
13 15 54
21 23 21
6 10 34
14 16 60
21 1 60
1 5 52
5 8 30
7 10 71
11 14 73
17 20 1
0 2 49
6 9 24
19 0 9
6 10 8
6 9 46
10 14 36
22 1 44
8 10 51
4 8 38
16 18 32
3 7 25
6 9 44
0 3 64
3 7 26
21 0 65
1 3 10
13 17 48
8 11 6
13 16 48
