1000 65
7 33 26 41 31 10 50 48 60 52 53 28 38 19 51 54 31 33 45 40 14 63 26 65 42 42 17 43 64 49 33 11 23 23 58 12 64 57 56 35 61 15 38 9 45 7 47 4 33 6 41 2 17 49 47 54 54 43 65 45 23 22 18 64 15 
8 11 6
3 6 62
9 10 51
20 23 63
9 14 15
10 14 39
16 20 26
5 8 25
13 17 44
1 4 64
23 1 37
23 1 39
19 20 22
2 5 3
10 12 60
10 16 53
14 18 59
13 16 30
12 16 19
23 2 1
22 2 64
16 18 1
18 22 32
7 9 31
0 2 16
15 19 64
4 6 36
22 0 9
14 17 61
2 6 17
7 11 55
0 2 53
6 9 42
8 11 64
6 9 36
18 22 64
14 19 23
23 3 7
9 11 32
18 21 22
18 22 10
20 23 13
19 23 11
14 17 10
7 9 60
21 3 54
8 10 50
22 3 15
16 18 6
5 7 54
13 16 13
0 3 35
1 5 53
7 10 9
5 8 25
8 11 64
8 11 23
15 18 49
0 3 2
22 0 34
0 3 59
22 1 53
12 15 64
7 11 51
21 0 5
19 21 64
22 1 1
12 15 13
17 21 21
6 8 41
8 13 38
22 1 17
7 10 9
13 15 23
13 15 22
2 5 54
9 14 8
7 11 60
19 22 54
0 3 15
8 11 47
6 9 49
14 17 3
5 8 2
5 7 35
15 17 55
16 19 10
20 1 28
4 7 62
8 12 25
11 14 40
14 16 60
13 15 28
16 20 2
8 10 44
10 13 11
13 16 17
22 1 25
17 19 33
22 1 65
21 1 37
6 8 42
13 17 30
19 0 23
2 5 24
16 18 50
21 1 51
7 10 24
1 6 58
0 3 11
23 2 54
16 18 55
16 19 39
11 15 34
16 17 22
1 4 43
0 2 25
18 21 29
7 9 64
11 13 44
13 17 42
14 18 23
16 18 48
15 18 22
11 14 3
7 11 8
16 19 8
13 17 59
1 5 3
17 21 27
0 4 6
16 18 45
13 17 42
11 15 34
17 21 32
11 13 37
8 11 51
16 19 2
17 21 10
16 18 56
4 7 26
4 9 28
4 6 34
8 11 5
20 22 5
10 14 29
7 11 14
4 6 19
10 14 53
22 0 47
23 1 25
18 21 57
10 11 50
23 1 42
10 13 51
9 14 59
7 9 11
14 17 38
19 23 60
0 4 33
17 20 41
10 15 7
23 2 3
17 20 34
4 9 2
14 17 34
0 4 38
7 9 24
8 11 58
10 13 46
8 12 52
4 6 20
19 22 39
23 3 40
15 18 38
4 7 20
22 1 38
19 21 36
6 8 44
23 3 52
13 16 28
23 1 24
14 18 56
18 23 32
10 12 50
1 3 46
16 19 55
10 11 20
19 23 60
1 5 46
23 1 57
21 0 37
20 0 33
3 4 59
13 17 59
1 4 30
0 3 54
20 23 13
22 1 42
14 17 8
14 16 21
8 11 23
2 6 65
1 6 28
14 16 9
19 22 17
6 9 62
14 17 15
19 22 51
3 7 37
16 19 50
11 15 39
16 20 6
7 10 37
9 12 35
7 10 6
13 17 25
21 22 8
23 2 17
14 16 6
10 13 19
8 12 24
9 10 36
3 6 64
0 1 5
17 21 62
12 14 11
5 9 6
6 9 21
0 2 14
1 3 22
9 13 24
20 23 27
20 22 54
7 9 56
15 18 52
23 1 59
22 2 44
18 20 27
13 16 12
17 21 2
0 1 60
18 21 7
3 7 9
16 20 4
4 5 36
1 6 33
23 3 50
5 6 3
11 13 42
11 14 47
1 5 30
7 10 24
13 17 59
19 23 23
8 10 16
16 20 1
1 5 44
9 12 5
4 9 1
22 1 9
14 16 6
23 2 34
18 21 33
4 8 49
15 19 61
14 16 51
8 13 43
21 1 3
15 16 62
3 5 6
7 9 42
17 20 18
9 12 60
18 22 20
15 17 21
3 6 47
6 10 56
14 18 46
21 22 58
4 6 28
22 1 47
9 14 30
11 13 56
2 6 35
5 8 64
22 2 39
4 6 44
19 21 21
7 10 27
5 9 62
5 10 63
7 10 40
13 16 63
15 17 5
14 17 56
5 7 30
21 23 25
13 16 31
18 20 59
18 22 6
16 20 62
23 1 27
4 6 63
3 6 28
12 16 59
12 16 3
20 23 37
14 14 38
5 7 41
11 13 23
7 12 61
10 13 62
13 14 48
21 0 39
19 22 19
14 16 60
4 7 4
12 14 14
14 18 48
18 19 4
22 2 19
0 2 45
21 22 35
21 23 33
10 14 50
6 7 13
5 8 9
16 17 50
11 14 55
12 15 56
9 9 49
10 13 3
19 22 18
4 6 40
13 15 36
18 21 18
4 8 16
15 17 50
2 6 31
13 15 41
9 10 7
21 1 2
3 7 46
3 6 22
1 5 56
3 6 49
13 16 10
10 13 36
22 1 24
13 16 51
10 14 8
21 0 7
2 6 17
16 19 46
12 15 12
4 7 46
6 9 28
22 1 3
3 6 65
15 19 4
0 1 9
23 2 17
8 11 38
16 20 1
8 11 24
22 3 27
8 11 41
0 3 16
12 15 53
16 19 35
9 12 46
9 13 29
10 12 63
6 10 4
22 0 41
22 1 5
23 1 36
17 17 26
3 4 14
19 22 57
10 12 40
14 17 20
1 4 39
12 16 38
2 6 14
19 22 24
9 9 44
18 20 3
20 23 13
8 11 36
14 16 60
20 23 58
0 2 52
10 13 63
16 18 40
19 21 2
13 15 1
10 12 51
13 14 17
3 6 27
20 23 18
6 7 35
8 10 25
18 21 36
2 3 46
16 18 40
16 16 43
0 3 16
18 20 54
3 5 50
14 14 48
6 7 58
14 17 8
5 9 9
13 16 11
4 7 48
11 14 34
11 15 15
8 13 20
19 22 38
10 13 52
12 16 24
13 17 8
9 11 10
0 2 46
0 4 32
23 2 51
3 6 5
9 12 29
4 5 49
3 6 28
20 23 35
15 18 25
1 4 14
16 19 18
17 22 13
15 19 9
22 2 38
18 21 34
12 15 27
18 22 57
22 0 27
8 12 18
1 2 50
16 22 10
17 19 16
3 6 1
16 21 20
22 0 3
5 7 6
10 11 38
6 9 49
7 10 14
5 8 8
2 2 14
5 8 12
8 11 12
21 0 32
11 15 34
0 3 23
14 17 51
19 23 13
0 3 17
0 3 51
10 12 44
16 18 32
2 4 8
11 12 5
1 3 29
6 9 62
15 19 47
19 22 36
10 14 36
8 11 8
7 9 10
11 16 47
9 11 22
15 18 10
3 6 26
18 21 8
8 12 14
7 8 28
9 12 24
4 7 28
20 22 11
14 19 44
16 19 45
20 23 27
20 22 15
15 17 4
21 23 64
20 0 46
22 23 7
19 22 49
3 10 6
1 4 45
13 16 56
10 11 48
1 5 63
2 5 38
16 19 43
5 7 45
4 8 64
19 22 15
14 17 52
5 7 51
19 23 4
22 3 13
7 11 23
9 13 29
14 17 19
22 1 35
21 2 54
18 21 36
1 4 41
1 4 25
17 20 35
4 6 31
8 12 19
13 18 50
0 4 12
11 14 12
0 3 24
0 3 47
11 15 51
3 6 19
4 7 49
19 22 31
4 7 14
12 14 37
20 23 48
15 17 13
17 20 49
16 21 26
0 5 59
1 6 33
1 5 18
0 2 55
4 8 50
0 3 56
20 23 36
18 21 46
8 12 65
0 5 50
5 8 37
8 12 14
11 13 17
16 19 64
8 11 2
4 7 9
8 9 20
22 2 57
18 20 40
18 21 13
13 16 50
11 15 29
0 4 60
3 5 3
4 9 49
9 13 40
15 20 32
15 18 44
18 21 60
2 5 42
1 3 64
18 22 44
21 0 35
5 9 36
22 0 43
8 12 61
9 12 46
18 21 48
5 9 32
14 18 47
17 21 53
16 18 1
14 19 1
15 17 28
15 16 9
3 8 35
19 22 17
22 2 23
14 17 53
8 10 59
9 12 47
11 13 33
5 7 43
13 17 25
9 10 13
5 9 49
4 7 45
19 21 12
15 19 1
4 4 54
5 9 65
4 7 16
19 22 49
8 12 36
6 9 18
5 7 27
6 11 28
20 23 4
1 4 53
14 18 13
15 17 36
22 1 35
0 4 48
9 12 56
15 18 38
7 10 30
3 6 38
9 12 62
19 22 9
4 7 39
4 7 27
17 22 38
3 7 26
16 17 26
1 4 53
17 20 26
19 23 42
1 3 64
1 4 42
13 15 36
4 8 58
5 7 30
18 22 19
8 11 61
4 8 45
19 21 51
4 8 65
11 15 13
6 9 46
17 20 60
17 20 44
1 5 29
18 20 4
8 12 46
5 8 42
22 2 57
19 22 19
21 0 18
21 2 13
7 10 56
14 16 23
18 21 34
1 4 46
22 1 41
0 3 19
22 1 50
13 17 15
11 12 1
22 0 1
15 18 40
16 20 11
20 23 1
20 0 14
10 12 47
15 19 24
13 17 49
1 4 34
8 12 8
4 7 46
19 21 56
21 1 23
2 3 38
16 19 33
20 22 20
21 1 11
1 3 21
3 6 59
17 19 17
5 7 29
21 22 56
18 21 7
23 3 56
3 6 58
5 7 21
7 10 36
11 14 29
19 21 17
0 4 12
4 7 51
14 16 43
9 13 39
3 6 27
3 6 34
4 6 61
20 0 17
11 14 21
1 3 17
0 3 64
3 6 23
8 10 35
1 4 40
22 1 41
14 18 17
16 19 5
3 4 7
21 0 11
9 11 40
0 3 11
19 22 21
21 0 20
6 9 54
20 0 46
6 10 22
10 13 32
23 23 28
11 16 12
6 10 9
0 4 64
17 20 53
10 14 40
1 3 40
17 21 12
0 3 1
15 19 38
19 22 8
7 9 57
19 23 34
21 23 54
3 5 52
18 19 13
22 3 59
17 19 7
10 13 38
6 8 62
17 19 20
1 5 63
5 7 11
17 21 36
12 15 25
19 0 20
16 19 52
11 15 11
9 12 7
8 14 25
1 3 6
2 5 62
10 13 53
3 5 32
22 23 10
3 7 40
20 21 62
23 2 55
11 13 34
12 14 38
13 14 59
4 7 38
13 14 32
4 6 25
6 9 56
4 6 7
9 13 4
13 16 57
13 15 64
15 18 29
11 14 40
2 7 27
18 21 35
22 0 64
13 17 7
6 10 17
23 2 23
13 15 65
21 0 33
9 13 11
16 21 48
12 15 24
0 3 19
3 6 4
18 22 27
7 11 42
7 8 22
5 8 40
23 3 64
5 8 39
0 2 2
16 19 8
21 23 57
20 0 8
3 6 19
12 14 13
8 12 60
12 16 18
11 13 31
19 23 61
3 7 8
10 13 62
21 1 42
13 16 2
13 16 38
3 8 5
23 3 39
0 5 65
3 5 47
10 13 63
11 12 6
21 0 49
8 11 59
12 16 26
18 22 55
19 22 62
23 4 24
14 17 35
8 11 15
8 9 62
7 9 46
2 6 30
7 12 54
3 8 28
10 13 33
2 5 42
22 0 10
8 10 58
3 6 53
11 14 49
9 14 16
19 22 21
4 7 30
20 23 28
1 6 2
20 0 34
2 6 23
3 7 3
13 16 13
14 17 31
5 8 47
2 4 18
8 10 64
13 16 54
4 8 1
21 23 47
9 11 10
17 20 47
2 4 38
22 2 32
14 17 60
1 4 39
1 2 9
19 23 18
15 18 41
8 10 21
6 9 61
12 16 30
5 8 6
18 19 6
3 5 59
20 1 3
7 10 20
3 6 21
12 14 26
18 19 33
15 17 41
11 13 28
17 19 37
19 22 36
10 13 28
6 9 5
18 21 40
2 5 38
5 7 65
20 0 24
23 0 10
21 1 50
19 22 35
4 5 47
4 7 6
17 20 56
18 20 16
0 1 2
14 18 38
6 8 61
7 8 45
21 2 42
21 22 3
0 1 39
1 4 28
5 8 31
22 2 35
22 0 18
15 17 1
19 21 6
10 14 50
10 14 41
4 6 52
17 18 49
0 3 7
19 21 60
23 2 61
23 2 24
8 12 18
15 19 15
2 5 57
7 10 7
9 11 17
11 12 51
1 4 23
22 0 50
10 12 4
14 17 61
14 16 13
22 2 40
17 19 14
9 12 29
2 4 42
7 9 47
1 4 24
8 12 10
3 5 60
23 2 57
4 8 30
19 22 24
23 2 23
16 20 60
15 16 15
12 15 48
22 1 29
11 16 26
22 3 23
7 10 37
23 1 58
7 10 20
2 5 3
20 22 2
9 12 24
18 19 56
9 12 32
18 21 43
3 7 10
13 15 48
18 21 64
11 14 37
20 23 62
4 6 41
2 3 2
5 9 19
21 1 54
8 11 65
21 23 29
6 11 19
21 2 5
20 0 51
15 17 15
19 21 22
23 2 47
15 18 19
14 19 38
17 20 33
19 22 37
11 15 19
14 18 7
18 22 36
20 23 42
14 17 9
2 6 55
22 23 42
15 22 2
23 4 19
13 14 34
13 15 50
15 20 2
0 4 33
18 20 6
6 9 25
8 10 28
23 1 1
11 13 3
6 8 28
12 14 26
5 7 14
23 2 65
6 10 15
15 18 5
7 10 50
18 21 41
2 3 7
14 18 25
12 15 15
5 8 61
20 23 21
2 5 62
22 23 32
8 9 27
0 4 32
19 23 30
2 5 50
2 4 12
13 13 7
12 15 33
11 15 9
3 6 35
16 21 50
0 6 56
1 4 12
5 9 27
4 7 46
16 19 63
