1000 31
6 13 13 2 31 31 17 9 14 24 16 3 4 22 1 11 17 1 5 13 13 5 30 9 20 12 18 27 7 16 1 
15 18 3
4 8 31
9 11 23
20 23 27
7 9 30
12 14 19
9 10 16
21 2 19
10 14 8
16 18 28
21 0 25
22 1 6
14 17 25
20 22 14
6 9 18
7 12 21
11 16 5
16 18 29
12 16 25
17 18 27
4 7 2
6 10 23
3 7 14
20 0 16
6 8 3
5 6 21
4 6 30
18 22 6
15 18 6
4 7 7
13 15 5
10 14 16
20 22 13
14 16 9
3 6 14
19 23 12
20 0 18
17 19 13
9 12 24
21 23 20
9 13 14
10 13 20
15 18 16
12 14 7
17 21 3
5 8 23
8 11 10
20 0 23
21 23 22
13 18 16
10 12 10
23 2 20
23 0 9
3 7 15
16 18 2
20 23 6
1 5 13
15 19 11
7 10 30
15 18 10
23 3 28
3 6 15
20 23 13
18 22 16
22 0 9
23 3 11
7 10 5
0 3 5
11 15 7
12 15 23
16 20 16
12 15 11
6 8 10
2 5 13
3 7 9
14 18 17
18 21 15
5 8 21
5 7 1
14 15 10
5 7 19
15 18 12
17 21 8
12 15 18
22 3 4
4 6 19
16 20 9
3 6 2
8 9 13
0 4 3
5 9 24
23 1 30
20 1 28
14 19 1
7 11 31
3 4 9
22 0 9
14 17 14
13 17 4
21 0 21
23 2 3
17 21 1
3 5 15
1 4 19
16 17 13
4 7 13
11 14 18
9 12 22
18 23 12
4 5 28
13 15 30
6 11 8
14 16 4
18 22 12
1 5 28
21 0 5
5 7 29
12 15 9
9 13 22
14 15 19
13 16 19
0 5 7
17 20 26
16 19 31
2 5 14
19 22 7
18 21 5
0 2 13
3 6 25
4 7 9
0 4 15
1 5 25
4 5 12
13 16 26
7 10 29
18 20 18
7 11 17
12 15 21
11 14 12
1 4 8
19 22 23
4 6 26
13 15 20
23 3 4
1 5 5
1 3 12
1 2 5
21 23 2
9 12 26
4 6 25
5 8 14
15 18 27
22 3 21
17 20 9
17 20 21
6 8 19
8 10 12
12 15 13
16 19 4
9 12 1
17 21 10
12 15 21
6 8 13
8 10 20
3 5 6
4 5 19
7 8 10
18 20 1
17 21 3
18 21 30
13 18 22
22 2 5
1 4 29
23 0 30
7 9 22
15 18 4
9 12 5
8 12 31
6 9 4
18 22 25
2 6 28
18 20 13
10 13 4
10 14 2
2 6 30
19 0 30
20 0 15
9 13 19
1 4 28
3 6 4
22 0 3
9 12 2
13 16 16
10 13 27
4 6 29
20 23 27
6 9 12
18 22 8
0 4 4
14 17 20
4 7 26
1 4 27
12 14 27
4 6 9
20 23 29
23 0 6
19 21 20
0 3 26
9 11 9
5 8 4
17 21 17
11 15 29
6 9 1
20 0 27
10 13 28
17 22 27
13 17 11
14 16 23
9 14 10
4 7 8
12 14 19
18 21 16
16 19 20
15 18 22
3 7 2
2 4 5
1 4 29
2 7 31
18 21 20
2 5 30
23 2 31
23 5 24
17 20 19
8 11 13
7 10 4
10 13 20
12 17 8
13 16 22
7 11 4
10 13 30
16 20 11
5 6 20
12 17 20
9 10 31
4 6 31
1 4 26
3 6 26
8 12 6
10 12 13
17 22 12
14 20 31
1 4 6
17 22 22
17 20 23
6 7 31
9 13 1
6 9 25
0 4 14
3 6 25
5 7 23
7 9 3
0 3 13
13 13 10
6 9 3
10 12 1
19 21 27
23 2 25
2 4 4
7 10 14
18 20 17
3 6 13
12 16 17
14 17 11
18 21 20
20 22 28
9 12 7
14 16 12
12 13 11
0 3 13
22 1 28
2 6 24
0 4 2
2 4 5
2 3 12
16 20 7
12 14 13
21 1 23
23 1 15
8 11 13
19 23 31
4 6 3
7 11 28
8 11 18
16 17 27
3 5 25
13 17 28
4 7 17
11 14 6
21 22 1
12 16 2
17 20 1
14 17 2
6 9 2
1 1 5
20 22 19
11 14 1
17 21 24
5 8 25
11 14 10
9 13 31
7 11 2
23 3 3
13 16 6
11 13 18
21 0 6
19 22 27
16 19 1
9 11 27
11 14 30
21 0 14
18 21 25
2 7 16
19 0 4
1 5 20
2 5 11
15 20 26
21 0 23
10 14 28
14 16 28
22 0 31
9 12 4
2 5 30
5 8 21
23 3 2
2 4 6
2 4 15
6 9 28
2 4 7
17 20 11
21 1 10
13 16 16
11 14 3
4 7 10
4 9 31
3 6 20
11 13 27
6 9 17
23 1 26
3 5 7
18 21 25
11 13 1
15 18 15
8 12 26
19 22 13
14 15 14
9 12 24
21 1 23
16 19 10
21 22 26
20 1 19
2 4 28
8 13 17
11 15 19
0 4 30
6 8 17
4 7 18
23 2 15
11 14 20
16 19 22
1 3 27
18 21 8
8 11 9
2 7 4
19 23 2
18 23 29
17 20 8
6 9 17
13 16 14
4 6 20
11 13 28
3 7 13
1 3 2
1 4 14
6 8 31
0 5 25
9 12 29
12 15 7
19 21 4
10 14 10
12 15 11
4 6 20
14 17 30
14 17 17
9 12 1
14 17 30
14 18 15
17 21 1
15 16 19
6 10 31
18 22 16
4 8 3
22 0 20
11 16 15
22 0 23
18 21 31
19 22 7
4 8 22
6 8 6
10 12 22
19 21 11
22 2 23
10 12 5
9 13 3
21 0 28
0 1 30
11 15 28
8 11 26
13 17 28
6 8 14
1 3 3
12 13 21
22 1 31
7 10 14
7 11 15
23 2 6
20 22 6
15 19 4
6 9 17
6 8 14
18 22 25
23 4 6
14 17 12
6 11 23
9 10 24
16 19 21
9 11 15
16 18 9
16 18 22
6 7 28
20 0 1
12 15 7
14 16 26
2 5 27
6 8 19
15 17 13
4 7 12
16 20 4
9 12 28
4 6 25
19 22 17
3 6 20
14 17 14
10 12 31
6 10 3
22 22 5
18 21 2
5 7 30
8 12 23
10 14 19
5 10 23
22 2 8
13 15 25
9 13 18
21 1 16
9 14 8
10 11 11
10 12 23
2 6 10
19 21 4
6 10 29
9 12 1
5 7 23
19 22 2
16 19 27
6 10 29
9 12 1
14 18 28
14 18 25
17 21 13
13 15 6
9 13 17
23 1 3
23 2 31
12 16 30
15 17 28
8 11 1
23 1 26
19 20 14
3 6 24
22 0 5
20 22 3
19 23 7
23 2 21
10 14 26
2 4 22
8 12 15
10 12 18
11 13 12
10 14 21
12 16 12
6 9 2
8 13 25
20 23 31
6 9 5
12 15 15
5 8 18
18 18 1
3 6 16
18 20 7
9 12 6
2 5 30
9 12 9
21 23 6
16 19 11
7 11 9
14 16 8
21 1 6
17 21 14
9 14 9
21 0 9
16 17 30
3 6 4
0 2 20
11 14 27
3 6 10
21 0 27
8 12 26
0 3 22
7 11 10
6 9 19
9 14 1
3 8 25
20 23 8
14 18 19
7 11 3
20 0 12
15 21 11
16 20 21
2 7 11
7 9 1
13 17 30
5 9 17
15 18 17
5 9 26
9 13 5
9 11 5
3 6 8
16 18 17
14 17 6
0 3 17
16 20 12
20 22 9
18 20 3
16 20 25
23 2 11
20 23 22
11 14 2
11 15 18
4 8 24
1 4 24
16 17 1
14 18 31
20 0 18
15 18 27
23 2 22
15 17 3
6 9 23
22 2 23
17 20 5
20 23 3
22 1 19
1 5 10
1 4 14
18 21 24
7 9 16
1 4 7
16 17 6
12 15 24
13 17 19
16 19 30
9 13 20
15 19 4
6 7 18
23 1 16
13 16 25
14 16 29
15 19 20
12 15 21
13 16 24
20 0 30
17 20 14
8 13 7
12 16 12
11 14 15
16 18 26
23 1 20
21 1 16
1 4 2
5 10 11
3 9 9
19 20 7
6 9 1
18 22 18
7 9 19
19 22 15
20 22 8
2 3 26
20 1 31
20 23 9
19 22 28
7 10 21
16 18 30
5 10 19
4 6 7
3 7 30
23 3 27
20 22 27
6 9 30
11 14 5
8 11 2
2 6 22
19 23 1
18 22 2
9 12 6
20 22 21
4 7 29
22 0 26
1 5 28
19 22 23
20 23 29
16 17 7
13 17 2
10 15 6
9 12 15
11 14 15
11 15 8
2 5 4
5 9 18
9 12 3
5 7 12
13 17 11
12 14 12
4 7 10
15 20 18
0 4 18
2 4 6
10 14 11
3 5 7
23 3 22
19 21 12
11 15 20
15 18 22
9 12 15
4 7 20
9 11 20
11 13 31
6 9 22
14 17 11
8 11 17
11 15 29
11 13 25
20 22 27
11 16 11
10 13 12
17 20 15
11 14 7
2 4 6
6 10 30
12 15 25
8 10 1
0 3 29
19 22 12
9 14 1
20 23 29
18 21 27
18 21 18
17 18 6
18 21 24
1 3 12
1 5 3
10 12 23
23 2 25
18 22 29
9 13 1
6 8 19
3 5 24
5 8 23
7 10 2
17 20 11
10 15 6
7 10 31
5 7 2
8 12 24
18 20 21
14 17 4
23 1 16
4 7 24
22 2 29
14 17 16
8 11 26
4 8 21
6 9 15
7 12 16
19 21 5
15 18 12
14 16 26
17 19 12
2 5 13
23 2 22
18 21 22
6 9 8
9 12 7
4 6 27
12 15 2
19 21 21
17 20 20
4 5 24
7 11 24
12 15 11
0 2 12
17 20 21
8 12 11
1 4 14
11 13 29
10 13 31
23 1 17
10 14 24
10 13 20
22 0 13
8 12 6
9 12 16
22 1 16
22 2 6
6 8 18
0 2 20
15 19 31
2 3 10
9 12 4
13 14 16
1 4 13
12 16 18
13 16 30
10 12 19
17 21 10
11 14 15
20 23 26
17 20 20
13 17 28
20 0 6
5 9 21
12 14 10
16 19 21
18 21 29
19 0 19
15 17 1
22 0 21
4 5 12
10 13 15
21 1 16
21 0 21
17 21 19
5 10 20
19 21 10
6 8 8
0 3 7
14 17 8
18 21 25
9 12 10
6 9 8
11 14 25
1 6 11
20 0 11
7 11 1
0 2 23
0 5 16
16 19 8
4 7 26
19 0 20
21 1 1
17 21 18
6 9 30
10 12 6
11 15 30
18 22 23
1 5 1
6 8 23
2 8 30
2 4 24
12 15 12
15 19 21
21 0 1
10 12 18
22 2 3
8 10 29
21 0 23
4 6 5
11 15 27
4 7 31
9 12 15
4 6 8
18 22 31
0 4 2
10 13 11
2 6 1
13 16 28
23 2 26
21 1 10
20 23 6
5 7 1
19 22 29
0 2 24
18 20 4
2 4 4
6 9 29
15 15 5
3 8 30
1 6 4
18 21 7
13 15 9
13 16 22
6 8 18
9 12 25
1 5 18
9 11 9
10 13 19
12 14 15
12 14 28
4 7 3
17 19 24
7 10 20
7 11 31
11 15 23
12 15 4
5 9 13
2 5 25
6 10 10
4 8 5
8 12 8
18 19 27
4 8 11
19 22 9
21 0 17
2 6 21
22 2 22
4 8 5
15 18 8
2 6 11
14 19 10
6 9 22
12 14 1
1 2 11
20 23 30
12 15 20
23 4 5
9 13 18
0 1 16
23 2 5
15 17 30
22 1 8
11 12 8
20 23 17
15 17 28
17 19 17
15 17 16
20 22 2
21 0 5
23 1 19
23 4 3
12 15 31
10 13 29
11 14 7
3 5 14
9 12 10
14 17 4
9 12 26
2 4 25
9 12 10
12 16 20
23 0 11
12 15 23
8 12 20
5 8 28
8 11 24
18 21 1
1 6 8
12 17 12
19 22 10
8 12 19
17 20 17
14 18 9
6 7 22
19 23 15
16 17 30
23 2 23
14 16 26
14 17 1
1 4 17
0 4 19
5 8 9
4 7 12
21 0 7
16 18 6
20 21 10
15 17 24
9 12 4
23 0 2
2 3 15
10 12 4
14 17 13
3 7 15
16 20 16
16 17 20
16 17 23
10 13 7
23 0 25
7 11 9
14 18 27
22 1 4
19 22 2
6 7 22
16 19 31
15 20 19
12 14 5
8 10 21
12 15 7
9 12 8
19 22 15
19 23 12
8 11 5
21 0 12
22 1 22
14 16 20
18 20 23
7 11 10
15 18 25
22 0 23
20 23 1
23 2 15
19 23 25
10 14 16
17 19 16
20 22 27
10 12 7
5 9 23
1 6 29
22 1 31
6 9 1
10 12 7
3 5 18
8 11 1
1 3 30
17 21 19
23 2 26
12 16 13
16 16 5
9 12 24
14 17 25
10 12 11
8 10 3
5 9 5
11 14 31
13 15 2
11 14 7
7 8 23
19 21 5
1 6 19
20 22 21
0 3 20
8 11 19
14 17 7
15 18 29
3 6 10
3 4 22
12 15 9
1 5 23
12 13 5
13 17 2
22 22 22
9 13 10
6 9 1
12 15 19
14 17 5
8 11 8
3 4 29
5 7 24
8 11 16
23 2 4
1 4 24
7 9 23
12 16 26
17 21 3
9 10 31
18 22 9
12 15 27
9 11 11
15 18 18
11 15 18
19 22 4
8 10 22
12 12 21
