1000 69
14 69 10 44 66 10 47 69 66 21 23 18 24 1 34 59 58 67 42 47 67 48 24 11 14 59 14 62 18 46 55 49 42 46 54 15 21 60 14 44 67 65 11 67 47 48 63 58 20 39 56 61 53 28 56 33 2 14 21 65 11 38 34 62 28 34 36 36 38 
21 2 10
1 4 26
13 16 25
17 21 56
11 16 54
23 6 14
19 21 67
13 15 32
15 19 63
20 23 48
15 17 11
13 16 18
19 22 68
11 15 45
20 23 41
11 14 6
17 20 33
8 12 27
18 20 32
8 11 23
9 13 56
3 6 10
11 15 34
10 15 10
8 11 67
12 16 23
9 13 33
5 8 35
8 12 65
18 20 24
12 15 63
9 11 37
16 18 69
12 16 13
4 6 45
17 21 32
4 8 49
8 10 20
15 19 12
0 4 62
10 14 50
20 23 6
23 1 25
3 6 14
21 2 53
16 20 13
9 11 28
18 21 29
17 20 20
14 16 57
18 21 59
3 6 63
9 12 45
17 21 26
5 8 62
0 2 30
9 11 31
17 19 31
7 10 43
15 17 3
23 3 47
14 17 65
14 17 25
13 15 30
11 15 6
11 15 1
1 4 6
20 22 38
11 14 49
11 13 42
18 23 22
15 19 23
9 12 31
2 4 57
18 21 62
9 12 1
20 0 45
9 12 48
6 8 44
14 18 1
19 23 19
0 3 1
11 13 41
1 3 64
9 11 27
15 17 46
3 6 42
4 8 62
22 2 1
9 11 69
23 1 30
6 7 55
9 13 15
15 18 38
3 4 2
10 12 32
11 13 34
18 21 2
13 14 44
16 21 49
7 9 33
17 20 4
18 21 48
13 16 34
8 12 66
17 18 24
16 19 59
10 13 47
5 6 21
8 10 34
17 18 48
3 5 66
15 19 27
12 16 9
17 21 23
12 16 46
19 0 62
3 8 2
6 9 17
16 20 65
7 11 62
13 16 19
12 16 36
14 18 65
12 16 32
14 17 48
10 14 4
20 23 21
10 15 26
3 5 26
6 10 11
12 13 51
17 21 44
23 3 50
12 16 36
2 6 56
12 15 43
23 2 35
21 0 36
10 14 55
20 0 12
0 4 69
13 17 3
16 18 68
5 8 1
23 2 7
15 19 27
15 18 41
3 6 13
22 0 40
23 2 8
22 0 39
1 4 8
14 16 12
20 0 66
19 23 37
0 2 47
18 21 42
0 2 69
0 3 46
5 8 2
8 11 32
8 13 49
10 11 25
22 2 27
23 3 24
10 11 49
6 7 55
5 6 26
20 21 7
6 8 32
9 12 23
0 4 38
20 23 56
11 14 54
5 8 31
22 2 22
10 13 26
19 21 22
16 19 31
14 16 59
1 4 52
15 18 19
17 19 4
14 18 31
3 6 12
22 2 31
19 21 27
2 5 20
8 11 32
17 18 45
23 2 24
5 9 56
4 6 67
5 8 26
23 1 15
7 9 7
14 15 54
11 15 7
16 19 31
7 11 24
22 0 2
12 15 30
15 19 38
5 7 56
10 14 49
16 19 27
13 16 28
1 3 23
10 14 61
18 21 55
18 20 60
18 20 6
13 15 54
20 0 51
16 19 20
3 6 13
5 8 2
1 5 36
22 2 61
18 20 23
22 0 5
17 20 46
15 17 40
22 1 16
7 12 58
19 22 8
0 1 48
14 16 37
13 15 1
11 16 31
2 5 22
1 4 55
18 20 35
10 13 59
6 10 52
13 17 54
23 2 18
22 3 50
12 15 64
9 12 4
20 22 18
14 17 56
11 14 18
9 13 65
4 6 61
6 9 57
7 8 59
15 17 33
10 14 20
10 13 14
9 15 10
10 14 34
3 6 37
22 0 12
19 21 48
13 16 27
23 1 48
21 23 31
9 11 25
15 18 42
22 0 46
0 5 11
20 23 66
2 7 68
9 13 23
13 14 25
13 15 14
7 10 55
15 18 15
22 1 30
21 1 69
22 23 7
2 6 60
7 10 47
11 15 66
20 23 15
17 22 33
4 9 48
16 20 3
15 19 44
17 20 60
3 7 29
0 3 41
7 9 29
2 5 23
21 22 2
3 6 39
23 2 25
22 1 15
2 5 1
9 12 40
11 14 40
14 16 26
2 5 15
15 18 12
12 15 12
22 1 2
14 17 51
17 21 40
10 13 3
10 12 45
12 15 52
11 15 35
23 1 1
22 2 26
19 21 58
0 2 31
9 10 34
11 15 21
11 13 7
21 0 21
14 16 50
18 21 60
13 15 40
15 19 18
23 1 55
13 16 15
2 4 16
0 2 15
20 0 33
9 12 57
0 3 26
4 8 22
9 12 48
4 6 5
5 7 9
23 2 9
9 11 24
2 6 24
22 3 46
1 5 7
19 0 16
16 19 57
6 9 6
10 15 67
21 23 23
9 10 6
1 4 61
5 6 26
12 16 54
1 4 31
23 4 41
10 13 48
4 6 58
20 23 24
7 9 16
4 8 32
5 8 10
0 2 53
21 23 8
17 21 5
14 16 53
4 9 10
12 15 10
6 9 64
2 5 3
18 21 49
11 12 36
12 13 39
23 2 41
16 18 66
20 23 13
0 2 14
3 6 14
8 12 51
7 11 62
19 22 51
3 4 58
8 11 5
22 0 16
6 8 2
3 5 18
18 19 10
21 23 53
23 2 61
9 13 26
13 16 54
4 7 11
1 3 58
17 19 60
15 16 69
13 17 28
18 21 32
22 23 44
22 1 20
1 3 8
4 8 45
7 10 22
12 15 41
5 6 47
19 22 10
14 17 30
9 12 41
1 4 34
6 7 59
23 1 7
11 16 12
16 18 64
14 16 7
21 23 64
18 20 33
23 2 45
6 10 64
7 10 34
9 12 44
12 15 56
20 21 43
3 6 10
6 8 64
9 11 31
0 2 14
9 13 35
14 18 36
23 0 50
5 9 25
0 3 12
11 13 7
22 2 56
21 0 53
19 22 5
16 19 41
21 0 37
20 22 40
9 12 53
21 1 48
13 17 13
11 16 54
7 9 49
0 2 19
16 18 13
17 21 59
12 16 4
0 3 43
20 23 38
1 4 39
14 18 35
20 23 49
22 1 9
16 21 17
1 3 14
8 11 35
8 11 42
11 14 31
21 23 61
16 20 44
14 17 48
5 9 17
4 7 8
5 8 42
21 22 35
18 21 21
18 22 16
17 22 17
15 19 22
21 0 34
7 9 64
7 9 29
1 5 12
15 19 44
12 17 49
23 1 5
8 10 19
5 8 54
12 16 21
20 0 27
16 19 22
20 23 68
0 3 44
11 13 7
21 0 8
9 10 67
9 11 7
12 14 25
18 20 37
12 15 49
22 0 35
21 0 14
4 7 53
10 13 16
5 7 48
5 8 36
8 13 40
17 19 37
6 10 46
2 5 57
21 23 27
15 17 41
12 14 26
16 20 7
14 17 4
8 10 22
21 22 44
8 12 44
23 4 7
1 5 52
22 1 8
16 17 4
23 3 48
4 7 55
14 17 31
6 7 54
0 4 14
3 7 39
3 7 45
7 12 30
5 9 33
17 20 57
2 6 67
19 21 67
8 10 8
19 23 16
1 4 30
15 17 46
19 22 15
16 19 40
19 22 49
22 2 51
4 6 14
18 21 38
6 9 23
10 14 43
16 19 46
16 18 66
11 15 62
0 2 28
9 13 33
9 10 16
22 1 59
0 3 6
23 1 38
2 4 9
8 11 18
22 0 36
0 4 28
1 4 35
23 1 38
3 7 22
7 10 5
11 15 48
11 16 37
21 0 1
18 20 28
18 22 48
21 23 18
0 2 40
21 0 29
23 2 62
8 13 23
21 1 2
6 10 19
14 18 20
2 6 2
21 23 46
12 14 55
22 1 43
0 2 40
23 2 11
2 4 29
15 19 66
22 0 2
17 22 22
19 21 30
9 11 53
12 13 4
11 14 68
15 19 39
14 18 24
7 11 22
17 21 11
2 4 28
1 3 32
0 3 38
12 15 12
0 3 65
10 13 68
6 8 28
15 18 21
11 14 16
14 16 15
7 9 29
20 0 63
17 19 8
16 17 33
3 6 42
4 7 5
10 14 11
20 0 62
12 14 61
18 21 23
0 2 65
22 1 2
0 3 9
3 6 49
2 6 53
22 1 32
23 1 7
14 18 27
2 4 31
12 14 2
3 6 19
12 15 56
17 22 10
7 10 27
2 5 26
6 10 68
15 18 61
4 6 58
3 4 10
14 17 7
19 23 5
6 10 69
0 2 1
23 4 35
15 19 16
9 13 25
11 13 56
4 5 40
0 3 31
20 22 46
12 15 14
10 12 40
2 4 35
0 3 52
11 13 31
2 4 45
3 6 48
4 8 12
19 22 55
22 1 22
9 10 55
14 17 46
17 19 62
19 21 69
18 23 42
19 22 62
22 23 42
18 21 39
1 3 10
18 21 45
1 4 2
14 17 23
8 12 45
7 9 9
14 19 7
1 5 11
9 13 49
23 3 1
7 10 63
23 1 3
5 7 11
20 0 12
5 6 48
2 6 24
20 22 13
1 4 5
19 22 63
7 11 16
8 10 55
10 13 16
21 0 3
8 11 4
3 5 61
4 6 30
23 1 21
5 8 41
20 0 19
6 10 6
15 17 6
21 2 31
23 3 31
5 8 33
7 11 3
14 17 2
12 15 58
5 7 50
1 3 23
11 13 63
11 15 11
3 5 5
12 14 52
17 21 52
6 8 39
1 4 56
8 11 25
9 10 18
2 4 62
3 6 34
0 3 62
12 13 33
14 16 55
17 19 32
13 17 69
18 22 2
7 10 22
6 8 28
11 15 28
23 3 8
23 2 48
20 23 25
20 23 17
16 20 60
0 4 33
2 5 9
1 3 64
5 8 64
19 0 12
8 12 7
15 20 46
6 10 11
3 7 28
17 20 40
20 23 56
15 17 30
5 8 34
16 19 33
18 21 46
17 19 38
0 4 57
4 8 26
15 19 5
23 2 39
13 16 39
17 20 44
19 22 34
19 21 54
21 1 9
10 13 51
23 4 20
3 4 47
9 13 12
15 19 69
14 15 42
15 20 4
11 15 33
17 19 1
16 19 51
6 9 47
2 4 15
21 0 28
6 8 32
19 23 56
8 11 57
21 0 14
18 22 26
14 16 45
13 17 17
6 9 48
0 3 38
7 10 19
19 21 38
22 0 65
5 9 29
19 23 21
5 9 24
10 13 51
17 20 56
15 18 9
1 3 34
1 5 9
19 23 62
0 4 21
21 0 33
22 1 45
2 4 54
18 19 5
2 6 50
11 13 55
14 18 15
10 13 54
12 14 20
8 12 64
7 9 67
9 11 64
5 8 66
6 9 49
22 2 48
16 20 29
9 11 45
8 11 57
18 21 27
2 7 16
17 22 20
20 23 53
1 4 57
12 16 67
5 8 26
12 15 7
11 13 66
22 0 63
5 8 13
11 15 4
14 16 39
1 3 23
23 3 58
17 20 11
1 5 69
13 15 22
7 12 44
11 15 68
23 1 25
10 13 3
7 10 1
4 7 13
14 19 11
21 0 57
5 6 14
17 20 56
6 10 37
6 7 32
19 22 69
4 7 24
16 19 29
10 13 55
12 16 21
9 10 68
1 4 42
7 11 54
5 9 26
6 7 43
16 20 65
20 22 16
8 12 16
13 16 36
19 23 34
14 17 12
0 3 55
19 20 26
4 8 47
14 16 23
14 18 24
6 11 65
8 10 43
2 3 26
23 4 56
1 5 41
23 2 13
5 10 4
11 15 44
0 3 41
1 5 4
23 4 21
18 21 55
23 1 33
2 5 68
18 20 11
8 11 52
7 9 21
6 9 62
21 23 39
3 6 2
1 4 54
3 5 19
9 13 53
18 21 58
21 2 57
18 20 69
1 3 42
17 20 37
22 2 21
6 9 13
5 9 2
21 0 11
10 14 69
8 11 5
21 0 63
1 5 29
3 7 41
8 10 63
16 20 2
12 14 33
7 9 58
1 4 52
14 17 14
23 0 28
2 4 24
2 5 34
15 18 42
1 4 11
15 18 47
23 3 55
16 18 2
18 23 12
15 17 44
9 13 25
2 4 43
11 14 9
19 23 30
5 9 56
22 1 23
18 0 62
13 16 13
10 13 29
6 10 62
12 16 20
1 3 9
11 15 4
7 9 16
11 16 9
16 18 37
16 17 6
21 23 56
15 18 64
19 21 1
14 17 34
18 22 61
8 10 69
15 16 18
0 3 36
19 0 25
18 20 17
18 19 47
22 23 37
21 23 66
13 18 10
16 19 17
18 20 33
12 16 4
8 10 49
8 10 19
20 0 22
6 9 41
0 4 47
22 0 34
1 5 69
18 23 7
16 18 15
3 5 8
10 13 19
15 18 34
10 13 25
12 16 8
13 16 2
5 6 56
19 21 41
18 21 14
22 0 35
11 14 32
8 12 66
9 10 27
2 6 66
16 19 35
3 7 59
19 22 48
8 8 60
9 12 63
10 13 56
10 14 17
10 13 3
2 5 20
10 14 61
22 2 62
10 12 35
11 12 62
19 22 17
12 16 12
22 1 41
17 19 27
16 19 51
8 11 50
8 11 45
5 6 22
19 23 41
21 0 37
1 6 35
5 9 35
17 18 64
11 15 45
23 3 18
21 0 29
10 13 46
2 5 55
12 16 52
11 12 66
2 5 1
8 10 38
4 7 63
18 20 62
15 19 56
2 4 27
12 14 5
14 18 18
14 18 63
12 15 26
9 11 4
21 0 13
12 14 24
13 15 8
2 7 15
2 5 43
16 20 51
3 7 22
19 21 2
10 13 59
20 22 3
1 3 63
20 0 68
0 3 40
10 13 27
23 0 53
