1000 48
45 25 2 6 17 18 10 15 43 21 27 31 13 35 6 19 21 42 2 11 24 35 44 42 6 35 26 16 44 20 25 16 44 14 21 28 16 34 37 23 33 42 35 3 28 11 6 41 
12 16 45
11 15 29
20 23 42
17 20 16
1 5 2
3 7 40
13 17 4
3 7 28
14 17 43
15 19 29
5 10 40
6 11 45
14 17 38
5 8 48
8 12 12
0 2 27
10 12 21
6 7 16
7 9 45
6 10 34
1 3 25
7 10 27
12 15 38
15 19 25
16 19 8
16 18 30
12 15 30
12 15 4
14 18 12
4 8 19
3 5 11
15 19 37
3 6 7
9 12 31
2 4 9
6 10 5
23 2 10
17 19 42
19 21 31
3 5 47
5 8 40
20 22 44
10 14 46
4 6 16
17 21 40
13 18 38
5 8 32
19 22 21
9 12 37
5 7 23
10 13 10
19 21 25
10 14 17
15 17 2
20 23 30
16 19 24
21 2 45
14 19 13
16 19 15
5 8 26
14 17 34
20 0 15
11 15 14
6 8 42
14 18 36
9 12 47
6 11 26
13 18 43
4 6 4
12 14 18
11 15 39
13 15 29
20 0 38
11 13 40
21 0 10
13 16 21
5 6 4
3 6 35
6 10 33
17 21 47
11 14 33
2 5 31
19 23 1
11 13 43
8 11 12
0 2 19
12 13 38
5 7 46
10 13 24
7 11 41
17 21 21
4 9 10
4 7 3
18 21 23
22 23 47
3 7 25
12 16 28
6 8 36
22 1 38
0 2 26
18 21 11
13 15 28
9 11 30
23 2 38
12 14 45
11 15 11
4 8 9
14 15 11
0 5 32
19 22 3
7 12 15
6 8 26
14 16 18
19 0 26
23 3 32
14 17 44
18 22 39
12 15 35
16 20 21
3 4 15
12 14 35
17 21 26
9 13 25
18 21 45
5 8 14
6 8 43
3 5 26
2 5 21
11 15 18
13 15 36
19 22 2
3 6 28
8 9 14
16 19 20
22 0 45
1 3 1
11 14 7
10 14 9
1 4 19
19 21 5
23 1 7
0 3 5
10 14 16
19 22 39
19 22 29
20 0 13
23 1 18
18 19 37
0 4 20
12 14 20
4 7 4
2 5 17
23 1 39
7 12 15
17 21 40
17 20 19
7 8 25
5 9 16
0 3 3
2 6 29
7 12 14
11 13 14
8 11 16
15 17 18
15 17 44
3 6 11
22 1 29
4 6 9
0 3 2
20 23 46
15 19 2
22 1 9
15 17 23
15 18 42
8 12 36
18 21 16
5 8 37
3 5 44
1 4 13
14 17 19
13 14 29
16 18 36
3 6 21
1 5 27
5 7 11
14 16 25
23 2 10
16 19 33
20 0 30
22 23 17
1 4 10
13 15 33
4 6 29
1 5 44
16 20 43
1 7 39
19 23 39
22 2 35
23 3 4
5 10 47
9 13 9
3 6 17
20 22 5
10 14 39
13 17 40
1 4 10
8 12 28
22 1 2
3 7 16
0 5 25
17 21 41
16 19 32
20 23 19
10 12 2
1 4 29
3 5 13
20 22 13
1 5 41
13 16 18
19 21 44
13 15 14
10 13 40
18 20 37
9 12 22
7 9 42
0 3 1
14 17 18
8 10 33
8 11 1
13 15 41
0 1 18
23 2 6
12 13 45
12 15 11
19 21 45
19 23 41
8 12 10
22 1 20
22 0 11
14 19 2
10 13 35
7 10 22
6 9 26
7 10 20
3 6 17
20 0 5
16 18 3
22 2 11
13 15 24
20 23 18
7 10 38
18 20 48
21 0 41
6 9 26
17 19 8
13 17 38
5 9 46
8 10 30
8 12 34
18 19 20
17 20 4
1 4 34
10 13 19
7 9 35
16 19 46
8 10 26
13 17 10
14 16 20
19 21 16
22 1 6
4 6 1
10 13 20
8 10 21
21 1 34
20 21 35
6 9 5
2 5 6
8 9 26
7 10 33
21 22 21
10 14 39
15 18 33
20 23 12
16 19 5
8 10 22
0 3 28
12 15 42
18 20 35
14 15 41
15 19 21
5 9 43
19 22 17
6 7 47
11 14 13
4 8 44
17 19 41
5 6 48
9 11 26
0 2 37
19 22 20
8 11 44
0 1 21
6 8 34
6 11 4
10 14 38
16 19 10
17 21 19
21 23 28
5 8 16
22 2 45
10 14 37
8 11 29
12 16 29
18 21 35
12 15 18
21 0 46
4 8 31
12 15 48
9 12 31
0 2 32
10 13 29
12 15 2
6 8 42
5 7 18
9 12 1
13 16 21
17 19 7
1 6 14
23 2 41
0 4 21
13 15 40
1 3 24
10 13 23
18 20 22
22 3 14
6 11 41
14 19 47
9 11 20
17 21 33
5 8 39
15 19 22
14 17 24
2 5 12
20 23 30
4 8 24
21 0 17
21 23 36
4 7 34
22 0 5
3 5 30
1 4 33
5 8 35
23 3 28
1 4 10
13 15 14
18 22 11
6 10 32
6 8 17
8 12 16
10 14 9
13 18 31
2 4 45
22 1 35
23 1 45
9 12 25
2 5 35
0 4 5
17 21 10
13 17 34
13 16 38
15 18 13
4 7 11
22 0 40
11 16 36
3 6 31
17 20 37
11 15 15
16 20 47
0 5 18
6 8 46
15 18 15
16 20 4
21 1 11
8 10 14
17 21 25
23 3 46
16 18 13
2 5 24
9 11 45
19 0 17
0 2 3
23 3 44
5 10 44
14 18 15
8 10 7
18 22 8
8 10 29
11 14 47
21 22 37
0 2 47
22 2 25
17 20 21
22 23 5
6 9 20
2 6 43
22 1 2
6 9 3
10 13 10
7 9 43
7 10 27
8 10 41
11 14 48
10 12 10
9 13 10
5 8 13
18 22 13
18 21 35
8 10 9
11 15 1
15 19 41
12 14 23
17 19 12
0 3 19
6 8 12
12 14 24
10 14 44
17 19 21
23 1 35
22 23 2
15 18 40
0 3 1
11 13 46
18 22 38
2 6 25
17 18 7
14 19 41
9 13 48
20 23 8
20 0 31
1 2 39
11 13 9
12 16 35
21 23 39
17 21 44
8 12 9
5 8 35
6 11 18
11 15 24
6 8 8
18 20 12
0 3 19
2 7 6
6 10 9
11 14 35
16 20 25
17 21 23
2 4 37
13 16 43
0 2 40
0 4 15
9 11 40
10 12 35
8 10 16
23 1 41
17 21 13
11 12 17
18 19 21
20 23 1
2 4 1
5 10 2
6 7 39
13 15 41
8 10 1
14 16 35
16 20 22
0 1 19
19 21 30
16 20 28
16 17 2
8 13 23
23 2 46
10 13 11
15 19 28
18 22 30
2 6 48
3 4 47
4 7 25
15 18 8
7 10 5
10 12 46
12 13 15
12 15 18
13 17 42
17 20 10
0 4 21
5 7 31
0 3 7
14 17 27
18 20 24
1 4 33
4 7 5
9 12 30
10 11 8
11 14 29
21 1 48
9 14 46
10 11 15
17 19 46
6 9 42
12 15 28
10 12 5
2 6 2
16 20 43
13 16 47
5 10 42
11 14 5
16 18 22
15 17 37
2 4 5
7 11 48
6 10 16
18 21 42
11 13 22
11 16 22
22 1 34
14 17 28
20 22 40
19 22 15
21 1 29
10 14 20
2 5 23
18 20 46
13 16 6
12 15 4
4 6 26
19 22 17
8 10 45
20 23 30
6 10 45
21 23 8
5 7 42
13 16 7
2 5 11
18 21 15
17 19 47
2 4 22
9 12 27
4 6 14
15 16 25
17 20 45
4 6 21
1 4 5
17 20 26
11 15 26
8 13 21
7 9 19
12 16 34
17 19 41
23 1 28
14 17 23
11 13 3
14 17 43
10 13 42
15 17 10
1 2 31
22 2 35
4 7 21
16 17 46
12 16 48
8 11 19
23 0 26
16 19 36
20 23 41
14 17 36
6 9 13
19 20 12
17 17 26
1 4 37
18 22 45
11 14 35
1 4 16
15 17 17
17 19 6
5 9 12
0 4 38
11 15 24
22 2 9
16 19 15
21 0 37
4 5 10
14 17 25
22 1 16
6 9 31
23 1 2
7 10 19
15 18 32
20 23 17
20 23 5
0 4 10
16 19 30
11 12 42
15 16 47
6 8 36
9 14 1
23 2 5
7 9 38
7 9 12
17 21 30
8 11 6
15 17 41
17 23 32
12 14 31
12 16 15
9 15 4
8 10 7
6 9 34
8 10 37
9 12 25
15 19 34
22 1 24
23 4 7
9 11 11
4 7 1
19 23 6
11 14 20
7 10 30
4 7 40
14 16 17
3 6 40
3 6 1
16 19 27
14 18 45
17 23 37
23 3 6
11 15 38
23 3 18
13 16 12
19 22 10
16 19 11
20 23 39
23 3 6
6 10 41
10 13 9
22 1 6
0 3 3
6 9 48
0 3 25
2 6 6
19 22 30
4 7 28
13 14 3
10 13 39
8 9 22
17 20 28
9 12 46
20 1 8
7 10 21
20 23 32
17 19 18
21 22 34
19 21 1
5 8 43
2 4 44
15 18 3
8 11 41
11 14 37
3 5 21
18 22 16
5 7 5
5 8 13
22 1 27
15 17 23
12 13 15
21 23 37
23 2 24
19 0 26
3 5 18
19 21 31
12 15 16
7 11 24
22 1 25
14 16 45
20 23 20
16 19 16
7 8 28
1 5 18
6 11 12
0 3 1
15 18 14
10 14 2
18 21 46
12 14 21
0 3 38
15 19 35
15 19 40
6 7 28
17 21 22
3 6 3
4 8 14
14 19 19
21 23 13
1 5 24
13 16 40
9 13 43
7 10 4
23 3 31
22 1 37
11 12 24
15 20 44
13 18 24
18 20 40
7 10 23
20 21 32
12 15 17
9 13 41
21 0 33
18 21 22
0 3 48
7 10 9
14 18 7
3 9 12
15 19 35
0 3 13
0 4 6
9 10 31
22 2 31
11 15 44
16 19 8
10 13 4
5 8 46
6 9 23
7 9 39
8 12 4
11 14 18
6 10 34
22 0 43
6 9 43
1 3 23
15 19 27
23 1 22
9 13 16
19 20 5
10 14 30
9 14 14
20 23 20
7 10 21
23 3 21
13 17 31
5 7 21
16 20 20
16 20 6
14 18 28
10 13 38
17 20 23
21 2 48
10 11 10
12 15 33
22 0 20
4 6 27
10 12 34
7 10 29
15 17 24
9 12 31
11 15 25
15 18 14
19 22 36
15 18 47
18 21 27
18 21 2
12 13 10
8 10 35
19 21 38
20 21 3
11 12 15
7 9 22
5 9 27
15 18 11
11 14 19
21 23 34
10 13 15
5 8 30
21 22 31
7 10 11
8 10 21
1 4 9
3 6 32
12 15 21
9 12 12
23 3 7
14 17 35
19 22 25
14 17 16
0 3 6
13 16 4
17 19 40
13 16 46
15 19 34
10 13 14
12 14 5
0 5 36
3 5 36
2 5 16
2 6 25
20 1 13
0 4 24
14 17 27
21 1 39
21 1 16
19 21 25
22 2 30
22 0 26
0 5 5
6 11 5
19 21 23
1 3 1
4 8 14
4 6 22
5 8 47
18 21 1
10 13 4
22 2 34
13 15 31
6 9 35
4 8 16
4 9 31
13 17 39
14 17 45
17 22 20
6 10 8
5 9 30
1 4 47
5 7 12
0 4 29
5 6 18
9 13 18
4 7 12
17 21 21
21 1 46
20 1 24
6 8 48
21 0 24
2 5 17
22 2 20
23 2 11
10 15 28
11 14 1
17 20 10
22 23 26
20 22 11
4 7 42
9 13 27
22 3 45
3 4 23
4 7 21
6 7 21
4 7 6
0 4 41
4 6 48
17 22 4
21 0 21
16 20 47
11 14 29
13 15 28
14 17 39
23 1 3
18 21 38
1 5 42
3 6 27
15 19 7
8 12 17
2 5 21
2 4 10
5 7 12
12 17 43
20 0 17
23 2 37
3 7 5
16 19 30
17 20 18
6 10 39
4 7 17
10 14 19
3 5 1
15 19 40
17 20 33
13 16 44
0 3 40
8 13 6
8 11 33
0 3 1
1 3 35
19 20 36
17 20 35
19 21 29
7 8 17
10 12 9
2 4 24
16 20 37
1 4 11
4 5 21
16 19 38
18 20 16
18 20 17
10 14 28
0 3 25
2 5 44
7 9 40
4 8 13
5 7 15
20 22 19
21 23 22
0 3 24
15 19 23
18 21 23
23 1 44
18 22 28
9 11 5
6 8 19
18 21 36
4 8 7
3 6 41
17 21 23
22 1 34
1 3 28
12 17 19
17 22 38
19 22 25
18 21 2
0 3 19
20 0 13
8 12 33
21 1 33
12 15 10
2 3 7
20 1 16
0 3 47
1 3 47
1 5 48
14 20 24
3 6 2
23 23 13
10 12 37
2 5 29
0 4 10
20 1 6
7 10 19
4 6 30
9 13 45
11 13 21
7 9 43
4 7 3
3 6 2
16 20 17
12 16 6
12 17 34
10 12 45
8 11 8
21 0 36
8 11 15
7 9 23
14 17 37
6 8 37
21 2 1
13 17 22
18 21 33
22 0 5
3 6 11
0 2 29
19 21 35
10 12 7
9 14 34
6 10 17
21 23 8
9 11 20
15 20 48
14 18 21
18 20 6
15 19 28
16 19 18
11 13 12
23 3 16
23 1 1
13 15 2
2 3 14
17 21 45
12 15 33
18 22 29
14 15 2
21 1 35
14 18 14
2 5 43
21 2 8
20 0 28
20 0 15
9 13 36
23 3 6
22 0 14
10 14 40
23 5 30
22 2 28
