1000 19
4 6 3 17 19 16 18 17 10 17 11 7 4 6 9 18 14 2 2 
16 18 18
13 16 8
17 22 11
2 7 9
15 19 5
20 0 15
9 12 7
20 23 18
10 12 18
22 0 18
16 19 4
23 0 7
0 4 14
17 18 6
21 22 4
6 9 14
0 4 14
17 19 11
14 15 2
12 16 16
12 15 6
6 8 7
16 20 17
4 7 5
6 10 6
13 15 16
20 0 17
15 19 5
2 6 15
6 10 15
21 0 18
9 12 12
7 11 5
11 14 14
15 18 14
8 10 7
22 0 4
9 13 19
6 9 5
3 7 16
19 23 14
8 10 17
4 6 15
10 15 14
20 0 10
15 18 3
12 16 1
10 11 15
16 20 8
16 17 9
12 13 6
21 1 16
21 0 3
14 17 2
16 19 1
15 18 18
16 18 9
18 21 18
4 8 18
22 2 4
17 20 8
8 11 6
12 14 19
13 16 13
19 20 15
19 22 10
3 5 7
6 10 19
8 10 17
20 0 4
9 12 19
18 19 3
6 8 2
9 13 3
14 17 10
12 16 9
18 22 5
4 6 19
2 5 5
15 18 6
9 13 9
18 21 3
7 10 16
2 6 13
20 23 11
13 15 9
16 16 8
10 14 7
9 11 9
14 16 19
6 8 13
16 18 16
14 19 2
8 12 4
23 2 8
15 19 17
21 1 2
1 5 16
13 15 3
5 7 12
3 6 3
20 0 13
10 14 16
12 15 14
18 22 13
3 5 7
6 7 2
13 17 2
12 14 14
0 5 11
0 3 3
7 11 12
13 18 9
16 20 16
23 3 13
4 7 12
10 15 13
5 7 19
9 13 2
3 7 3
22 2 16
22 2 9
9 13 11
1 5 2
8 13 18
19 0 6
17 22 10
4 7 11
19 22 3
23 1 2
13 16 6
9 11 16
19 23 11
17 21 15
0 3 5
5 7 9
0 4 5
5 8 17
10 14 14
7 10 6
2 6 11
10 15 6
18 21 15
0 1 4
18 21 4
18 21 2
6 10 9
6 8 10
19 23 12
17 20 19
1 4 10
3 5 17
4 7 4
12 13 7
22 1 3
1 5 10
14 18 4
20 22 18
19 22 15
22 2 5
23 2 7
1 3 11
12 15 18
0 3 2
8 11 16
18 21 10
8 10 18
16 19 17
12 15 9
12 13 5
11 13 16
18 21 10
19 23 1
8 12 11
18 21 2
23 1 11
5 10 13
1 3 10
17 20 2
14 17 11
3 6 12
18 20 13
7 8 18
23 2 16
23 4 8
15 17 1
2 5 5
6 10 15
17 18 18
1 4 19
0 2 16
15 18 5
2 4 9
13 16 2
17 21 13
22 2 5
18 20 3
9 13 12
11 14 5
13 17 2
12 14 8
13 17 7
15 17 19
14 16 9
5 9 7
10 14 9
10 15 19
21 1 6
11 15 19
2 4 1
1 5 9
12 14 8
20 23 6
19 22 17
16 20 7
7 10 2
4 9 6
7 9 11
2 7 14
11 14 4
3 5 16
11 15 14
4 8 16
11 15 8
19 22 1
7 10 9
6 10 7
13 17 9
0 2 13
4 6 11
8 11 15
19 21 3
7 9 8
7 10 13
10 13 17
14 17 1
18 21 6
6 9 3
0 3 17
3 6 5
12 15 2
16 18 15
22 3 3
1 5 7
1 3 3
21 2 6
4 8 15
4 8 3
17 18 2
1 4 8
22 1 18
21 0 10
19 22 15
9 12 2
16 19 11
20 23 13
16 20 19
17 20 15
6 11 5
19 22 14
16 19 2
19 22 2
2 4 18
0 4 4
4 5 15
4 7 7
15 17 7
13 16 10
6 10 7
18 21 18
22 3 15
4 5 3
15 18 15
20 23 15
15 16 14
3 6 19
7 10 19
10 13 11
18 21 10
7 11 4
15 18 8
3 7 14
8 11 7
23 1 14
6 10 7
1 6 2
5 8 7
16 19 4
3 4 7
2 5 6
21 0 9
8 10 4
8 10 19
12 15 19
4 7 10
23 1 8
6 9 4
21 23 12
12 16 11
11 13 1
14 18 19
9 11 5
2 4 1
17 21 13
11 15 15
20 0 14
3 5 16
18 22 10
11 13 15
11 16 19
20 23 15
10 13 7
6 10 15
9 14 11
3 5 7
17 20 18
6 10 8
1 4 8
0 2 6
1 5 14
17 20 5
18 21 11
6 10 11
3 6 7
10 12 9
0 3 10
7 11 10
23 2 10
18 21 11
15 17 12
12 15 2
17 20 8
11 13 1
0 4 12
11 15 17
11 14 6
18 19 11
21 23 16
6 7 2
1 4 17
8 11 2
18 19 10
4 6 1
5 8 16
2 4 11
1 4 12
0 2 12
13 17 15
14 17 18
17 21 6
1 2 1
15 19 9
8 10 5
13 16 4
0 3 13
18 21 16
16 19 1
7 9 17
15 18 13
2 5 18
11 14 18
3 6 8
17 20 16
22 23 3
17 20 16
17 21 8
4 6 15
13 15 18
14 19 7
5 8 6
3 6 6
19 22 2
14 17 7
12 16 8
17 21 3
5 9 9
22 2 14
14 15 3
0 3 3
23 1 2
1 4 15
3 4 4
15 18 18
6 9 16
20 22 19
14 18 8
17 19 2
1 5 17
6 10 4
15 18 13
16 21 16
8 11 10
21 22 13
18 20 3
20 0 2
5 7 6
4 8 15
15 18 11
1 3 6
23 3 17
11 14 8
20 21 8
10 13 13
14 19 12
7 9 15
9 11 17
2 7 14
1 4 7
1 3 11
6 10 7
17 21 13
2 6 7
6 8 10
17 18 14
4 7 7
21 1 17
19 22 11
12 16 14
10 12 6
1 5 18
22 0 14
4 6 10
17 20 19
6 9 2
13 15 16
22 1 15
8 9 13
5 7 13
9 12 1
19 21 12
6 9 7
20 22 7
13 15 4
0 4 13
6 9 4
1 4 6
18 22 3
0 2 16
4 7 5
4 9 14
5 9 11
22 0 16
19 23 1
21 22 11
14 16 1
8 12 17
15 18 13
14 15 2
8 11 19
17 18 2
6 8 11
10 14 17
6 10 8
18 22 10
8 11 5
21 23 6
14 17 19
10 14 18
0 1 18
17 18 6
23 2 8
15 18 8
10 14 2
18 20 18
5 8 14
0 3 5
1 4 15
16 20 12
0 3 9
17 19 5
0 3 2
16 21 19
17 20 13
0 4 7
13 16 9
16 20 10
8 12 12
6 10 3
15 17 3
9 11 11
18 20 1
13 17 5
4 8 5
7 11 3
4 5 12
1 4 9
5 8 1
18 20 12
14 17 7
4 6 10
1 5 9
3 8 14
2 5 6
10 14 7
17 17 8
5 7 11
14 17 2
4 8 18
10 13 14
1 4 9
4 6 16
11 13 17
14 16 19
4 6 12
0 3 7
14 17 17
9 13 11
9 11 11
1 4 9
4 8 12
6 8 10
13 15 15
23 3 3
5 9 4
16 19 18
19 21 1
23 1 3
20 22 15
23 3 10
5 8 8
21 2 15
16 18 1
15 18 2
1 3 19
14 18 5
2 6 10
11 14 6
19 22 3
13 18 4
21 0 19
13 16 3
2 3 19
7 11 2
18 20 6
11 16 14
12 15 17
0 2 2
21 1 3
1 4 18
5 8 3
17 19 14
5 9 4
17 20 12
8 13 4
7 11 6
8 11 11
11 15 9
17 20 14
17 20 13
2 2 14
0 4 4
12 14 5
11 15 13
2 8 7
2 5 18
6 9 4
7 9 17
14 18 6
10 14 13
1 4 12
8 9 16
4 6 1
21 0 19
19 23 13
19 0 9
16 20 18
0 3 1
7 11 6
22 0 1
6 10 4
17 21 2
14 18 19
22 3 16
19 22 8
21 22 15
6 11 2
15 17 13
2 5 7
0 2 10
23 1 15
13 15 14
5 8 9
7 10 8
14 17 3
20 1 15
6 9 6
20 23 14
14 18 17
19 22 7
23 3 5
19 23 10
22 2 12
3 7 1
5 8 18
0 2 12
16 21 2
9 12 3
18 22 1
11 15 19
17 20 3
2 5 17
20 22 11
3 6 15
16 19 9
14 17 3
15 19 10
21 0 14
0 0 12
5 8 16
17 20 15
17 20 9
7 9 5
8 11 2
23 3 12
16 19 8
18 20 4
20 0 1
3 6 14
16 20 12
18 21 8
18 21 4
5 7 13
0 2 10
9 11 13
0 3 8
10 14 16
3 7 18
13 16 4
23 3 9
21 22 16
23 0 19
14 17 9
14 17 2
16 20 10
11 15 13
10 12 14
12 14 18
14 16 15
16 20 12
4 7 17
10 12 15
19 22 9
7 10 16
6 9 4
6 9 11
4 8 9
1 4 14
15 19 13
13 16 19
9 12 8
2 4 1
12 14 6
4 9 3
20 23 8
20 23 8
4 6 6
1 5 17
11 14 4
0 3 9
4 5 7
9 12 6
9 13 3
5 10 19
0 4 10
5 7 8
22 2 12
11 13 16
1 5 8
5 8 12
19 0 8
8 11 7
8 11 15
9 10 1
20 23 11
14 16 9
5 8 5
10 13 13
2 8 16
13 15 17
15 19 12
5 8 10
23 3 14
11 13 1
23 0 13
11 14 11
23 2 14
6 10 19
3 7 8
18 21 5
3 6 13
2 5 18
8 10 9
22 1 4
18 22 16
19 21 11
9 12 11
9 12 10
4 8 2
14 16 16
18 23 6
6 9 11
10 12 15
5 7 5
15 18 1
1 8 4
19 21 7
16 18 15
0 3 5
11 14 18
8 12 8
18 21 17
21 0 18
4 7 5
22 1 9
11 14 4
11 14 9
18 21 15
10 14 6
21 23 16
13 15 17
17 20 3
22 23 15
3 5 5
21 23 19
11 15 14
5 8 8
8 11 9
18 22 16
2 4 13
9 11 8
2 6 18
18 22 3
11 15 8
11 13 12
19 22 1
15 16 13
18 20 14
22 0 10
9 13 2
1 4 6
16 18 8
7 11 6
0 2 10
12 17 15
7 10 7
2 5 16
15 17 16
6 8 17
11 16 17
19 1 13
17 20 18
22 0 13
11 13 16
19 19 13
19 20 9
16 20 5
0 1 6
10 13 9
0 3 7
16 19 16
17 20 18
4 6 12
17 20 10
17 19 11
2 5 13
16 18 3
16 19 3
20 1 4
23 1 14
10 10 2
0 2 18
12 15 16
4 8 10
4 6 17
1 3 7
3 4 7
9 10 7
6 8 11
13 17 5
15 19 10
1 5 11
18 21 9
6 8 4
21 0 17
18 21 10
10 14 13
8 11 11
23 1 7
13 17 15
22 0 14
19 22 17
15 19 14
9 13 7
1 3 5
20 23 4
11 13 8
16 19 13
12 15 4
10 12 16
21 1 15
10 14 4
22 0 1
21 2 12
2 4 10
14 16 15
14 16 11
15 18 14
0 3 2
19 23 5
5 8 19
19 22 17
0 3 7
23 1 19
11 14 4
2 5 6
4 8 3
18 21 1
21 23 17
3 4 5
17 18 16
0 4 14
1 3 7
11 12 16
17 19 10
2 5 2
12 14 9
0 2 3
0 2 12
2 5 8
20 21 6
6 9 2
14 17 19
10 13 19
20 22 14
3 4 9
17 19 19
22 3 15
5 7 14
15 16 3
18 19 18
2 5 14
8 11 4
3 6 9
8 11 12
10 12 18
2 4 6
14 17 8
9 11 14
9 13 8
9 13 4
2 5 8
4 7 14
7 10 6
16 20 8
8 10 10
1 7 13
9 13 2
13 17 3
11 13 16
1 4 12
16 21 9
19 22 15
21 2 3
12 15 11
13 16 15
23 3 13
0 2 19
20 0 15
8 11 16
3 7 10
19 21 17
8 12 1
9 12 14
13 16 1
7 8 1
20 23 9
17 18 2
21 1 4
5 8 15
20 0 16
13 16 2
10 12 8
8 11 14
13 16 9
2 6 15
17 21 5
5 8 6
5 10 6
17 20 4
13 15 5
11 15 18
23 4 1
17 19 2
16 20 6
1 3 6
7 10 8
12 16 14
4 8 4
2 6 5
6 8 19
7 10 16
2 6 16
17 20 3
14 16 10
9 12 2
22 1 5
15 17 8
5 10 11
20 0 17
13 16 18
15 18 15
15 17 15
14 18 5
1 4 17
21 0 9
13 15 5
16 19 10
19 0 6
16 18 7
22 0 12
9 13 15
10 13 4
16 19 8
1 3 9
9 13 13
9 10 15
0 2 11
0 4 9
22 1 15
22 0 3
9 13 2
5 9 14
16 19 17
17 21 4
0 4 3
4 7 11
0 2 15
7 10 13
20 22 7
9 13 10
15 18 18
15 18 14
18 21 10
7 10 4
7 8 16
1 2 6
1 4 19
20 1 13
4 9 1
0 3 9
19 23 1
7 10 14
2 6 3
7 8 14
3 6 11
22 1 16
21 0 14
23 1 19
19 0 17
12 14 19
0 3 11
10 14 11
3 8 12
18 22 4
5 8 4
1 4 5
15 18 15
21 1 10
4 7 8
6 10 5
10 14 11
15 18 16
2 6 5
22 0 1
4 8 17
21 1 3
10 14 17
16 17 11
0 4 6
10 14 16
8 11 6
1 5 5
21 1 17
14 18 14
21 2 3
4 8 15
1 3 1
16 18 7
6 9 19
21 1 19
5 8 17
16 19 15
2 5 5
9 9 9
23 4 13
1 2 14
3 8 6
21 0 17
21 1 8
11 15 11
