1000 78
35 49 9 1 76 71 6 35 24 12 25 53 75 34 22 72 14 42 1 15 41 28 14 67 15 19 33 75 57 75 38 56 4 38 29 54 1 60 26 60 1 70 66 19 16 75 71 77 17 74 75 30 67 2 62 23 75 76 50 32 7 58 61 58 56 63 19 24 39 47 51 58 20 75 37 30 45 25 
18 21 25
10 12 56
12 18 69
21 2 37
5 6 55
12 16 56
7 9 19
18 20 19
18 21 71
3 5 41
14 17 27
15 17 15
4 5 52
6 8 60
7 11 11
1 4 30
2 6 11
10 12 41
12 16 75
23 2 38
14 18 70
21 23 13
17 22 57
21 1 48
0 3 59
18 21 67
8 11 31
10 12 13
0 4 45
0 4 15
16 19 63
22 1 35
10 13 19
17 22 51
11 15 4
14 17 30
12 16 23
9 12 19
15 16 29
13 16 37
2 5 22
20 0 31
4 8 60
12 15 14
1 5 61
2 4 78
20 23 64
21 0 23
23 0 37
0 2 11
5 7 55
9 12 9
20 1 56
23 1 26
10 13 10
4 8 14
23 1 39
12 17 24
23 2 19
7 9 38
6 8 30
12 15 43
20 23 7
8 11 28
4 7 42
8 12 66
3 5 72
13 17 77
15 18 45
15 18 40
4 7 50
9 12 10
15 18 43
15 19 22
19 23 45
7 10 26
3 7 67
12 15 41
11 13 58
22 1 31
12 14 61
14 17 43
14 19 31
7 9 40
20 23 40
1 4 57
20 23 11
18 21 71
16 19 66
7 11 29
4 7 48
11 15 74
22 0 11
12 16 11
6 9 38
4 8 47
8 10 8
8 11 56
20 22 10
23 3 2
5 7 59
10 13 36
18 21 34
11 14 77
19 21 67
16 19 18
2 5 49
21 22 71
19 23 41
1 4 75
5 9 13
15 16 71
5 8 44
9 12 8
14 17 29
10 13 71
12 17 53
14 18 35
16 18 13
9 11 5
11 16 45
18 21 20
23 3 73
17 19 38
18 22 3
23 3 38
2 3 21
4 8 54
10 13 3
16 18 60
13 15 60
14 17 9
1 4 42
3 8 62
9 13 62
2 6 21
14 16 36
6 11 24
19 23 52
11 15 55
3 5 20
10 13 35
20 23 41
15 19 37
16 21 26
8 11 5
17 18 76
13 16 77
19 23 53
5 7 36
13 16 9
0 1 13
2 5 70
14 18 9
16 19 29
21 23 28
15 16 29
2 5 74
6 8 76
10 14 69
23 1 15
13 15 38
15 18 44
0 3 52
0 5 34
18 21 31
23 3 53
10 12 36
14 17 23
14 17 32
16 18 78
5 6 47
21 1 48
9 11 11
21 23 16
14 15 29
2 5 11
23 2 69
23 3 69
21 22 54
21 23 44
15 16 70
16 18 56
3 6 25
16 19 51
17 19 69
20 0 44
13 17 50
4 6 78
5 8 69
15 20 35
18 23 54
8 10 76
11 14 6
1 5 53
17 21 56
22 2 60
9 11 23
9 14 54
7 10 61
8 11 38
13 17 35
0 3 26
11 14 74
14 16 23
13 15 41
20 22 9
22 1 46
9 11 18
19 22 24
1 2 33
15 17 32
11 13 11
1 4 66
0 3 11
15 18 9
21 2 74
11 14 62
8 13 55
7 9 61
3 7 30
20 23 40
10 12 61
15 18 19
3 6 5
3 6 76
9 10 56
13 15 24
9 11 25
12 15 43
4 7 27
0 1 7
19 22 56
8 10 9
20 0 58
22 0 34
9 12 18
8 13 27
1 5 28
7 10 1
3 6 21
0 2 44
11 16 44
7 11 36
6 8 57
21 0 5
8 12 70
4 9 43
10 13 24
23 2 48
21 0 62
0 4 44
16 19 6
3 6 44
10 11 51
7 9 54
16 19 40
8 13 4
4 6 64
2 5 22
9 13 41
1 5 61
16 17 65
15 18 69
2 4 21
4 7 27
9 13 77
21 23 63
4 7 58
17 21 11
18 22 60
11 11 22
17 20 63
3 6 71
23 1 3
2 3 78
14 15 72
10 13 46
12 14 44
2 5 27
6 9 42
12 15 26
20 22 48
18 21 45
17 19 41
21 2 25
2 5 54
7 11 19
5 9 2
0 3 2
7 10 68
10 12 40
14 18 9
7 10 63
13 18 16
2 5 43
15 17 42
22 3 78
19 22 64
3 7 62
16 21 48
13 17 4
6 8 6
1 4 36
2 6 22
8 10 48
5 8 52
8 11 70
6 9 4
10 12 21
3 7 67
6 10 9
8 11 34
8 10 49
11 14 8
11 13 6
4 8 31
3 6 18
15 19 23
5 8 37
16 19 7
23 1 6
7 10 53
4 7 38
10 13 52
12 15 71
5 10 40
1 5 27
1 4 62
17 20 18
11 13 5
11 13 22
17 19 37
21 23 6
18 20 25
0 3 31
15 18 48
0 3 27
18 22 20
3 6 2
23 3 58
8 12 52
9 12 70
3 6 69
10 13 23
1 5 10
14 17 4
8 10 54
4 8 36
18 21 29
6 9 68
12 15 1
14 16 32
18 22 8
17 21 18
18 0 14
6 11 41
16 18 20
7 11 77
16 21 41
14 17 17
1 5 3
9 12 68
5 10 59
4 7 25
14 18 65
7 10 1
17 21 73
5 8 12
16 18 33
18 21 3
0 2 8
14 17 21
8 11 56
5 7 8
5 7 59
3 4 35
17 21 78
11 13 77
3 6 46
0 4 67
11 15 2
0 3 15
7 12 32
0 4 19
10 13 36
6 10 10
15 17 17
13 17 6
11 14 70
4 6 48
16 19 76
19 23 5
19 21 17
12 13 46
22 1 67
16 20 62
0 3 73
0 2 47
15 18 72
14 16 76
11 15 24
17 20 57
10 15 73
7 10 44
1 5 5
12 15 76
1 4 78
10 14 61
1 4 1
3 4 58
5 8 70
13 16 33
19 20 31
10 15 24
2 7 72
19 22 20
8 11 42
19 21 8
3 7 48
2 4 76
5 8 15
17 20 13
17 21 75
8 12 12
17 21 74
8 12 30
1 5 76
12 16 62
21 2 57
18 22 78
1 5 78
2 5 38
13 16 64
8 13 34
19 23 20
16 19 63
15 19 45
10 13 40
21 0 30
4 7 45
15 19 40
3 6 63
13 16 58
18 21 39
18 22 35
7 9 36
6 8 13
21 0 59
12 15 60
7 8 56
17 21 12
8 11 46
1 6 2
0 3 76
23 2 49
15 19 22
22 0 42
11 13 62
11 15 2
14 17 45
1 4 30
6 8 35
22 1 28
10 13 57
7 10 25
2 6 36
7 10 52
3 6 9
6 9 55
19 0 66
8 11 37
3 7 3
5 8 8
11 15 18
4 7 34
13 14 62
12 15 10
16 20 74
2 5 9
13 15 35
14 18 44
10 14 26
17 21 76
2 6 17
8 9 22
9 12 8
17 20 26
23 0 72
17 20 44
22 1 41
15 18 15
1 5 61
19 1 32
22 2 13
5 9 4
10 12 75
20 22 30
6 9 31
19 22 57
9 11 50
0 3 57
13 14 25
13 15 73
21 0 45
2 4 10
12 15 61
2 6 51
23 3 55
11 14 9
18 20 76
7 11 45
0 4 76
3 4 6
6 7 52
3 8 17
17 19 9
7 9 66
0 4 28
13 18 13
4 7 48
0 3 21
7 9 46
13 16 63
15 19 9
3 6 72
19 21 63
22 3 15
8 10 26
8 9 67
13 17 68
2 5 6
13 15 21
21 1 32
4 8 56
2 6 57
3 5 23
21 0 58
8 10 18
18 22 48
1 6 78
9 13 1
0 4 66
20 21 8
18 19 45
4 6 42
6 10 72
10 12 61
2 8 39
19 23 61
11 14 25
4 6 21
19 21 22
1 4 60
4 8 38
23 2 1
12 14 46
21 23 29
11 14 16
5 7 6
13 18 12
21 23 29
4 7 77
8 12 56
21 0 29
9 13 48
12 14 39
5 10 11
6 10 3
8 10 53
15 19 43
14 18 50
1 4 35
3 5 71
15 17 40
1 5 52
20 23 74
11 13 22
0 3 26
9 12 55
11 15 9
18 20 31
23 2 53
17 22 41
23 0 20
1 4 1
9 13 8
20 22 64
13 17 22
14 17 66
1 4 25
0 3 58
13 17 36
21 0 37
23 1 4
15 18 24
20 23 63
21 23 24
19 23 39
12 13 69
12 13 33
9 12 62
23 2 47
18 21 42
17 19 16
10 11 57
19 22 76
3 5 23
10 12 75
12 16 33
23 3 76
14 17 60
15 17 38
17 20 63
13 16 42
13 15 68
5 9 34
12 16 31
0 4 46
1 5 38
1 4 77
6 9 6
7 9 3
11 15 38
12 15 47
8 10 25
8 10 46
8 9 11
4 6 63
17 19 10
13 16 76
0 3 31
20 23 60
16 20 6
8 12 20
3 7 76
22 3 29
19 21 30
9 13 74
6 9 72
19 23 73
13 18 78
7 10 29
23 1 11
9 11 51
5 7 57
16 18 5
20 23 13
8 12 68
10 13 45
4 7 76
11 15 16
4 7 26
13 16 24
2 6 3
4 7 45
2 5 73
20 23 3
20 23 48
5 7 61
9 10 13
0 2 25
2 3 41
18 19 27
5 8 42
15 18 46
18 22 44
0 2 48
22 1 28
17 19 68
2 6 73
22 1 49
10 14 5
6 9 12
23 2 47
13 17 62
2 4 11
16 20 7
11 16 60
11 14 67
22 1 41
15 18 46
21 0 62
9 12 14
15 19 51
6 9 3
20 1 29
4 8 62
0 4 23
5 7 2
11 13 58
17 19 38
0 3 6
4 6 47
6 8 46
1 3 9
12 15 61
7 11 2
12 17 48
17 20 16
22 2 57
16 19 71
2 4 77
21 21 72
17 18 74
21 23 74
3 4 62
9 13 58
13 16 64
8 10 75
13 16 63
10 13 59
6 9 18
12 14 7
15 17 28
8 11 76
2 5 53
6 9 71
1 4 33
1 1 5
8 12 65
22 0 1
9 14 78
2 4 40
4 5 54
8 11 54
10 14 3
15 17 70
15 17 67
21 0 78
21 1 71
0 3 37
15 17 73
16 20 24
17 21 54
10 13 33
8 11 64
19 21 46
9 13 16
11 13 6
13 16 72
21 2 25
0 3 62
3 7 22
23 0 48
22 0 62
23 3 58
18 20 11
2 6 66
20 23 38
3 5 72
11 15 58
19 22 31
6 10 34
17 18 13
13 15 35
15 17 11
15 19 14
8 11 4
18 19 31
1 4 32
10 12 61
12 15 16
10 11 60
21 2 62
2 3 49
18 21 35
0 5 69
9 11 45
1 5 37
16 20 50
18 21 7
8 11 40
19 22 62
8 12 11
15 18 18
6 9 17
23 3 58
16 19 32
2 5 44
12 15 73
2 7 5
11 15 29
20 20 69
7 10 16
2 5 13
9 12 71
20 0 11
11 13 32
0 2 44
18 21 52
11 13 8
18 22 72
16 19 38
0 3 10
11 15 37
10 11 29
5 9 69
4 7 36
17 20 30
1 4 77
5 7 75
10 14 41
3 7 13
17 19 1
6 8 57
2 6 40
6 9 2
15 17 33
1 3 36
2 5 17
21 0 9
14 19 62
10 14 70
9 13 29
1 4 20
23 4 64
4 8 4
20 0 42
10 13 52
8 12 61
16 18 52
0 3 36
23 4 7
0 3 48
12 14 71
22 2 37
7 10 22
12 15 38
9 12 53
17 19 21
5 8 68
16 17 32
20 23 67
19 23 48
5 7 71
20 0 55
17 20 34
21 0 30
23 3 71
15 18 65
8 11 65
2 7 76
20 23 1
20 23 43
20 0 1
20 23 4
18 20 67
19 23 63
0 4 60
9 12 62
20 23 62
13 18 12
2 5 23
12 16 62
20 23 42
3 5 21
14 17 33
6 9 20
5 9 12
21 1 41
7 10 27
8 10 71
7 9 18
3 6 45
13 17 9
16 20 72
9 13 14
6 9 48
5 8 17
11 15 50
3 7 20
8 12 10
17 18 64
14 17 27
19 21 31
11 14 53
2 6 12
7 10 73
6 8 26
13 16 76
3 6 65
23 1 36
19 21 78
19 22 50
12 14 18
18 20 2
16 18 15
12 13 44
5 8 14
20 21 30
23 3 70
2 6 37
13 17 2
3 5 4
11 14 50
9 10 25
4 8 69
20 1 14
5 8 78
17 21 18
21 0 78
3 5 21
0 2 58
1 4 71
20 23 33
13 16 24
11 14 63
22 2 42
20 1 31
18 20 58
17 18 66
21 0 42
0 3 70
6 8 54
22 2 43
20 1 32
6 10 31
22 1 16
16 19 21
17 20 1
8 13 5
16 20 31
13 17 4
12 16 19
5 8 2
0 1 3
19 22 40
16 21 30
11 14 15
1 4 52
7 11 4
5 8 17
2 5 51
20 23 14
12 14 23
5 11 2
15 17 18
7 9 5
17 20 47
12 16 2
4 6 48
16 19 3
8 11 29
11 15 70
18 21 74
1 4 24
9 13 56
10 11 55
19 1 1
15 17 37
9 12 12
0 4 55
15 16 48
2 5 25
20 22 31
11 15 18
6 8 48
18 21 53
9 10 73
6 10 24
22 1 67
18 20 29
3 6 55
15 18 53
9 11 62
4 6 58
5 8 12
23 1 54
5 9 20
0 3 20
1 5 76
10 13 45
2 7 57
17 21 19
23 1 24
12 16 37
7 11 72
21 23 66
20 22 21
17 19 1
10 12 11
7 8 24
8 10 15
16 18 42
23 3 47
2 4 6
3 6 47
7 11 15
20 23 63
11 14 40
2 4 53
9 11 28
18 21 50
0 3 61
17 20 26
1 5 64
18 20 58
3 6 75
15 14 22
