1000 45
13 43 17 42 45 24 25 5 42 22 43 6 12 36 37 31 37 31 12 4 18 16 43 42 6 6 10 28 28 13 32 39 22 5 25 7 42 30 14 21 11 19 18 7 31 
1 3 21
2 4 5
10 12 42
5 8 2
1 3 30
3 6 32
19 23 34
5 10 24
5 7 35
2 6 27
8 11 31
14 17 45
0 4 14
13 14 24
16 20 41
3 7 34
14 17 16
1 4 11
2 7 35
5 8 29
1 3 2
6 9 41
4 5 39
18 21 5
14 18 29
4 7 42
21 0 36
21 1 13
7 10 5
10 13 11
12 15 33
11 14 34
5 7 29
15 17 5
8 12 7
2 6 9
3 6 13
18 20 36
23 3 7
16 18 31
7 10 25
4 9 29
0 1 4
8 13 20
21 23 13
18 21 14
10 14 30
17 19 28
9 12 30
12 14 11
21 0 42
19 22 26
2 4 42
10 13 31
16 19 19
13 16 11
3 6 11
12 16 38
16 19 44
21 0 37
2 5 16
12 15 13
7 11 18
21 1 41
8 9 14
9 12 27
6 8 1
12 15 21
7 10 28
14 17 13
12 15 21
7 9 25
0 2 35
2 5 38
16 18 33
9 11 39
2 5 36
1 6 34
20 0 37
18 22 12
23 3 32
21 23 45
12 14 32
22 0 30
5 8 8
2 7 18
18 22 4
14 17 9
23 3 3
6 9 39
7 11 21
3 6 3
4 7 39
20 23 37
7 11 39
5 8 41
2 5 28
8 10 13
10 13 35
6 10 37
5 8 26
0 3 1
8 9 14
4 9 16
6 9 6
5 9 20
6 10 7
6 9 14
22 23 28
22 0 36
22 1 39
20 23 3
10 14 30
16 18 35
8 12 28
21 0 12
10 13 27
14 18 2
16 19 27
13 16 45
23 2 27
0 4 36
5 6 44
6 10 33
20 23 31
17 18 8
9 10 10
4 6 42
15 18 9
23 2 12
16 19 38
5 7 4
1 3 10
19 21 32
3 6 42
12 14 4
12 15 28
14 16 26
9 14 22
11 14 1
4 8 33
19 22 7
16 19 30
1 4 30
21 1 20
10 13 7
19 23 8
3 8 11
10 12 30
2 5 22
0 4 44
23 1 5
18 23 19
18 19 31
5 8 5
0 3 25
22 2 19
2 3 44
5 9 22
23 2 20
2 5 29
20 22 30
3 6 9
11 14 4
5 7 41
3 6 18
3 6 41
19 23 28
0 3 45
0 3 30
15 17 25
15 19 31
21 0 15
5 10 6
20 22 33
12 16 27
23 4 35
20 23 31
14 17 45
17 21 5
9 12 7
8 13 14
21 23 34
2 4 25
9 12 4
18 21 1
7 12 13
6 10 5
13 16 43
15 18 33
15 17 17
8 12 25
12 15 18
15 18 29
21 0 45
17 19 32
22 3 24
5 10 41
5 9 37
13 18 5
9 11 37
4 5 17
17 18 42
9 10 44
3 5 15
8 9 20
17 21 2
0 0 6
21 23 2
16 18 45
3 7 20
20 23 38
5 7 44
13 14 20
7 10 10
22 23 19
9 11 39
19 23 20
0 6 37
22 2 6
20 22 34
9 13 42
12 15 30
1 3 34
17 19 33
16 19 35
3 6 22
1 3 34
0 3 44
19 22 20
18 21 3
12 17 30
15 19 31
0 4 23
0 4 23
18 20 45
20 0 18
5 8 8
6 9 38
1 3 32
19 23 27
23 1 32
23 4 8
4 6 7
20 23 4
0 3 42
15 18 13
21 0 10
17 21 44
9 12 5
1 3 27
14 18 44
1 5 34
19 21 45
12 15 20
1 6 16
14 16 16
6 10 10
6 9 24
14 16 2
2 5 34
11 12 35
7 10 26
3 5 42
1 3 25
22 0 5
10 14 27
8 12 31
16 19 13
9 12 38
1 3 37
18 20 25
11 14 43
8 10 32
23 3 21
19 22 33
17 22 41
22 2 19
20 21 13
17 21 39
23 5 16
1 5 42
4 7 26
7 10 4
1 5 34
21 21 16
15 20 44
12 16 4
13 18 37
0 2 26
17 21 15
2 6 26
18 20 2
12 16 17
17 19 40
0 1 33
1 4 31
14 17 6
20 0 30
6 9 38
9 12 35
2 6 19
14 17 29
11 13 27
5 8 25
18 19 26
3 6 12
19 23 21
11 14 40
4 6 40
8 12 20
15 18 33
7 10 16
3 8 4
0 1 11
17 19 14
3 7 35
6 8 13
1 4 31
11 15 16
14 17 39
3 7 21
16 20 28
7 9 17
11 13 7
18 21 13
5 9 10
21 23 11
11 15 26
14 18 42
10 13 40
14 16 5
14 15 44
0 5 22
20 0 39
7 10 9
6 9 13
12 16 32
8 13 13
22 1 17
11 13 3
4 7 41
18 20 27
2 4 36
4 8 8
17 22 19
17 19 22
11 13 39
5 7 22
16 21 42
1 3 37
20 22 32
8 12 11
15 17 42
8 12 7
3 6 1
11 15 8
3 5 16
17 19 18
14 18 26
13 16 19
14 17 16
4 7 22
19 20 29
23 1 15
10 14 23
15 17 4
4 6 14
9 13 14
19 21 20
1 4 14
10 12 13
14 19 3
11 14 31
1 2 41
9 13 30
21 0 27
9 12 37
11 14 7
8 11 39
1 3 9
17 22 35
23 3 23
11 14 41
17 22 5
23 2 23
0 5 29
22 0 22
16 20 31
9 11 24
17 19 45
9 14 35
22 2 32
4 7 11
4 8 6
21 0 22
9 13 24
20 0 38
20 22 14
3 6 45
18 22 4
0 3 20
4 7 11
20 23 23
0 3 11
2 7 4
23 1 39
12 14 31
12 14 45
20 22 6
4 5 18
7 10 9
21 0 20
6 8 11
20 22 18
16 18 19
0 3 7
6 11 17
3 8 14
19 23 21
12 15 6
15 19 36
1 2 41
7 13 41
20 23 2
13 17 31
6 8 30
8 12 3
23 1 36
1 4 39
5 8 38
18 20 12
15 19 18
22 2 38
0 0 40
13 18 13
22 2 37
22 1 26
12 15 2
1 5 22
15 19 18
14 18 21
2 7 8
4 7 32
6 12 27
0 3 34
6 8 12
11 12 28
18 22 15
0 3 8
6 9 19
16 20 28
16 17 40
17 18 11
22 1 38
7 9 11
11 14 31
1 4 10
8 11 36
2 5 24
16 19 32
20 22 33
5 9 45
2 4 30
9 12 5
5 7 15
4 7 2
9 12 1
23 1 2
0 4 44
6 10 4
14 16 4
13 17 36
7 12 24
6 9 14
2 7 12
9 12 26
20 23 25
4 8 11
21 0 18
7 12 42
3 6 42
14 16 21
15 17 33
13 16 24
15 18 5
23 2 38
9 13 19
6 8 42
23 3 15
15 17 40
10 14 22
0 4 14
18 22 24
19 23 41
1 4 40
20 0 13
3 6 40
1 6 2
21 22 15
8 10 11
20 23 25
3 6 16
18 22 36
10 13 12
2 5 17
12 15 19
15 18 3
20 22 44
18 22 29
20 0 6
4 6 36
15 19 11
14 16 34
4 9 3
14 18 40
16 21 6
22 0 37
15 18 29
19 20 17
5 9 43
6 8 15
22 0 30
5 8 26
21 0 15
16 19 40
14 16 45
11 14 14
7 9 5
18 20 37
0 3 18
23 3 14
23 4 8
13 16 4
13 14 31
1 4 12
7 11 32
10 13 32
8 11 42
15 19 7
6 9 38
2 3 15
16 20 5
1 4 40
12 15 21
16 19 29
12 16 28
18 22 35
19 20 32
17 20 35
9 12 38
7 10 35
8 11 10
4 8 44
4 7 29
16 20 10
19 23 12
22 0 41
1 3 3
5 7 38
1 5 4
7 12 32
3 6 3
2 6 9
14 18 45
8 10 41
1 3 29
2 4 39
15 17 26
16 19 13
19 22 33
7 10 10
18 21 25
15 18 12
6 7 24
20 23 23
1 4 13
6 8 7
16 20 25
6 8 12
10 14 23
5 7 43
10 13 28
19 21 3
16 19 22
3 6 2
16 20 29
18 21 11
22 1 20
10 14 15
18 20 35
19 23 9
5 10 20
23 2 45
14 17 28
14 18 36
14 19 20
2 8 27
5 9 16
5 7 31
16 20 12
5 7 21
19 21 9
14 17 45
5 6 16
18 19 24
6 8 15
9 12 41
0 3 31
23 2 24
9 13 35
14 17 24
4 6 37
20 23 37
12 13 37
20 21 34
9 11 42
16 19 30
16 19 6
10 12 32
22 2 44
10 11 10
10 13 31
21 0 18
15 17 39
19 23 21
0 4 22
16 20 38
2 4 25
5 8 10
6 9 7
13 17 26
13 18 39
7 10 5
1 3 14
5 9 4
7 10 29
5 8 19
11 14 8
8 12 10
1 6 21
16 20 6
23 2 18
12 15 11
23 1 32
16 18 37
3 5 10
23 4 23
21 1 20
0 4 37
14 16 26
22 2 42
3 6 6
21 23 4
13 17 45
14 15 18
0 4 30
17 19 2
19 22 2
14 18 22
9 12 33
9 12 43
11 14 14
23 1 35
20 22 41
21 23 14
16 19 39
23 2 34
22 2 33
11 14 32
4 7 1
18 21 18
1 5 14
2 7 22
18 20 3
1 6 23
15 18 38
10 13 43
12 17 15
3 5 24
9 12 44
7 10 44
9 12 36
6 8 1
15 19 23
0 3 30
2 4 26
3 7 1
7 11 33
2 6 40
3 7 8
8 11 7
23 2 19
1 6 6
1 4 5
1 3 45
11 14 13
10 11 33
21 0 3
22 23 25
20 22 23
1 3 39
4 8 39
5 8 31
18 20 12
20 22 21
22 2 42
11 14 45
1 3 41
9 14 18
3 5 41
21 1 40
0 3 21
1 4 41
14 17 35
10 14 36
0 4 8
1 3 29
7 10 41
0 2 3
2 7 8
5 9 35
8 10 36
0 3 32
2 5 16
18 23 28
14 17 34
3 6 16
16 19 29
21 1 35
9 13 31
22 1 7
21 23 5
17 20 35
20 23 44
2 5 45
12 15 43
13 16 40
10 13 26
20 23 13
9 13 16
1 3 37
16 18 27
21 1 15
18 19 8
6 9 15
18 21 20
15 18 29
8 12 31
15 18 15
2 4 35
6 7 2
5 9 17
11 15 37
16 20 1
22 3 12
12 15 15
18 22 37
22 1 20
20 22 11
10 13 15
0 2 27
19 22 26
12 15 37
18 22 27
8 11 41
21 23 24
13 16 25
21 23 28
8 11 16
21 0 7
12 15 25
12 14 25
10 14 38
18 20 38
1 3 23
15 17 40
17 18 45
4 7 7
19 21 34
0 3 12
10 15 22
20 0 21
0 2 27
10 14 36
6 9 1
14 16 34
7 9 36
15 16 3
1 4 20
12 17 40
2 5 30
7 8 32
18 21 14
1 5 29
4 8 5
16 19 42
0 2 17
3 7 26
10 13 31
15 16 1
4 7 14
11 15 39
23 3 3
6 8 21
23 2 16
19 22 26
1 4 13
0 3 23
18 20 4
2 4 36
0 3 23
8 11 37
19 23 7
23 3 39
13 16 23
15 17 44
4 8 38
14 16 24
20 0 40
5 7 22
11 13 11
10 13 34
3 5 22
12 15 4
1 3 28
5 9 24
6 10 1
7 11 2
20 0 10
21 2 26
8 12 9
19 22 21
19 23 42
7 8 43
20 22 11
6 9 1
13 16 23
16 19 13
9 11 28
16 20 35
16 19 40
22 1 29
15 18 26
15 18 8
8 10 32
21 1 6
20 0 16
17 21 21
22 23 26
6 9 15
8 13 20
18 21 26
14 17 7
11 16 45
10 12 14
17 20 19
22 2 25
23 2 9
10 13 24
19 23 19
21 1 27
22 0 44
12 17 26
11 13 45
1 5 40
6 9 12
17 20 3
4 8 25
17 21 22
13 16 15
9 12 1
8 12 35
18 20 15
11 13 6
9 11 8
7 9 14
11 14 19
23 0 18
19 23 29
16 20 31
0 4 17
15 19 22
18 19 11
22 1 32
11 15 21
0 1 29
0 4 30
14 18 5
21 23 9
6 8 25
5 9 20
15 18 9
5 7 23
16 17 20
21 0 34
13 16 10
12 15 2
23 3 3
5 8 19
9 12 23
17 21 21
8 9 23
18 21 14
10 11 2
15 17 35
16 18 16
9 14 11
19 22 35
10 13 11
18 20 24
23 0 44
14 17 2
20 22 1
9 12 9
3 4 14
2 5 41
17 19 16
16 21 8
2 6 24
15 18 21
7 11 29
22 22 6
21 23 28
21 0 45
14 19 21
8 12 41
8 11 28
13 17 45
14 16 7
0 1 9
7 11 40
10 15 12
4 6 32
2 4 7
5 9 24
21 1 16
16 20 39
16 17 10
6 8 18
14 17 13
11 14 39
17 19 10
22 3 21
0 4 6
20 0 40
12 14 23
2 5 25
9 13 36
14 17 1
15 17 14
1 4 14
9 13 24
19 21 15
0 3 38
9 13 39
5 9 33
20 0 18
4 8 12
7 9 19
17 20 34
11 13 28
2 4 43
18 21 30
4 8 33
3 6 36
19 22 26
2 6 13
16 17 26
13 17 25
10 14 27
9 12 17
12 14 34
8 11 9
14 19 9
13 16 33
3 6 25
2 6 42
1 6 31
0 5 22
14 16 13
10 14 16
9 11 14
23 0 12
1 3 24
17 19 1
4 6 44
1 4 16
12 14 36
20 21 40
4 7 42
22 0 36
11 14 38
4 8 35
15 19 18
17 19 23
12 16 14
12 16 31
22 2 13
6 8 20
