1000 86
11 22 71 47 22 37 36 35 67 23 24 46 3 13 86 46 33 25 16 60 9 59 63 39 79 55 55 33 2 80 73 19 43 69 21 30 55 12 19 80 18 50 33 32 51 15 19 48 33 29 17 11 55 25 30 20 57 17 81 40 20 22 80 76 41 67 58 79 44 46 42 73 78 63 46 68 66 14 78 48 79 67 72 84 47 26 
19 22 56
21 0 77
15 18 85
23 2 80
5 9 61
13 15 5
8 11 18
9 12 66
23 3 38
3 7 52
2 5 40
14 16 80
14 16 76
1 4 81
11 14 77
20 23 57
3 4 81
9 10 62
2 5 23
21 22 57
0 3 43
15 20 60
5 8 67
15 17 37
1 4 80
13 15 61
18 23 82
12 14 69
2 6 18
17 19 75
20 22 78
3 6 55
7 11 70
4 7 56
23 5 32
19 23 10
17 20 53
10 12 70
2 6 13
8 12 42
23 0 27
11 15 48
22 1 61
17 21 47
10 12 79
15 18 47
4 8 39
13 16 34
4 6 47
21 1 16
13 18 31
8 10 65
14 17 65
4 7 18
11 13 63
21 0 47
19 20 40
19 21 5
19 23 16
17 22 29
6 7 57
1 6 27
1 2 46
20 1 43
8 12 66
12 16 74
18 20 42
0 3 11
4 9 30
4 8 26
19 23 80
6 8 31
22 0 14
19 0 5
17 18 81
5 10 58
15 18 45
7 10 27
17 20 79
12 14 46
0 3 40
13 16 79
22 0 57
2 2 33
15 19 3
6 9 57
5 9 41
0 4 54
1 3 43
16 19 69
5 8 10
15 18 22
20 0 54
16 19 45
1 4 55
11 15 31
8 12 80
0 3 10
19 22 44
22 2 75
19 22 21
21 0 83
17 21 4
5 8 54
10 14 72
13 17 7
19 21 24
21 23 82
9 11 78
3 6 14
7 9 70
16 18 9
20 0 45
10 13 72
10 13 68
6 8 39
22 3 80
22 2 80
17 18 71
2 3 65
11 12 41
4 8 59
6 8 18
23 3 65
1 4 12
3 6 13
9 12 19
12 15 73
13 13 14
14 17 62
22 0 42
23 3 72
21 23 11
21 22 46
13 17 17
5 7 82
16 21 53
13 16 27
19 21 28
21 23 50
22 2 25
2 4 72
6 11 28
7 11 9
6 8 34
14 16 53
22 1 84
19 21 51
8 11 20
16 19 63
11 13 86
22 1 81
1 4 85
3 7 1
20 1 55
1 2 84
15 17 20
0 3 27
11 13 11
10 12 46
19 23 68
6 8 10
7 8 71
8 11 64
4 9 49
22 2 51
15 19 81
8 12 77
0 3 85
9 13 4
17 21 44
2 4 24
21 0 71
9 12 20
14 18 47
4 6 54
2 3 47
12 15 48
7 11 10
8 11 55
20 22 75
5 7 38
21 0 11
19 22 32
18 21 82
16 19 42
15 17 44
4 6 61
13 15 62
8 13 74
11 15 21
18 21 81
7 11 14
16 19 47
20 0 26
3 6 48
15 18 47
5 6 38
16 19 28
1 4 83
19 0 72
15 18 24
17 21 54
20 1 35
11 14 38
12 18 37
19 21 58
17 21 60
15 18 58
21 23 4
20 22 53
14 18 64
0 1 44
21 0 45
13 17 65
5 7 43
19 21 49
22 1 40
14 17 34
14 17 38
6 9 13
19 21 51
13 15 49
0 2 81
16 19 66
15 18 47
8 11 46
22 2 44
23 2 44
1 4 56
16 20 79
21 0 34
0 2 36
15 18 36
21 1 85
14 20 38
4 6 40
20 23 85
2 4 8
21 0 37
3 3 71
20 0 67
17 20 16
23 3 29
1 4 4
1 5 41
0 3 86
2 5 41
2 5 64
19 22 22
11 15 12
23 2 15
1 3 10
19 22 36
15 20 38
1 5 58
0 2 13
19 23 13
7 9 83
3 6 13
11 13 62
22 0 65
21 0 74
8 9 8
8 10 6
22 0 24
14 17 4
19 21 72
17 20 69
5 7 40
17 19 37
4 8 19
9 12 56
17 20 36
20 22 35
3 7 70
18 22 17
15 18 22
19 22 76
19 22 76
6 10 63
5 8 41
12 14 23
3 4 47
13 16 28
16 17 33
20 22 63
22 1 51
14 17 77
7 11 11
9 11 7
11 12 37
13 16 7
11 15 86
22 2 37
0 2 10
18 20 71
12 14 50
12 16 19
15 18 35
12 12 70
19 22 69
6 8 22
13 16 54
7 11 86
11 14 55
16 18 85
23 4 78
18 22 17
8 11 7
13 17 83
12 16 64
19 21 27
12 15 73
16 20 4
12 15 77
22 3 34
2 5 46
7 11 37
7 10 1
3 5 22
17 20 53
4 7 30
2 3 86
17 19 70
11 16 79
19 23 57
0 2 66
7 10 45
14 18 46
12 16 72
22 1 23
2 5 53
16 20 24
18 21 1
11 15 61
3 7 7
20 23 34
17 21 45
18 21 13
14 16 77
6 10 59
16 19 41
7 12 73
22 2 24
6 10 53
11 12 65
11 14 57
10 12 16
20 0 17
6 10 62
22 2 66
23 0 36
23 3 15
15 18 71
11 14 61
23 1 70
7 12 8
8 12 40
13 19 7
0 4 6
13 17 33
18 22 51
11 12 78
16 20 20
0 4 70
2 6 76
13 17 8
22 3 55
16 19 73
21 2 39
20 23 54
15 19 52
17 22 79
0 2 71
23 1 19
14 16 61
11 14 14
9 13 8
12 14 25
8 11 84
7 8 1
18 20 85
5 8 77
23 3 16
19 22 43
6 9 63
11 14 33
18 20 77
7 9 24
1 2 14
17 19 4
8 13 7
23 1 22
2 4 7
5 9 56
7 10 83
9 12 45
17 20 4
21 23 35
1 5 37
22 23 65
4 6 54
9 11 65
21 0 50
0 1 47
21 23 10
4 7 19
14 18 23
1 4 84
0 4 77
12 14 21
23 2 36
14 17 66
23 1 69
6 10 49
0 1 71
14 16 85
2 3 14
1 5 38
8 10 29
6 10 45
0 4 39
2 4 3
4 5 57
0 2 81
1 5 71
17 20 79
20 22 5
18 22 46
10 12 67
2 4 72
5 9 6
23 2 63
17 20 14
6 9 26
13 16 72
20 23 55
18 20 20
22 1 84
20 22 39
21 23 51
7 9 44
1 3 35
2 5 53
21 0 9
5 7 52
16 19 35
23 4 20
11 14 54
11 14 80
5 8 47
23 0 78
23 2 9
22 0 74
7 10 82
4 7 64
17 20 23
21 22 20
12 17 8
13 17 61
6 9 37
11 14 49
17 21 33
21 0 67
18 21 43
9 11 76
6 9 54
1 4 60
11 13 10
2 5 25
17 19 3
7 10 12
20 1 34
23 4 23
6 11 14
3 5 23
19 23 38
11 15 36
12 16 23
14 17 21
6 8 44
0 4 67
7 11 2
1 4 38
14 18 63
21 0 48
10 13 9
17 20 5
6 10 45
22 0 56
1 5 65
14 16 44
6 9 63
12 14 42
3 6 47
6 9 73
9 11 68
0 2 72
17 20 15
0 3 58
6 10 82
8 12 54
9 13 54
12 13 14
6 10 6
17 19 62
12 14 22
3 6 83
5 8 3
22 1 15
23 2 54
0 2 5
21 22 86
7 9 55
23 2 17
13 16 64
5 8 68
15 19 10
13 17 53
21 23 69
16 20 57
11 15 41
8 11 3
15 17 47
2 6 2
21 1 18
2 6 54
11 13 70
22 2 84
7 10 86
12 15 27
22 23 51
4 7 5
6 7 82
2 4 5
0 3 73
6 9 81
19 22 22
9 12 57
5 7 61
20 0 28
18 21 58
15 16 10
9 10 50
21 0 3
3 7 5
19 21 31
14 17 25
12 14 18
18 22 65
20 0 24
17 22 49
7 11 7
4 7 11
20 23 31
11 15 3
7 10 77
12 15 31
17 22 56
1 3 33
23 3 28
19 20 3
10 13 20
16 20 47
16 19 45
10 12 47
8 9 63
19 23 60
13 16 51
9 12 38
3 7 39
23 2 29
17 20 76
14 18 19
9 11 67
2 5 59
7 10 85
23 1 70
8 10 79
19 21 43
6 8 83
21 23 61
2 6 62
22 1 46
13 15 9
3 6 82
22 2 12
8 12 34
16 18 24
6 10 67
4 9 3
22 1 12
7 8 67
0 3 52
0 4 58
4 6 2
18 19 20
18 21 61
14 18 48
9 12 69
19 20 67
22 2 57
16 20 62
5 8 84
4 5 3
15 19 76
19 0 75
10 15 57
1 4 45
4 9 79
16 19 55
6 9 53
7 9 3
7 10 31
14 17 58
15 18 72
9 13 83
10 13 12
3 6 24
20 23 12
6 10 31
21 0 28
4 8 55
18 22 57
10 13 3
8 10 41
20 23 21
19 20 35
16 19 70
3 6 70
13 15 22
4 8 10
22 3 44
4 8 28
16 18 56
2 3 28
23 3 81
14 18 70
2 6 1
23 3 16
21 0 52
18 21 72
21 0 60
13 16 13
18 22 52
11 13 68
3 6 41
22 1 8
8 12 54
11 12 86
11 13 65
7 12 27
19 20 40
5 8 55
7 8 86
12 15 57
9 11 81
0 2 7
7 9 34
5 9 76
11 15 23
11 15 82
11 14 60
12 15 53
8 12 16
14 17 47
2 4 45
4 6 51
23 2 19
3 9 38
8 10 79
2 7 57
22 2 85
22 1 14
22 1 48
13 16 25
10 11 83
1 3 53
22 1 48
3 6 6
5 8 28
22 23 38
4 6 85
14 17 14
0 1 72
4 7 17
0 3 19
12 16 15
6 7 62
21 22 37
8 12 74
6 10 30
12 15 55
5 10 81
8 10 4
14 17 31
1 5 2
23 1 81
4 8 51
15 17 5
19 21 43
22 1 62
3 7 16
18 19 80
10 13 62
18 19 9
9 12 27
19 21 41
0 1 10
8 12 64
8 11 76
2 6 36
23 1 47
2 6 45
4 8 31
12 16 9
20 1 20
21 1 77
6 11 48
11 15 86
2 5 3
5 8 44
19 23 20
13 16 80
2 4 40
4 10 21
9 13 41
19 21 79
4 7 29
1 5 60
5 8 62
18 20 78
23 1 22
0 2 32
20 23 71
20 23 57
10 14 38
9 9 28
3 8 38
22 3 85
16 18 49
19 23 35
9 13 74
3 6 36
10 13 85
20 0 21
2 5 27
15 17 65
11 14 13
2 4 28
2 4 2
12 15 38
12 15 53
18 20 47
23 1 13
0 4 36
19 21 39
9 12 41
9 12 10
7 10 13
19 21 53
4 7 10
17 19 45
14 17 8
14 18 18
15 18 62
20 0 20
0 3 8
6 9 5
20 1 86
11 13 30
0 4 53
21 0 26
16 20 28
21 0 38
11 13 77
21 1 57
12 13 50
0 5 86
16 18 75
18 20 3
14 17 32
18 22 84
12 16 33
3 6 30
12 14 3
16 19 41
6 8 31
13 18 81
2 5 81
18 23 18
23 1 55
5 8 38
2 4 32
14 17 80
3 6 47
10 13 22
0 2 19
7 10 52
15 18 80
11 14 63
9 12 45
7 9 9
16 18 22
10 13 73
6 8 61
4 7 44
18 23 24
3 5 57
18 21 75
7 11 1
11 14 4
9 13 3
13 16 1
3 7 79
1 3 20
19 22 2
14 18 56
7 11 16
4 7 3
8 9 21
9 12 54
1 3 15
21 23 45
7 10 13
17 20 86
21 0 53
11 13 70
13 16 15
17 19 53
23 3 56
0 5 51
16 18 52
15 18 35
4 7 78
15 19 83
5 8 37
2 5 33
9 12 7
9 11 12
14 17 23
8 11 1
15 18 12
9 12 37
7 8 84
9 12 15
0 2 71
9 12 5
22 23 77
4 5 74
13 15 81
7 9 35
7 9 36
18 20 14
17 20 14
19 21 27
9 13 1
13 15 23
19 22 44
16 19 28
22 1 9
16 18 60
1 5 57
10 13 68
3 7 65
17 19 55
8 11 30
9 12 58
6 9 17
17 20 70
0 2 1
22 3 84
14 18 59
16 19 51
22 1 33
21 0 36
19 22 84
21 23 16
15 18 16
8 11 51
10 12 72
16 20 17
19 23 71
4 7 29
18 21 27
11 15 85
23 2 78
9 10 55
18 22 24
11 14 77
11 14 32
18 0 49
15 19 22
1 5 57
9 12 50
21 0 67
3 6 42
6 10 18
7 10 10
16 18 13
17 19 19
20 22 82
8 11 56
8 11 25
20 1 29
9 12 2
21 23 39
1 5 86
6 10 31
15 18 56
5 8 83
10 13 1
18 22 52
4 7 6
11 15 23
23 2 27
0 3 4
16 18 33
10 14 61
10 13 16
22 1 24
3 6 26
4 7 61
4 8 71
20 23 64
16 18 20
2 4 28
1 3 46
10 13 22
16 18 35
5 7 39
2 6 40
10 14 25
10 13 28
15 18 41
2 6 48
18 21 5
12 14 44
4 6 55
0 4 40
9 12 54
2 5 7
18 20 48
10 12 84
7 10 86
17 22 26
9 12 51
23 2 30
4 6 73
15 18 50
23 3 74
22 3 41
16 17 32
6 9 33
3 7 85
5 8 66
5 7 48
2 5 86
15 18 16
5 9 81
11 13 46
18 20 23
8 10 37
19 23 62
22 0 17
9 15 28
4 6 30
9 12 58
16 19 1
11 12 81
8 13 24
6 9 12
18 23 34
3 5 64
14 16 20
3 7 80
18 20 50
4 8 56
6 8 52
18 22 50
23 3 68
15 20 38
9 12 12
5 9 58
22 23 73
0 4 40
14 18 4
11 15 50
19 22 79
17 22 69
8 12 1
2 6 58
3 3 31
20 0 60
1 4 53
4 8 62
6 9 82
18 21 29
18 21 4
