1000 27
7 18 11 17 17 13 18 24 20 10 14 16 21 22 20 18 21 16 22 10 16 7 4 24 6 23 4 
13 15 27
22 2 26
14 17 14
7 10 17
2 6 7
11 13 21
9 11 4
4 9 21
12 14 20
12 15 5
22 3 12
8 11 2
22 23 18
18 21 9
15 16 12
7 10 3
21 23 1
0 2 19
9 11 9
1 4 7
22 0 9
1 4 16
6 9 10
2 5 5
6 11 14
8 10 21
14 18 3
22 1 25
3 6 2
18 22 7
13 16 26
11 13 5
10 12 11
4 8 5
5 9 6
19 22 4
10 13 24
6 8 7
20 22 7
14 17 3
10 13 7
13 15 22
6 10 12
0 3 14
7 10 26
22 1 21
4 7 15
2 4 11
18 21 3
18 21 19
14 15 17
8 13 10
16 18 26
8 11 20
0 2 2
15 18 17
15 19 12
2 6 17
6 7 23
10 12 1
5 8 15
20 23 6
9 11 21
4 6 25
13 18 21
23 3 5
18 22 12
15 16 20
21 22 9
1 3 21
8 10 4
20 23 26
2 6 2
2 4 10
21 22 4
16 19 16
19 0 16
13 16 6
9 12 19
23 2 1
18 20 10
2 6 26
6 11 9
6 9 7
16 21 5
2 6 10
16 19 17
5 7 19
13 17 26
20 0 27
5 9 19
1 4 24
14 16 17
6 9 18
11 13 26
5 8 15
18 22 15
17 20 9
9 13 5
13 16 6
23 2 6
20 23 20
9 12 18
13 16 6
1 4 20
1 4 16
11 15 17
15 18 20
8 10 8
15 18 27
23 1 4
22 1 27
17 21 12
0 4 19
4 8 16
15 17 21
16 20 1
3 6 15
20 21 26
8 10 10
2 7 18
15 17 10
1 3 23
0 2 24
17 22 5
1 5 27
9 12 26
3 4 10
15 19 9
12 16 9
18 22 26
4 6 16
5 8 10
23 2 3
18 21 8
9 11 16
12 17 23
6 9 10
0 3 7
18 20 25
15 19 25
18 22 14
14 16 3
9 11 19
22 2 3
1 3 16
11 13 13
16 20 1
3 7 19
8 12 16
9 11 19
6 9 20
13 16 26
7 10 12
12 15 23
15 20 9
6 9 9
3 4 12
0 5 25
21 23 21
14 18 21
20 0 6
13 17 3
20 0 5
14 17 15
8 13 18
21 0 10
18 20 14
12 16 26
20 0 27
3 6 10
6 8 11
3 6 22
12 16 6
9 12 13
12 15 11
19 22 22
18 21 16
15 17 8
8 12 5
20 23 19
23 2 11
5 6 26
8 11 6
8 11 16
13 16 11
15 19 22
15 16 14
12 14 25
10 13 11
9 13 11
22 1 11
2 4 3
4 8 17
1 4 9
10 12 9
21 1 13
22 1 9
8 9 20
22 2 20
14 16 8
20 22 1
4 8 14
14 18 18
8 12 12
22 1 27
0 2 5
22 0 17
7 10 11
12 15 12
21 23 4
8 11 15
0 3 4
19 22 11
6 10 9
17 20 20
21 1 19
1 5 5
3 6 10
16 20 22
7 9 11
16 21 2
2 4 18
1 2 25
1 3 26
20 23 13
0 3 17
20 23 10
14 16 15
2 5 8
8 11 9
3 7 18
21 1 6
19 23 19
14 19 1
2 5 16
17 20 6
20 22 19
4 7 16
10 13 23
23 2 1
19 22 3
3 7 21
13 17 26
23 0 27
13 17 17
8 11 3
18 21 19
5 7 23
18 22 7
3 4 8
14 18 10
22 3 19
3 8 25
9 12 25
2 5 8
7 10 13
12 15 20
8 11 26
6 10 19
20 21 13
9 13 13
19 22 27
3 6 26
11 13 1
19 19 24
1 6 21
12 15 11
16 19 16
14 16 11
17 20 24
6 9 8
15 16 21
3 5 12
11 14 16
3 8 26
11 15 18
23 2 20
11 14 24
23 3 8
6 9 10
15 17 10
12 15 10
6 10 18
6 6 12
1 3 5
9 12 25
5 8 6
8 12 15
22 2 6
18 19 17
8 11 25
6 9 23
0 3 18
18 21 23
16 18 19
8 10 1
16 18 26
0 3 27
9 12 12
3 6 19
2 5 5
13 17 4
2 6 4
2 5 2
6 10 2
2 5 7
15 16 22
23 2 1
10 13 24
1 4 5
20 22 5
18 20 16
13 16 16
7 8 27
6 10 17
17 20 22
15 18 14
2 7 27
5 8 11
0 2 25
21 0 18
13 16 20
14 16 23
8 11 18
7 8 15
12 14 2
6 9 26
6 9 17
20 0 12
2 4 6
7 9 3
12 15 27
21 23 3
14 15 2
12 15 9
9 12 5
23 2 18
3 6 10
14 17 1
8 10 11
3 5 1
6 9 25
13 17 13
22 1 27
12 16 24
2 4 23
12 16 1
16 21 1
17 19 20
1 4 7
0 3 9
8 12 14
7 9 16
1 5 14
0 5 21
15 18 2
1 4 8
15 17 22
18 21 17
7 9 6
19 21 3
23 0 23
6 9 5
10 12 7
16 20 7
16 16 3
6 9 22
10 14 2
1 6 27
7 10 1
16 19 11
4 8 3
8 11 12
10 11 20
3 6 9
4 8 3
7 10 3
2 4 13
18 21 17
6 10 22
3 6 15
0 4 27
8 11 24
7 10 15
13 16 20
8 12 26
18 19 20
4 8 2
11 12 2
19 0 15
18 21 26
8 11 9
18 21 21
9 11 14
2 7 9
0 3 3
2 4 18
15 18 2
18 21 22
7 9 17
2 3 17
6 9 1
18 20 20
17 22 23
2 4 5
18 20 19
0 1 2
0 2 23
0 3 17
7 9 4
19 22 19
8 11 7
23 1 17
0 3 21
2 5 20
12 14 20
4 7 19
11 14 15
18 20 22
11 13 17
18 19 16
16 20 7
2 5 17
8 12 4
7 10 7
19 21 10
21 23 24
15 19 19
1 4 24
14 16 12
6 10 5
18 20 15
18 22 10
11 15 22
21 23 13
21 0 10
9 13 16
5 7 6
18 22 18
21 0 26
11 14 15
11 15 25
16 18 6
12 14 24
9 12 5
16 19 4
13 16 22
4 7 25
22 0 17
7 12 5
15 18 20
13 15 24
12 15 12
11 14 22
7 10 11
0 3 16
7 9 17
12 15 23
21 0 11
8 12 14
15 17 21
22 2 9
15 20 12
19 22 18
2 6 14
5 7 18
0 1 22
13 15 1
5 7 26
18 22 18
19 22 26
2 4 5
8 12 2
18 20 7
2 3 3
1 4 26
15 19 1
13 16 5
14 17 22
10 13 11
6 8 15
23 3 1
11 14 21
18 22 13
10 15 27
23 1 22
5 8 15
9 13 6
22 1 14
15 18 12
14 17 3
21 22 12
4 6 6
1 4 13
3 7 23
4 7 22
7 10 9
21 1 4
20 23 4
16 18 27
19 23 15
16 18 16
15 19 22
20 23 6
6 10 12
17 21 7
10 15 15
18 19 27
20 23 18
3 6 27
22 2 3
5 7 21
19 23 5
18 21 17
14 15 6
6 9 25
6 10 5
12 16 16
19 22 25
17 20 12
4 7 18
6 11 2
22 0 17
6 8 5
11 16 5
10 13 4
19 21 17
2 4 13
0 3 26
3 5 16
22 2 10
17 20 4
4 7 24
15 17 1
3 5 14
7 9 7
2 4 3
13 15 21
4 7 18
4 6 5
23 3 10
9 11 1
6 10 14
19 22 8
17 19 14
9 13 7
10 13 7
19 0 11
18 20 1
9 11 21
17 20 13
1 3 14
10 12 11
13 15 13
21 23 22
14 17 10
0 4 7
23 3 9
18 21 17
7 11 2
2 3 10
11 14 26
5 8 4
11 13 13
20 23 4
18 22 24
15 20 9
17 20 2
13 16 25
1 4 24
19 20 8
3 7 25
14 17 10
4 6 18
3 5 12
6 8 27
20 0 21
5 9 11
21 1 20
16 20 22
7 10 25
15 18 4
0 3 18
10 13 7
0 2 16
2 4 10
16 18 21
19 22 17
22 1 12
17 21 15
11 12 26
14 17 4
18 20 8
0 2 12
21 1 25
9 13 21
2 8 5
0 4 23
19 22 7
2 5 3
12 15 10
18 20 3
0 0 5
0 3 20
0 3 7
7 11 6
20 22 8
15 18 18
0 2 12
6 7 15
17 21 20
17 22 13
3 7 10
23 1 18
5 8 13
11 13 7
23 2 26
13 16 24
20 0 14
16 17 11
21 0 25
14 16 2
6 8 16
19 1 15
2 4 26
21 0 15
18 22 26
8 11 17
18 22 9
17 21 10
12 14 7
5 7 27
18 20 13
18 21 9
15 18 19
15 19 10
10 13 20
22 2 20
19 21 25
20 21 24
1 3 12
21 0 17
7 10 7
15 20 16
20 23 23
16 18 11
14 17 16
13 16 6
6 10 9
11 14 24
5 8 23
3 5 11
22 1 12
6 10 11
19 22 10
1 5 12
18 21 2
7 8 20
15 19 4
22 2 13
2 5 6
20 23 5
21 23 21
6 10 19
15 16 20
0 2 18
18 21 13
10 14 21
18 21 10
5 7 20
1 3 19
22 3 8
7 11 16
12 15 2
4 8 8
8 11 27
11 15 4
15 18 1
10 13 20
13 18 19
17 22 16
20 22 5
14 18 23
3 6 22
10 14 12
6 10 10
0 3 24
6 10 14
18 22 4
15 19 12
14 19 2
12 16 20
14 15 7
6 7 4
12 13 25
8 12 17
23 2 14
8 11 16
19 0 24
16 19 23
16 19 13
5 9 26
17 20 24
12 15 8
4 8 11
7 8 9
12 15 8
13 17 11
6 12 3
15 18 13
11 13 20
4 7 18
11 13 4
14 19 18
22 0 19
22 2 3
10 13 26
23 3 24
8 11 16
10 14 1
18 21 15
1 3 10
6 10 8
18 22 16
15 18 9
11 15 13
3 7 13
19 23 7
11 14 11
23 1 1
4 6 14
9 11 16
14 17 17
11 14 5
4 8 8
4 6 24
4 8 10
9 13 9
11 14 24
11 15 8
23 3 21
21 22 24
19 21 11
19 23 4
13 15 19
20 21 16
13 15 5
16 20 12
20 23 2
15 17 2
22 0 10
12 13 16
4 6 11
8 13 25
4 7 5
5 7 19
19 23 17
12 15 11
5 8 13
8 11 22
16 18 8
11 15 21
9 12 23
7 9 27
19 20 20
7 9 21
20 22 5
16 19 20
3 5 17
1 3 11
0 3 2
13 16 16
18 21 2
18 22 19
7 11 7
6 9 22
21 22 24
14 17 21
5 7 26
6 10 22
9 12 20
1 4 16
5 9 15
0 3 21
10 11 26
4 7 21
15 18 5
2 4 26
0 4 5
7 11 22
12 16 26
1 4 26
21 23 25
20 1 8
13 17 24
5 8 2
3 8 1
9 13 16
1 4 26
12 15 1
1 4 22
18 22 8
14 17 18
11 14 16
2 7 18
9 12 23
21 1 25
19 23 3
1 3 10
4 5 8
12 15 9
7 9 14
2 6 13
21 23 12
10 13 9
19 21 19
11 13 7
15 19 27
9 12 4
3 6 9
2 4 23
2 5 8
18 20 25
9 11 2
14 16 6
3 6 2
21 22 13
3 4 27
15 19 23
3 4 4
22 2 9
3 5 19
15 17 11
12 12 22
14 17 22
22 0 3
14 19 5
0 5 19
20 23 18
0 4 6
2 5 19
4 8 22
3 6 18
22 23 26
11 15 9
5 8 11
4 6 16
18 22 26
23 2 23
18 20 20
20 23 8
8 11 20
6 9 6
8 10 26
21 1 4
21 0 5
11 14 17
2 7 4
0 2 7
6 9 3
17 20 8
10 12 23
14 15 22
23 3 1
18 21 2
4 7 5
5 9 19
12 15 9
12 15 5
0 4 9
6 8 16
0 2 16
18 23 11
4 6 4
12 13 15
9 12 18
6 9 24
11 15 23
22 23 19
4 7 4
14 18 20
10 13 17
20 0 18
22 1 15
0 1 14
21 0 22
22 1 2
17 20 14
3 6 24
7 12 11
10 12 18
6 9 6
18 20 3
6 8 25
10 11 20
12 15 9
21 23 25
17 21 2
2 6 22
9 12 9
18 21 21
16 20 9
0 3 24
6 11 25
12 16 13
2 4 10
5 8 4
0 3 7
13 16 16
1 4 25
11 13 27
7 10 6
12 16 23
22 1 6
11 14 13
8 12 1
4 7 24
4 6 4
1 4 9
5 7 22
11 14 10
22 1 15
11 15 15
6 11 1
4 7 6
0 4 2
17 20 22
19 21 24
23 1 4
0 2 15
15 18 10
1 4 24
4 7 8
3 6 18
6 8 26
10 13 6
11 17 6
22 2 26
10 14 24
0 3 6
14 17 10
5 6 26
11 14 24
22 0 27
19 23 19
15 17 24
16 20 5
11 13 12
9 11 19
9 12 26
22 1 10
0 4 3
12 16 2
9 11 23
0 5 6
19 23 24
11 12 20
21 0 11
2 5 10
22 0 27
8 9 1
10 14 12
15 19 1
20 0 27
0 4 27
12 15 7
16 19 16
8 11 12
22 2 9
19 21 21
14 17 7
19 23 3
20 23 27
21 0 20
2 5 12
16 19 21
17 19 24
20 1 20
21 0 23
8 10 1
15 18 21
22 3 25
23 2 26
4 7 5
0 3 12
23 1 20
14 18 15
16 19 10
8 11 26
3 5 21
0 4 1
20 0 16
9 12 20
23 3 5
12 16 9
19 0 14
21 2 11
21 1 18
10 11 19
