1000 74
62 49 22 63 30 45 72 31 8 32 61 49 37 67 60 67 19 44 2 5 62 65 5 11 51 1 51 1 70 69 53 29 16 67 60 58 40 10 64 49 28 58 21 21 30 69 45 44 10 32 13 68 39 62 50 34 73 58 69 4 74 64 22 23 45 71 55 54 23 66 18 14 33 57 
11 15 72
21 0 65
15 18 66
19 23 32
7 10 42
17 19 45
3 4 16
8 11 62
19 21 62
2 4 20
6 9 26
11 16 27
14 17 30
17 21 64
20 23 54
20 23 37
22 2 45
10 14 32
18 21 57
17 21 38
22 1 7
0 4 7
23 2 46
21 1 18
1 4 54
9 11 45
20 23 47
12 15 13
11 14 58
8 9 68
5 8 71
10 14 37
22 1 44
1 3 37
12 14 60
21 23 71
13 15 55
18 22 18
7 8 42
17 19 4
18 19 52
6 11 53
20 22 11
19 23 43
9 13 28
15 19 12
20 1 16
2 6 52
3 5 20
11 14 32
11 14 2
10 15 69
4 8 68
7 9 54
21 0 7
12 15 50
3 5 13
8 11 27
16 19 68
15 17 62
4 7 3
18 22 70
23 4 43
17 20 40
6 10 45
11 13 69
1 4 56
10 13 53
15 18 30
1 2 12
10 11 72
7 10 25
10 12 53
0 5 4
2 5 69
17 20 61
8 11 72
22 1 36
9 11 64
0 4 74
4 7 71
19 0 5
15 18 14
13 15 48
8 11 43
16 20 43
22 2 11
9 12 11
21 23 65
4 7 69
9 11 37
7 10 45
7 9 18
23 2 74
8 11 15
4 6 28
2 4 67
21 1 37
8 11 56
16 20 21
12 15 58
8 9 34
7 10 63
3 7 26
15 18 32
11 12 34
16 18 22
10 13 12
21 23 38
17 20 8
3 5 60
4 7 50
16 20 64
17 20 1
13 16 68
17 20 59
0 1 22
11 14 18
21 0 27
10 12 1
1 3 47
1 4 71
21 0 56
13 17 4
22 1 32
15 17 12
1 4 50
6 11 3
2 6 45
3 5 52
18 21 3
10 15 28
18 21 40
3 7 50
7 10 35
15 19 38
12 14 48
19 21 15
0 2 46
23 1 71
19 23 46
11 14 7
3 6 39
3 3 60
7 11 21
9 13 52
21 1 57
10 14 71
4 8 18
11 13 31
7 10 72
15 18 58
12 15 2
7 8 43
8 12 66
2 4 40
13 16 50
5 7 5
5 7 51
0 4 6
14 17 4
0 2 29
13 15 40
9 12 60
6 8 49
19 22 46
4 7 22
14 17 61
1 4 42
20 23 54
10 14 18
9 12 26
8 10 65
20 22 12
15 17 37
12 15 59
17 19 41
2 4 36
3 8 59
14 16 69
6 8 60
2 5 17
23 2 24
16 19 71
13 16 49
11 14 12
5 8 26
19 22 62
19 21 14
21 0 26
22 0 22
14 14 19
9 14 3
7 11 54
17 20 60
3 7 44
21 21 50
8 12 51
15 18 71
2 4 46
10 11 15
17 19 16
21 2 72
6 9 10
17 20 33
18 20 14
17 20 4
8 11 63
20 22 46
21 23 37
14 17 23
20 0 13
18 21 4
10 12 63
23 1 20
17 20 54
3 6 9
14 19 43
0 4 51
20 23 59
2 5 46
10 14 20
18 22 39
20 22 11
16 19 12
11 13 46
12 15 45
16 19 38
13 16 26
7 11 38
5 8 17
14 16 13
4 9 13
8 11 6
13 15 9
10 14 18
4 8 7
11 14 67
9 13 24
3 7 21
17 20 65
7 11 36
14 17 51
19 23 49
9 12 57
18 22 17
16 20 23
13 15 50
23 1 3
19 1 60
18 22 48
12 14 44
11 13 1
20 22 40
9 11 3
20 23 2
9 12 32
13 16 39
9 11 11
20 22 54
19 23 64
18 23 60
1 6 51
5 9 38
16 20 55
4 8 54
14 18 57
9 12 63
22 3 53
15 19 40
6 9 24
14 15 31
13 16 4
22 1 3
3 6 22
13 16 57
19 22 43
14 18 27
16 20 68
0 2 12
22 1 7
6 10 67
3 6 17
21 0 25
14 19 7
10 12 3
22 0 9
6 10 33
9 12 34
6 9 9
12 16 32
1 3 43
15 17 67
18 21 17
22 23 36
0 4 15
11 14 5
4 7 8
12 15 74
15 19 24
21 0 2
9 13 46
16 19 32
6 10 4
21 0 15
18 22 39
13 16 34
22 0 31
8 10 1
18 21 62
1 3 29
17 18 35
20 23 73
10 14 48
20 22 53
23 2 53
1 4 39
18 21 20
4 7 10
10 13 25
7 10 39
5 7 74
17 21 39
22 0 66
21 0 37
14 17 74
10 12 18
9 11 54
10 13 31
5 8 47
20 22 34
19 22 33
11 15 32
10 14 26
10 14 33
6 9 20
22 0 68
2 5 55
4 8 52
13 17 30
23 1 46
1 5 33
8 12 20
5 7 31
13 18 6
21 0 33
23 2 54
2 4 2
22 1 26
5 7 27
21 23 16
2 5 11
2 5 71
16 19 6
17 21 65
23 2 20
1 4 13
15 20 58
2 5 16
8 11 4
18 22 4
14 14 36
22 1 28
14 16 11
9 13 6
19 21 61
8 11 2
1 4 10
21 23 69
20 23 34
23 3 74
3 5 31
7 10 4
7 11 58
8 11 36
7 10 62
0 2 36
14 17 18
15 18 45
10 13 51
9 12 26
16 21 4
15 19 52
3 7 57
11 14 37
23 2 10
10 13 9
1 4 16
6 8 16
6 8 6
2 4 8
5 9 32
15 18 74
9 12 41
18 20 30
3 5 35
4 8 53
1 5 21
17 19 49
22 1 62
1 3 10
0 3 58
5 8 68
6 10 51
4 6 29
17 22 9
7 12 9
21 1 15
11 14 30
7 10 48
5 9 33
1 6 43
4 4 43
10 12 6
3 5 30
6 8 36
12 16 21
22 1 69
6 9 11
10 11 70
8 11 35
6 8 33
0 4 47
9 13 36
1 4 55
9 10 39
22 1 10
1 3 16
20 22 35
0 3 15
21 1 34
22 0 63
4 7 67
2 4 51
12 16 29
12 15 17
14 17 52
22 1 70
19 23 30
16 19 74
2 3 40
7 12 44
3 8 43
20 23 51
10 13 73
2 4 50
21 0 28
17 23 14
13 17 69
7 9 59
1 5 41
6 9 65
9 10 3
13 14 59
2 5 15
8 11 4
13 16 43
18 20 62
19 22 41
22 1 52
23 3 48
15 17 12
8 11 70
12 14 41
18 21 60
23 2 41
9 11 52
8 11 18
15 18 72
8 10 45
11 15 46
20 22 31
3 6 22
13 17 46
11 13 55
7 10 60
6 10 1
14 17 13
6 10 60
12 14 31
2 6 68
6 10 24
0 3 26
4 7 43
0 3 63
16 18 64
23 3 22
23 1 20
23 1 59
12 14 74
12 13 19
18 21 28
6 8 31
12 15 20
14 16 10
2 7 71
9 13 6
8 11 3
0 2 65
9 11 59
9 12 70
22 2 24
0 4 20
14 17 52
22 2 42
17 18 72
6 9 60
11 13 33
6 7 53
20 23 39
2 6 2
20 23 73
15 19 69
12 16 70
6 8 61
15 18 45
9 13 62
12 15 69
21 23 47
8 9 63
8 10 38
0 2 46
11 14 53
7 11 24
19 22 16
15 17 61
15 19 32
5 7 74
6 9 73
7 10 56
17 20 66
1 5 4
23 0 65
0 1 58
16 17 58
5 9 51
10 14 22
23 1 55
0 4 45
15 17 69
12 16 42
11 12 24
1 6 17
17 20 44
2 5 5
15 18 25
0 4 9
5 7 56
4 7 24
18 19 46
1 4 73
4 7 63
20 23 31
6 8 57
9 11 20
12 15 21
15 19 70
22 2 60
17 19 66
5 7 73
20 22 54
18 21 16
7 9 68
18 19 1
23 2 63
6 9 29
22 0 14
6 7 8
18 21 37
1 3 6
13 17 47
16 20 31
20 0 74
11 13 37
10 13 57
5 7 34
1 3 12
8 9 8
4 9 53
14 16 10
8 12 74
22 1 73
12 14 43
15 18 5
23 1 42
12 15 12
0 3 8
7 10 50
19 21 12
16 21 30
18 21 13
0 4 15
15 16 17
8 12 3
10 13 27
5 6 49
1 4 32
6 9 22
21 1 17
12 15 59
22 1 37
6 10 47
13 16 22
1 5 22
0 2 28
21 0 55
14 18 7
18 21 51
22 0 3
22 0 6
8 11 33
10 13 72
18 22 21
21 1 14
17 20 25
6 8 14
4 8 13
22 1 42
10 12 55
5 8 1
5 9 11
7 9 56
7 10 42
12 15 56
10 13 32
10 14 27
23 2 23
21 23 45
0 5 27
20 0 19
20 0 62
10 14 52
10 14 48
1 4 12
8 11 11
0 3 73
23 2 48
12 16 39
19 22 67
5 6 40
1 5 50
5 9 53
11 14 1
4 7 21
18 21 37
19 20 41
16 19 74
22 1 40
11 14 46
12 16 39
22 2 47
16 18 2
11 14 28
22 2 41
12 14 69
23 2 57
16 17 62
1 4 17
17 20 42
10 13 18
22 1 12
17 20 70
4 8 26
8 11 25
0 3 22
21 1 64
17 20 20
14 17 15
14 16 7
18 22 4
20 23 13
1 5 21
19 20 19
10 12 49
20 22 60
12 14 68
10 12 38
2 3 28
9 13 14
22 0 41
4 7 39
19 22 25
18 21 67
20 22 28
10 15 5
16 20 62
11 13 45
19 22 70
12 15 69
23 3 46
2 4 72
6 9 71
21 2 5
19 23 29
10 13 69
10 13 57
0 4 65
8 11 31
5 7 43
0 2 24
7 10 43
11 15 32
14 16 44
2 6 23
9 12 24
8 11 63
22 1 10
5 7 37
20 22 30
14 19 73
9 12 39
14 16 32
11 14 54
1 4 3
3 6 4
7 9 52
17 20 44
10 14 17
2 4 21
16 20 55
4 6 42
22 0 42
13 16 48
6 8 47
10 13 72
12 15 60
15 17 15
9 13 74
23 3 12
12 15 68
20 0 6
20 23 56
3 7 47
10 14 17
8 11 9
11 13 49
3 6 42
2 6 62
16 19 3
21 1 44
4 7 49
19 21 11
14 17 39
1 5 71
11 15 3
14 18 49
8 10 68
3 7 63
14 18 48
18 21 8
5 8 30
16 18 43
12 16 45
17 19 21
20 23 69
17 21 65
1 4 28
23 2 39
16 19 37
18 22 3
9 13 13
15 19 21
21 23 16
10 13 36
9 13 22
6 9 38
12 15 17
16 22 41
15 17 33
13 16 34
6 7 52
16 19 24
13 16 28
23 1 44
22 2 53
8 11 18
21 3 40
7 12 34
7 9 63
19 23 72
2 5 39
8 11 34
21 0 7
13 17 29
8 11 73
15 16 3
11 13 74
4 7 1
0 4 47
12 15 2
19 22 71
22 3 33
12 15 66
13 17 58
21 0 22
18 20 3
6 9 1
12 15 35
18 20 34
11 14 15
12 17 23
8 10 54
1 3 59
9 12 31
7 11 67
9 11 33
0 3 36
21 1 65
3 5 5
10 12 2
19 22 23
4 7 10
13 16 1
21 23 59
19 22 41
14 18 51
17 19 38
11 15 56
21 0 65
14 18 18
19 22 35
9 12 43
13 16 58
22 1 35
2 7 39
10 12 70
5 9 29
20 23 33
13 15 27
5 8 11
21 0 29
7 11 70
11 13 68
15 19 30
2 3 41
22 0 53
21 0 72
13 18 60
0 3 67
20 22 11
13 16 31
21 0 43
10 13 51
12 14 45
11 14 4
16 17 1
13 17 17
7 11 44
16 17 41
8 11 55
22 2 59
3 7 49
14 18 14
12 15 51
13 14 50
1 5 18
19 20 52
22 0 2
20 22 28
19 21 3
15 18 52
14 18 42
13 16 62
9 12 59
12 14 68
7 10 27
22 1 16
9 12 59
11 15 11
12 15 34
15 17 56
3 6 28
0 5 11
18 20 12
0 2 43
0 3 65
6 10 27
10 14 20
13 17 41
1 4 71
21 1 50
7 11 41
23 2 46
11 13 36
0 3 50
18 20 68
16 21 55
12 14 52
20 21 54
17 18 49
11 13 56
21 23 35
3 7 64
6 9 11
17 20 72
12 16 65
3 5 20
15 18 65
20 23 25
2 6 14
1 4 29
1 4 34
13 17 4
6 7 30
12 16 31
20 23 16
4 6 37
18 21 3
6 10 33
23 2 16
13 17 31
10 13 27
22 2 26
20 23 33
8 12 11
17 21 21
15 18 8
13 16 57
1 3 72
20 22 4
2 4 55
5 7 4
11 14 71
3 7 1
8 12 19
7 12 25
20 23 59
16 19 8
19 21 40
14 18 4
14 16 60
19 22 47
12 14 29
4 7 32
11 15 67
16 21 71
11 14 53
6 9 44
2 5 57
13 15 40
22 23 55
17 21 21
20 23 70
15 18 35
10 14 60
9 11 8
21 0 46
6 10 47
5 9 59
12 14 22
3 5 4
2 4 4
12 15 43
15 17 52
23 2 51
12 15 1
16 19 69
11 12 7
7 12 3
18 21 23
17 21 2
17 20 48
14 17 37
7 9 34
7 9 32
11 15 71
15 17 69
4 6 8
8 9 64
20 22 20
7 9 36
1 4 72
0 4 31
23 4 39
21 1 20
21 23 15
19 22 30
17 20 45
19 23 22
12 17 30
6 9 11
2 3 3
19 22 42
8 12 20
19 23 20
5 7 20
8 11 34
20 23 11
23 2 49
0 2 56
14 18 24
17 18 28
14 18 7
13 17 14
3 5 32
10 13 11
19 22 48
9 12 1
6 9 4
22 2 3
