1000 68
62 23 35 14 47 54 22 55 18 61 45 10 20 68 57 53 20 46 38 40 42 9 18 65 59 68 33 21 56 13 62 13 28 54 25 37 54 23 42 39 28 16 50 63 57 1 12 36 1 64 15 50 65 68 30 9 40 45 30 66 1 66 45 67 60 25 52 30 
19 20 37
0 4 68
23 2 36
5 10 42
19 21 39
19 23 48
21 0 52
11 13 7
4 6 17
19 22 29
20 0 42
1 4 10
6 11 64
11 13 59
6 9 40
8 12 67
12 15 64
8 12 56
15 19 43
21 22 21
14 17 44
21 1 60
10 14 50
22 2 10
8 12 38
11 13 57
9 10 31
20 23 17
18 22 36
3 6 67
6 9 66
21 1 31
9 12 38
11 13 65
5 7 20
13 17 49
21 0 23
8 11 61
19 22 10
22 23 8
11 14 47
11 14 25
18 21 54
7 11 66
23 2 22
0 4 46
9 13 25
0 4 43
13 16 5
0 1 5
14 17 39
18 22 54
15 18 58
6 10 8
1 3 63
22 2 1
2 5 57
15 17 57
0 2 50
7 11 32
21 22 61
16 20 54
1 2 5
15 17 33
15 16 2
16 18 2
0 4 51
10 14 31
23 1 66
4 6 38
20 0 18
8 13 17
14 18 25
20 22 22
11 15 62
0 2 23
11 14 52
7 9 42
3 6 15
12 15 19
5 8 41
8 11 52
6 10 60
22 2 41
20 23 57
11 12 62
2 8 12
3 6 2
5 9 21
20 0 44
11 16 15
16 20 34
9 11 36
15 18 26
18 22 48
8 10 34
10 12 67
1 4 27
13 16 35
0 5 57
14 18 68
13 17 52
4 7 51
23 2 33
4 9 43
9 9 1
19 23 1
13 15 49
22 1 51
12 13 51
18 22 68
17 20 43
2 4 62
9 13 4
19 22 38
2 5 5
23 1 8
11 14 17
23 2 22
22 0 7
18 20 14
22 3 11
11 15 67
23 3 42
19 0 1
7 9 37
0 1 57
13 15 27
0 4 40
0 5 29
23 0 19
12 14 6
19 21 22
14 17 52
18 20 35
1 3 47
11 15 31
4 7 44
5 9 10
4 8 27
8 13 56
17 19 18
23 0 53
19 22 38
16 18 55
15 19 20
6 11 12
15 18 40
3 6 22
12 14 51
1 4 45
16 19 61
14 19 62
4 7 35
18 22 3
9 10 43
22 1 65
10 12 34
12 16 17
10 13 12
23 2 9
23 2 43
18 21 37
18 21 35
18 21 60
19 23 56
10 13 57
20 23 6
2 6 11
12 16 3
20 23 31
17 19 58
7 11 50
20 23 31
15 19 53
12 15 66
18 20 46
18 21 50
5 8 38
22 2 12
23 2 18
12 14 67
3 6 20
19 22 44
5 8 66
18 23 41
15 18 9
8 11 54
19 21 8
23 2 63
3 6 62
19 23 3
19 23 37
22 0 3
2 5 37
2 5 26
20 21 4
23 2 42
20 0 10
7 10 27
21 23 66
14 16 55
13 14 46
3 5 68
11 14 21
3 6 31
16 21 54
4 9 54
21 1 65
19 23 53
1 3 59
9 12 61
1 4 57
8 10 34
12 16 57
19 22 27
16 19 4
3 6 44
6 9 55
23 2 50
1 4 6
13 17 33
5 7 3
12 15 57
7 11 45
7 9 60
8 13 43
19 23 29
13 17 6
12 14 55
18 21 12
5 7 14
16 19 14
8 12 37
22 3 45
23 3 30
4 6 27
12 15 33
19 22 40
11 13 6
4 7 11
23 2 7
4 8 43
0 3 13
2 5 49
12 17 13
3 7 60
18 20 67
20 23 37
19 23 62
16 19 34
6 9 24
13 15 11
21 0 22
17 19 53
12 13 57
17 19 31
19 22 54
4 9 3
9 10 56
22 1 24
1 5 18
16 19 9
4 8 68
17 19 40
12 16 65
0 2 35
23 3 8
18 21 17
18 23 26
16 19 1
4 7 67
5 7 2
21 1 13
23 3 9
1 4 61
18 22 52
16 19 17
17 19 37
7 11 15
21 0 57
3 8 15
0 3 38
23 1 9
17 20 24
18 21 24
21 23 24
19 21 51
14 16 64
10 14 50
17 19 18
3 7 38
5 8 51
15 18 67
8 13 55
19 22 10
9 11 7
16 17 11
4 8 49
5 9 1
18 20 50
22 23 19
1 3 7
15 17 59
8 8 66
23 2 44
19 22 15
2 4 60
8 12 30
8 11 47
2 4 39
17 20 54
8 10 49
22 1 22
1 4 4
1 4 67
11 13 13
20 23 53
10 13 14
2 5 27
9 11 7
8 11 56
6 10 34
20 21 19
5 9 26
15 18 59
7 11 3
4 8 56
11 14 45
16 20 13
1 4 1
1 4 46
1 4 47
10 13 54
1 3 6
21 22 17
10 12 60
22 1 14
20 0 57
6 9 53
9 12 35
7 12 41
9 14 45
12 15 17
7 11 45
3 6 38
11 14 31
2 3 23
8 11 60
14 15 1
18 22 23
20 23 8
2 5 14
21 1 19
19 23 61
2 6 2
17 20 55
9 13 63
18 22 28
0 2 60
7 10 53
22 1 13
14 16 66
1 5 27
6 10 36
3 6 5
12 15 25
22 1 58
16 20 8
18 19 29
16 17 7
17 20 7
8 11 64
20 22 67
19 22 43
22 23 4
8 11 58
19 21 30
7 9 58
10 13 48
18 21 21
4 6 58
18 23 4
21 0 12
13 14 67
15 18 46
6 9 13
22 1 34
17 21 30
19 0 41
7 9 3
1 2 19
10 12 53
9 12 24
18 22 37
0 4 58
14 16 36
3 8 21
2 6 6
9 10 4
8 12 46
6 9 42
13 16 28
2 6 58
20 0 36
8 11 28
18 21 8
22 2 20
12 16 44
22 1 13
20 23 8
18 21 39
1 3 68
18 20 22
0 4 5
18 22 54
0 4 5
6 7 64
0 1 34
2 5 37
18 21 2
11 15 20
1 3 40
22 1 36
1 4 52
19 22 10
12 16 2
5 7 3
18 22 8
20 0 61
11 13 30
9 11 7
4 7 34
7 10 10
14 18 62
7 10 42
14 15 22
19 23 55
16 17 40
7 8 59
9 13 18
0 5 49
5 7 9
22 1 31
8 11 66
8 11 34
13 15 40
20 0 29
5 9 8
11 14 3
21 23 37
7 10 48
3 5 32
8 13 24
14 17 56
20 23 23
15 17 5
1 5 43
9 11 60
1 2 38
1 2 40
9 11 59
12 16 22
5 7 12
20 22 27
22 0 39
23 2 53
19 21 32
8 9 33
3 6 24
10 14 3
1 4 65
10 12 17
10 16 60
10 15 8
3 5 37
5 7 32
1 4 65
1 4 51
10 12 2
9 13 37
12 16 59
18 21 55
18 22 46
5 9 8
22 0 25
5 8 31
13 17 57
0 3 27
0 2 28
13 18 56
11 13 20
8 11 53
12 16 23
19 22 27
10 14 33
6 8 7
0 3 15
7 11 61
23 4 56
13 16 36
21 1 22
12 15 60
0 2 56
16 18 54
21 23 26
19 22 47
15 20 43
16 20 16
9 12 13
23 2 8
15 18 68
17 20 25
19 22 30
23 2 38
16 20 34
13 17 22
9 13 34
7 10 57
4 9 14
2 5 18
23 2 36
22 23 2
20 23 9
2 5 44
0 2 40
21 23 15
7 12 54
23 2 4
6 10 56
11 14 48
3 4 36
22 0 28
1 3 22
10 13 58
21 23 39
3 6 46
3 6 6
15 18 12
1 4 60
14 17 32
18 22 54
13 16 12
20 22 30
18 21 36
21 0 45
18 22 2
0 4 66
11 12 37
13 17 53
6 11 24
8 10 12
21 23 59
4 7 15
0 3 16
18 20 45
10 13 23
21 23 21
23 3 6
14 16 62
22 1 68
23 2 4
20 23 35
8 12 52
1 4 41
7 10 68
9 11 17
14 15 43
13 16 6
4 8 54
3 6 32
6 8 12
2 7 36
1 5 31
2 6 60
2 3 51
8 11 58
14 17 27
18 20 12
7 10 22
17 19 26
13 17 52
6 8 48
17 21 10
5 9 1
17 20 31
3 7 47
7 8 14
11 14 26
3 5 31
11 15 18
15 19 27
21 23 61
23 1 68
1 3 21
15 19 16
12 17 34
18 22 49
10 15 51
5 7 5
20 22 47
11 15 16
7 10 51
20 23 17
15 18 44
6 10 57
18 22 10
2 5 33
8 11 8
22 0 40
18 19 57
12 14 10
21 1 40
14 16 51
20 23 46
19 19 60
10 14 38
0 1 63
11 14 48
17 19 7
11 13 59
15 18 51
0 3 53
18 21 7
2 5 33
0 2 20
15 17 37
3 6 53
4 7 30
13 16 52
10 12 29
18 20 58
13 15 46
10 15 32
5 6 54
15 20 36
2 4 25
14 16 20
18 20 64
6 7 18
1 5 60
0 5 67
21 0 47
20 0 62
22 2 46
9 13 20
20 23 55
13 17 45
19 22 40
1 5 21
18 21 54
7 10 62
9 13 18
14 18 3
19 23 18
15 17 44
13 16 13
16 18 44
13 15 55
8 12 4
14 18 33
4 6 55
21 23 46
0 4 49
9 12 61
16 20 24
6 9 66
1 3 3
10 11 68
15 18 58
19 20 29
8 12 3
13 20 23
20 22 46
18 21 3
7 11 42
13 17 7
5 7 5
7 11 57
16 17 38
13 16 15
3 8 47
19 21 52
7 11 44
4 6 50
14 17 14
13 16 47
2 3 11
18 21 25
6 8 8
2 6 27
14 17 32
19 22 28
4 8 50
1 5 39
6 9 1
7 10 57
23 3 64
7 10 14
20 22 46
14 19 43
21 0 34
10 13 47
2 7 13
14 18 24
4 5 46
13 16 59
10 14 34
13 15 11
13 16 3
12 15 36
16 17 53
8 10 44
7 10 59
0 3 19
3 6 68
20 23 15
11 15 49
12 12 43
11 16 2
4 9 19
5 7 14
7 11 20
8 11 46
3 6 63
17 21 5
22 0 50
2 5 1
13 18 60
5 9 6
21 0 14
8 12 10
20 23 53
19 22 15
5 8 45
16 19 6
23 2 66
6 10 46
6 10 1
2 5 17
21 23 67
0 2 53
2 5 60
5 8 25
22 0 14
23 1 48
18 20 60
1 3 46
12 14 50
17 20 48
22 0 20
20 23 58
3 6 38
13 15 64
15 18 63
8 10 38
19 21 63
23 3 60
5 7 6
5 9 36
18 21 6
5 9 14
16 18 15
23 1 14
15 19 42
17 19 42
11 15 20
5 9 60
7 8 5
11 12 33
19 0 21
2 5 46
16 19 65
15 18 30
19 21 54
20 1 11
9 11 17
3 7 1
23 2 58
2 5 57
3 5 16
13 16 59
6 8 18
23 3 66
22 2 34
1 5 29
13 16 57
10 12 39
9 12 37
3 4 53
2 5 64
8 11 66
17 20 20
17 19 45
2 6 52
9 12 13
22 2 48
2 5 60
3 7 32
23 1 37
6 9 28
20 22 3
21 0 51
17 19 31
4 7 18
18 21 48
6 8 14
18 21 37
3 7 47
21 23 46
0 1 23
5 10 39
15 18 68
14 17 36
6 10 12
2 5 67
13 16 5
11 15 61
2 6 10
8 11 5
4 8 37
15 18 36
11 14 62
4 7 16
6 9 65
20 23 45
0 4 12
14 16 42
11 14 39
8 10 44
20 0 25
17 21 21
12 15 24
10 12 57
17 19 58
8 11 22
17 20 17
14 16 21
4 6 7
12 15 22
20 23 44
11 14 58
13 17 60
23 1 56
0 3 13
11 15 29
8 11 23
13 16 40
17 20 24
22 2 60
0 3 7
2 7 11
15 17 56
9 14 1
3 5 58
19 22 63
13 17 42
8 12 24
1 4 7
5 9 36
16 19 65
10 14 5
4 6 9
16 19 49
15 18 3
22 0 50
8 12 65
4 7 62
19 22 16
20 0 35
8 12 35
20 23 47
14 19 29
2 3 37
16 18 30
9 13 61
12 14 55
14 17 37
2 4 27
6 9 28
6 9 16
0 2 3
2 6 35
16 18 60
13 16 47
5 6 5
16 20 36
2 7 34
16 18 38
2 6 4
7 10 19
14 17 4
2 4 16
0 2 56
19 23 15
1 5 39
17 21 25
8 10 23
4 6 13
4 7 28
23 1 61
10 11 1
12 16 31
8 10 30
0 4 66
0 3 67
5 10 4
9 12 68
6 8 7
17 20 63
6 10 7
3 5 51
6 10 7
5 8 55
2 5 65
13 16 3
1 3 67
6 10 25
12 14 65
19 22 41
11 12 36
6 8 27
0 3 47
23 3 49
20 23 50
13 16 50
15 17 46
11 14 38
8 11 19
16 19 20
22 2 68
14 17 34
19 21 15
5 8 28
12 15 40
15 19 15
16 18 45
6 10 36
1 3 54
16 19 52
3 5 62
6 9 40
6 10 68
12 15 7
21 0 24
20 23 49
23 4 48
17 19 31
21 2 36
0 5 22
8 10 34
5 8 62
16 20 68
10 12 30
1 3 65
14 16 38
7 9 23
12 14 5
15 16 38
0 4 33
1 3 58
20 0 34
14 18 39
5 9 41
21 1 58
10 12 61
8 10 45
4 5 48
18 0 33
18 20 20
3 7 29
16 20 10
0 3 28
17 19 44
5 9 32
21 22 57
3 4 52
21 23 54
10 13 24
5 8 65
20 23 36
14 16 43
14 17 37
18 20 4
12 15 51
16 18 49
7 12 61
13 15 52
21 0 44
13 16 54
13 16 17
4 7 12
2 7 65
22 1 49
23 2 48
13 16 60
2 6 11
0 3 49
0 3 34
7 11 39
