1000 50
3 5 4 39 30 26 46 50 37 48 12 28 48 12 23 7 21 50 8 38 5 22 39 14 49 11 40 48 41 23 17 17 50 39 44 40 12 43 15 19 41 28 4 13 6 7 50 26 50 37 
17 20 14
2 7 31
8 10 14
6 9 11
20 23 28
17 20 30
17 20 50
6 8 38
9 14 44
5 9 36
19 20 18
20 0 43
11 16 1
7 12 8
12 15 45
4 8 30
6 8 49
23 2 13
18 19 1
18 22 25
2 2 23
7 9 49
15 20 28
15 17 1
13 16 9
6 9 21
7 8 22
1 5 5
18 21 7
5 8 12
17 19 1
13 16 40
10 14 45
18 20 4
14 16 39
15 18 28
23 2 7
6 8 12
16 20 5
6 8 1
4 8 26
4 7 37
1 5 44
18 21 6
2 3 42
23 2 14
4 6 41
20 22 18
4 7 45
21 1 2
15 19 50
0 3 7
5 8 8
15 19 49
17 19 20
2 6 49
21 1 36
23 1 23
23 1 40
11 14 45
2 4 49
7 9 29
11 15 28
13 16 1
12 17 43
19 20 17
1 5 22
5 5 26
19 23 10
3 7 24
15 19 35
7 10 38
13 16 26
16 18 39
9 11 4
23 2 45
20 23 48
16 19 5
3 7 25
11 14 11
8 12 7
23 3 29
12 15 41
17 21 3
11 13 15
2 4 28
10 13 16
15 18 44
5 8 8
6 8 7
21 0 38
16 19 41
17 19 26
20 22 41
21 0 11
6 11 32
13 16 50
16 19 40
20 23 6
20 0 36
6 9 3
22 1 23
17 20 16
5 8 15
21 0 9
8 10 44
1 3 23
8 11 28
6 8 19
6 9 13
0 3 48
3 8 17
15 21 30
20 0 22
14 16 38
12 14 4
5 7 40
13 15 44
15 17 50
7 8 36
4 7 2
6 8 48
13 17 12
22 1 14
7 13 28
13 16 39
14 17 29
0 1 12
2 4 44
20 22 19
10 14 9
21 0 33
2 4 1
16 18 13
21 0 27
7 8 6
9 12 26
12 16 48
8 10 10
13 18 10
1 5 9
22 2 49
2 5 37
9 12 6
16 20 5
2 4 38
16 19 44
17 19 28
9 12 12
16 19 28
5 9 16
11 16 25
9 13 11
10 14 7
16 21 35
1 4 44
23 3 21
19 22 1
11 15 50
20 23 43
19 22 32
1 5 4
17 19 5
20 22 15
3 7 11
15 17 48
17 19 15
20 23 29
11 13 43
23 2 19
18 18 15
1 5 12
6 7 26
0 4 23
15 17 24
22 2 17
4 8 2
22 1 10
17 23 4
18 22 25
20 23 39
22 3 46
18 23 44
20 21 28
1 3 36
19 22 30
8 11 7
9 12 46
19 21 2
21 22 24
2 4 18
7 11 30
23 2 44
17 19 13
7 10 11
21 0 21
17 19 13
23 1 3
7 11 20
19 22 12
9 11 16
22 1 31
1 4 7
11 14 12
15 17 19
4 7 27
11 13 43
14 17 30
17 21 19
10 14 5
16 18 9
7 11 50
10 13 14
0 2 18
4 7 32
14 17 26
1 4 28
4 7 31
2 5 19
10 13 45
20 1 6
2 4 42
14 19 9
6 9 15
9 12 35
5 8 43
5 8 40
9 11 22
18 21 33
10 13 24
2 6 4
1 4 22
23 1 12
17 21 49
14 15 18
8 12 9
21 23 12
15 17 36
12 15 34
15 17 48
10 12 28
16 20 24
18 20 49
21 1 24
3 6 27
19 22 27
23 2 6
9 11 19
20 23 14
5 6 48
19 22 22
10 13 19
7 8 21
5 7 39
18 21 19
22 23 50
11 14 26
21 23 16
1 4 40
7 11 9
19 22 24
17 20 3
9 12 1
16 18 47
9 12 45
9 12 7
7 7 17
20 23 44
3 5 30
2 7 7
11 14 20
6 9 33
14 17 36
11 14 8
5 8 35
1 3 49
20 23 8
14 18 1
2 2 29
12 14 15
2 4 1
18 19 43
2 6 21
6 8 41
20 0 34
12 15 41
4 6 10
7 10 43
1 3 1
9 12 24
9 12 6
13 16 41
5 8 4
15 17 1
16 19 22
14 16 29
13 16 18
13 16 45
4 7 28
19 22 25
1 3 16
16 20 39
1 5 31
17 20 31
10 14 29
3 5 10
13 17 39
0 1 22
10 13 46
3 5 45
2 5 1
12 15 37
9 12 43
2 6 17
13 16 45
15 18 24
0 3 15
11 14 14
5 9 29
6 7 28
8 12 18
8 12 37
12 15 8
2 5 31
12 15 11
0 2 19
1 3 15
4 7 42
8 12 39
5 9 10
23 0 15
0 2 21
11 15 45
9 12 22
20 23 14
12 15 9
23 2 28
17 19 25
14 17 49
10 12 26
8 9 29
16 17 35
15 18 7
4 6 35
9 12 15
6 9 9
19 22 15
23 1 12
5 9 49
10 13 47
14 17 50
18 21 22
18 21 10
12 14 41
13 16 48
16 18 8
8 10 39
23 2 24
14 18 38
22 2 48
22 0 2
11 14 27
19 21 10
12 15 26
19 22 37
21 22 21
23 4 45
6 10 44
12 15 19
17 20 32
5 10 19
22 2 9
14 17 35
23 1 16
7 8 7
18 20 47
2 5 17
20 22 10
20 0 7
19 22 33
5 8 16
19 1 20
21 1 35
2 6 7
1 5 36
3 7 41
2 6 33
7 9 24
2 5 23
7 8 27
17 21 9
20 23 13
2 6 46
15 18 24
11 15 12
15 17 18
9 12 9
15 18 36
2 5 49
21 23 2
0 4 32
3 6 27
22 22 2
17 19 33
13 15 14
22 1 18
16 20 29
1 4 21
7 10 29
16 19 23
22 0 30
21 0 5
8 11 23
17 22 17
5 9 9
6 10 32
18 20 7
15 18 6
1 4 19
16 20 26
7 8 45
14 16 10
11 16 43
6 8 44
2 6 48
9 13 27
11 14 26
20 2 30
0 3 11
13 17 44
8 11 18
5 7 37
7 10 44
2 5 11
22 1 9
23 2 22
19 22 16
4 6 32
2 5 40
0 4 2
14 17 29
11 15 31
16 20 45
22 0 12
7 9 6
12 16 45
19 20 34
19 21 34
22 1 22
9 12 29
12 16 22
19 20 44
15 18 8
7 10 3
5 6 36
3 6 2
4 6 27
9 11 23
19 22 43
19 23 31
14 18 23
11 11 49
16 20 41
9 11 28
23 3 1
14 18 41
1 3 44
0 5 33
7 11 26
8 10 29
23 2 28
15 17 31
17 19 41
16 19 2
18 20 27
0 3 17
2 6 35
4 8 34
13 19 37
20 23 50
14 20 44
9 13 24
20 21 14
22 2 34
15 17 9
7 11 9
15 19 10
1 5 36
3 8 42
3 6 12
17 21 17
6 9 11
18 21 7
3 5 40
18 20 32
11 14 33
15 20 11
12 15 38
21 23 21
23 2 41
8 11 14
22 1 27
0 2 23
21 22 3
11 15 17
7 10 6
16 20 19
10 15 29
22 0 44
11 14 8
6 9 15
10 14 43
19 0 11
21 0 14
9 13 5
1 4 23
7 9 49
2 5 14
3 5 17
8 10 39
8 11 15
14 17 9
6 9 10
1 6 3
14 17 5
8 10 40
4 8 40
16 22 27
3 6 18
16 17 47
14 18 5
6 9 26
14 17 20
17 21 4
2 5 43
12 16 7
17 20 25
11 16 4
5 7 21
0 2 22
1 4 30
9 12 31
21 0 9
21 23 22
5 8 29
6 8 27
8 11 30
2 5 8
11 15 22
4 6 6
22 2 40
7 11 8
14 16 47
12 14 22
6 10 6
2 4 4
6 9 1
22 1 43
8 10 27
3 6 10
3 5 4
2 6 44
16 21 2
15 18 12
23 1 15
6 8 7
21 23 12
21 1 42
14 17 39
23 2 32
22 2 39
23 2 40
9 12 37
0 3 10
2 6 47
22 22 25
3 5 23
14 17 2
19 22 38
16 19 13
1 5 49
22 1 24
19 21 8
4 6 34
1 2 5
3 8 22
9 14 48
21 0 7
17 20 7
15 18 17
1 5 17
12 15 46
14 16 49
20 23 39
12 15 21
4 7 3
6 9 40
4 6 47
1 4 23
22 0 20
16 19 45
21 0 19
9 14 10
13 15 3
1 4 40
19 23 32
8 12 28
14 17 9
13 15 5
20 23 7
19 23 39
14 18 30
0 2 32
1 4 45
19 23 19
9 10 45
16 17 13
2 5 8
23 3 18
8 12 39
18 22 16
17 20 37
11 14 9
9 13 8
16 19 38
23 3 31
21 0 1
22 23 37
9 13 20
19 23 17
20 0 37
3 5 24
13 15 8
13 17 16
5 8 26
16 19 1
4 6 42
2 5 49
8 11 46
19 0 28
0 3 32
16 20 48
4 9 4
19 23 49
6 9 48
12 17 37
0 4 25
14 17 43
10 13 1
7 11 35
11 13 47
8 10 35
2 6 30
13 17 29
5 9 44
17 21 1
2 5 35
4 8 6
5 6 43
14 16 42
4 7 28
17 20 14
1 6 20
18 21 9
20 22 37
10 14 7
18 20 47
22 1 38
0 4 26
10 13 10
2 6 46
12 14 50
3 5 22
4 7 34
11 13 8
21 0 33
5 8 46
13 18 47
4 8 8
1 3 11
17 19 48
16 19 37
23 3 2
4 6 42
12 13 22
14 17 44
7 9 46
23 2 40
23 3 9
3 7 35
4 7 3
17 20 7
23 0 39
13 15 18
11 13 14
3 5 44
17 21 6
10 12 24
17 20 26
15 16 49
10 12 50
9 12 22
11 15 32
12 15 39
8 11 11
22 1 43
5 6 42
13 16 40
2 5 8
0 3 49
20 23 38
23 2 44
2 6 28
8 12 23
15 19 16
2 7 14
22 23 19
13 16 5
14 18 35
15 17 45
1 4 44
15 17 23
17 21 19
11 15 21
12 15 30
20 23 2
18 21 26
12 15 16
9 10 21
21 0 25
0 2 46
14 18 18
13 17 48
14 18 27
2 5 10
4 7 16
13 15 17
7 10 45
14 18 23
2 5 31
2 7 12
1 4 16
17 21 20
19 22 31
18 21 17
17 17 5
7 10 33
7 8 12
15 19 36
1 4 35
22 2 32
4 7 20
19 22 46
13 17 19
19 23 19
4 6 14
8 14 26
20 23 23
1 4 46
23 1 24
1 4 7
22 2 18
12 16 47
8 10 49
8 10 39
7 10 14
5 9 4
12 15 37
15 19 4
4 6 4
3 7 1
10 15 33
18 20 34
9 11 49
20 23 7
13 17 16
10 12 37
9 12 25
8 11 31
10 14 46
14 17 13
14 18 2
2 7 2
20 0 40
16 20 32
12 15 17
20 22 34
2 4 19
17 22 41
15 19 25
21 1 31
10 13 10
23 1 3
19 23 29
19 22 6
8 11 43
8 10 24
0 2 4
22 0 19
5 8 6
18 22 28
20 0 44
20 23 9
1 4 38
17 19 39
0 3 29
13 15 47
17 21 25
18 20 17
11 15 4
13 18 19
16 19 33
16 18 12
11 13 31
9 11 11
7 9 11
18 21 7
8 11 13
16 19 2
20 0 45
11 14 43
16 18 31
21 0 32
2 4 9
22 2 36
18 19 26
7 10 37
5 7 29
5 9 35
18 20 37
11 13 9
2 4 3
22 1 49
18 20 1
15 17 45
9 13 29
13 18 6
12 15 41
9 13 10
14 17 32
23 3 40
8 11 47
11 14 3
20 0 11
15 18 45
17 21 9
7 10 39
20 22 27
20 22 49
21 0 23
17 20 48
19 22 11
8 12 8
3 6 5
14 17 3
19 22 11
20 23 10
9 11 30
11 13 13
12 15 39
12 16 9
8 12 30
10 11 2
22 1 31
6 8 26
10 14 16
5 8 3
13 17 22
11 16 44
5 10 31
19 22 1
15 19 22
1 3 37
23 3 50
6 9 22
22 1 21
5 7 27
14 17 10
2 5 12
0 3 27
8 10 30
18 20 29
18 19 33
7 9 14
23 3 50
9 12 35
15 16 27
23 3 7
17 19 36
4 6 18
9 11 31
0 4 32
0 4 3
8 12 27
14 17 34
2 4 5
3 6 9
3 5 47
2 4 35
19 0 46
18 22 38
21 0 29
13 15 28
20 23 15
1 3 31
4 7 32
17 20 13
12 16 43
23 3 17
6 8 31
23 3 24
3 6 14
22 0 30
20 23 37
2 4 9
3 6 28
12 15 3
12 14 7
16 18 3
8 9 16
23 1 26
17 21 37
0 4 34
15 19 42
0 4 34
21 0 45
5 8 42
20 22 15
21 0 38
17 22 18
11 14 48
4 7 22
0 4 42
23 3 33
19 23 40
13 17 46
9 14 27
3 8 13
19 0 30
7 9 34
16 18 3
7 10 27
23 3 42
11 13 19
15 19 2
18 22 29
2 5 34
4 8 20
14 17 29
0 2 34
9 12 34
17 20 11
15 19 26
22 0 13
13 15 33
3 7 42
19 23 19
3 7 46
15 18 1
23 2 35
22 1 41
8 12 13
6 10 21
10 12 34
4 7 39
22 23 50
13 15 49
23 2 6
12 14 34
22 1 47
11 14 41
16 20 13
13 16 45
3 5 18
18 20 27
2 4 37
13 16 3
16 18 29
8 12 34
0 2 33
13 15 12
4 7 9
21 0 21
11 15 19
3 5 27
21 0 38
12 14 2
17 19 27
6 10 41
3 6 20
23 3 2
23 2 12
17 21 9
11 15 39
22 2 37
4 7 30
19 22 48
23 3 39
8 10 8
6 9 24
