1000 82
13 62 43 40 77 17 32 36 63 79 33 49 27 62 25 69 78 76 45 31 11 50 69 9 46 43 28 23 28 49 46 80 43 77 20 62 39 13 6 9 80 53 25 73 24 40 44 17 72 73 27 73 35 15 65 9 12 7 23 2 1 49 71 74 75 55 73 65 57 43 42 10 42 7 72 81 17 63 43 28 63 34 
18 21 77
18 21 28
23 2 50
8 12 81
23 1 38
9 11 34
23 2 9
6 7 68
19 22 33
19 0 69
17 20 23
16 21 38
3 7 75
2 5 21
2 6 49
16 19 24
2 4 12
1 4 76
21 1 40
10 13 44
18 22 80
8 11 67
5 8 12
14 18 63
7 10 18
5 8 68
7 11 39
9 11 60
9 11 77
0 2 78
8 11 57
23 2 54
20 1 1
22 23 38
15 19 48
12 14 53
0 4 6
2 6 80
12 15 70
4 7 19
7 9 55
3 6 78
19 21 12
6 9 68
20 23 51
10 12 55
13 15 59
6 9 38
2 6 43
13 15 12
19 22 62
23 2 32
1 4 43
6 8 11
9 12 62
12 14 3
5 7 23
9 13 69
21 22 24
20 20 16
10 14 77
16 19 6
9 11 67
14 18 67
19 0 4
22 23 17
23 3 6
21 23 9
19 22 24
16 20 62
4 9 65
14 15 40
7 8 4
6 7 26
1 3 30
5 9 6
4 6 17
4 8 8
9 12 17
19 21 1
19 20 61
21 0 33
13 16 63
20 23 79
5 9 31
7 9 73
1 5 18
19 22 39
10 12 42
14 17 43
17 20 14
14 17 56
2 6 14
8 11 47
4 8 67
7 10 16
20 0 75
0 4 76
1 3 47
4 6 42
16 20 42
16 19 51
20 23 64
5 8 46
8 12 66
0 2 49
3 6 78
8 12 73
22 23 39
10 14 42
13 16 15
3 5 1
12 15 7
2 4 33
3 7 78
21 0 44
11 15 6
18 20 79
7 10 10
9 12 60
16 19 32
2 4 64
18 22 67
22 2 78
18 22 64
11 14 10
7 9 24
11 15 46
12 15 73
11 13 48
14 18 43
23 1 46
8 10 79
13 16 18
12 16 80
21 0 29
21 1 26
8 12 5
15 17 33
8 11 61
0 3 45
20 23 42
18 21 77
4 8 4
23 1 81
5 9 40
19 21 10
19 23 21
8 10 4
16 17 66
1 4 19
11 13 46
18 20 68
9 11 8
11 14 52
6 10 14
0 3 54
12 14 60
1 4 63
22 2 35
13 16 79
6 9 43
15 19 71
3 6 73
18 21 19
7 9 80
15 19 16
1 5 43
5 6 66
16 18 46
15 17 77
8 10 24
3 5 67
2 6 14
18 21 33
20 23 40
8 10 53
0 5 4
16 17 41
23 1 80
10 13 19
7 11 29
3 5 51
6 9 22
15 16 12
4 6 49
4 7 70
6 8 80
9 13 50
1 5 17
18 20 37
11 15 44
6 9 59
11 13 54
17 20 42
1 2 36
19 20 15
7 10 38
21 23 49
11 15 24
6 9 75
14 17 40
15 18 5
21 23 50
18 22 77
7 11 14
3 6 18
9 13 53
17 20 69
19 21 44
13 15 61
14 17 63
21 1 76
2 4 56
3 6 44
0 4 15
14 18 58
15 18 41
6 8 46
9 13 61
2 5 38
13 18 54
17 20 58
15 18 43
23 1 37
17 19 72
15 19 26
6 8 30
16 20 51
23 0 16
4 5 66
22 3 53
10 12 32
4 6 68
5 8 78
2 4 64
6 10 27
16 19 17
3 7 36
10 13 6
18 21 70
1 5 25
3 6 64
6 9 29
15 18 69
13 18 13
20 22 76
14 16 37
14 16 68
18 22 59
6 8 64
9 13 2
6 10 34
4 5 66
12 14 76
14 16 27
1 3 42
13 14 55
0 2 47
19 21 46
20 21 66
4 5 14
15 18 45
4 8 16
9 11 67
22 0 57
23 1 52
18 23 6
12 14 52
2 6 13
19 21 32
1 2 45
17 18 40
1 2 80
2 7 81
7 10 23
8 12 23
1 4 26
7 11 68
11 15 55
6 7 72
1 4 76
2 5 45
23 3 57
16 19 23
1 3 2
21 0 45
0 2 10
13 18 74
22 0 77
2 6 57
6 9 10
13 15 4
18 20 22
7 7 26
18 0 16
5 9 61
11 14 66
22 0 49
12 16 16
10 14 82
5 7 72
14 18 70
8 9 39
5 7 34
7 9 38
15 17 56
0 3 35
14 16 42
16 18 33
17 19 82
6 10 59
7 9 15
0 2 44
21 1 32
11 14 10
14 18 55
13 16 56
16 19 22
21 23 26
0 1 34
7 10 18
0 2 72
12 15 66
23 3 23
11 12 25
4 6 79
11 14 64
18 20 66
17 20 28
18 21 50
19 23 6
5 8 39
12 16 10
12 12 76
22 2 71
13 15 31
12 16 40
18 20 53
11 15 30
3 7 16
3 7 27
5 10 13
18 20 29
20 0 51
23 3 21
13 15 72
4 6 2
15 16 68
13 16 51
11 14 52
9 12 28
10 12 23
12 16 37
19 22 51
6 10 13
7 11 57
22 2 7
21 2 58
15 17 54
4 8 6
16 21 42
7 13 15
22 1 8
7 10 34
8 11 61
18 21 34
22 1 76
12 16 73
11 15 2
21 0 12
23 3 79
6 10 9
6 11 35
1 2 10
9 13 53
9 12 33
15 18 71
14 17 15
3 7 51
14 17 65
7 9 52
14 17 64
12 15 81
9 11 76
18 22 72
21 0 82
8 12 24
7 11 44
19 23 72
2 6 74
14 18 24
3 6 21
18 21 48
15 17 10
18 21 4
0 3 19
13 16 66
14 18 17
2 2 77
4 8 27
7 7 11
20 23 44
5 7 45
19 22 36
18 21 36
10 14 46
0 3 43
5 7 45
2 5 35
4 10 9
6 8 2
23 3 45
22 2 37
0 2 26
8 9 3
1 3 1
14 16 43
8 13 26
20 0 63
2 5 67
9 12 55
13 17 74
1 4 57
15 20 8
6 9 69
22 2 34
9 13 1
15 17 56
2 6 24
15 19 81
1 5 45
11 14 18
21 1 16
6 10 76
16 19 62
21 1 33
14 16 70
12 17 22
3 6 60
11 15 43
19 21 2
4 7 57
10 13 77
11 14 62
3 5 45
16 19 55
12 14 35
19 23 16
21 0 61
20 23 1
13 15 42
21 23 58
23 3 73
15 19 23
22 1 19
14 17 2
4 7 24
7 9 2
18 19 71
9 12 73
13 16 67
11 15 72
20 22 64
9 12 81
10 12 44
5 8 79
3 5 56
19 23 62
16 19 64
19 22 29
21 23 71
8 10 32
2 6 39
7 11 29
5 9 4
13 16 74
1 4 25
9 12 81
0 3 9
21 21 77
6 9 68
22 2 21
14 16 4
10 15 16
3 6 27
1 3 60
2 5 19
16 18 46
14 17 16
14 18 5
1 4 27
13 18 24
23 2 63
20 23 81
9 13 48
10 11 67
9 10 61
23 3 60
3 5 3
21 1 15
19 22 78
0 3 47
11 16 81
7 9 8
21 2 28
17 20 60
10 12 82
22 1 56
17 20 12
3 7 64
14 17 57
21 0 14
6 8 82
22 0 58
22 1 9
17 21 38
2 3 39
2 5 63
18 21 32
16 19 45
4 6 67
19 22 11
0 3 79
5 9 82
12 16 23
23 3 64
7 10 35
19 22 12
17 20 69
7 11 8
4 6 21
19 0 8
14 17 3
6 11 8
6 10 28
5 8 33
0 4 32
19 20 39
2 6 11
12 15 61
23 2 54
16 18 23
10 10 69
3 6 31
9 12 11
19 22 19
22 0 38
16 19 35
18 20 11
16 18 13
20 21 3
13 15 42
5 8 47
7 11 67
1 4 18
5 8 64
23 4 81
1 4 81
19 21 60
4 8 70
5 9 24
13 17 33
15 19 57
19 22 70
18 21 60
1 3 45
21 1 66
15 19 31
13 16 31
21 1 7
12 16 52
11 15 22
23 2 27
16 17 52
0 3 61
1 4 38
11 14 76
17 21 26
22 2 54
22 23 63
2 5 30
12 15 79
23 1 35
13 18 65
13 17 46
20 23 13
11 14 23
18 21 42
8 10 68
19 22 43
6 8 81
3 4 63
12 14 18
9 12 64
0 1 42
9 11 30
5 8 39
19 23 3
20 23 6
22 1 8
0 4 67
19 23 70
15 18 11
2 5 25
15 17 70
6 9 22
23 4 7
11 14 20
16 19 32
1 5 23
12 16 1
5 9 16
6 9 33
11 14 19
9 11 53
21 1 57
2 5 58
2 5 7
16 19 42
4 6 69
12 16 22
4 8 82
17 22 2
12 13 65
16 19 54
2 5 79
3 6 28
0 3 10
17 19 69
12 16 18
15 20 18
3 5 58
11 13 72
11 16 77
7 10 2
11 14 44
20 23 23
23 3 78
23 3 38
15 17 53
1 5 77
7 10 57
22 23 34
17 19 69
0 1 43
14 18 76
13 17 6
3 6 53
9 12 17
23 2 14
4 6 62
0 1 44
21 1 78
22 1 81
4 8 13
21 0 34
8 11 60
10 13 27
20 23 66
15 18 13
10 14 70
13 16 61
22 1 17
10 12 55
3 7 66
11 15 68
13 16 6
1 4 4
5 9 23
1 5 56
9 12 39
2 6 6
20 23 42
6 8 63
3 5 1
17 19 34
16 19 62
8 13 79
22 0 2
2 5 13
6 10 30
0 2 20
21 0 39
19 23 39
3 6 52
0 2 5
2 4 31
23 2 51
13 16 39
1 4 21
18 23 53
23 1 49
6 11 2
16 20 52
4 8 81
12 15 17
13 16 16
20 23 7
1 3 39
9 10 23
17 20 10
12 16 32
0 1 54
14 18 53
14 18 16
18 21 15
20 21 1
7 11 4
6 7 57
13 17 58
0 4 70
22 0 39
18 20 39
22 23 26
6 9 82
5 8 14
7 12 60
3 7 4
3 6 23
22 1 79
6 8 24
11 16 62
9 10 39
17 19 64
7 11 7
6 9 5
16 18 82
9 11 37
3 6 65
1 4 81
22 2 26
16 19 58
21 0 3
3 5 48
13 15 50
5 8 53
20 22 33
8 13 42
17 19 60
11 12 56
22 0 61
17 19 32
13 17 32
5 8 6
7 13 69
4 7 45
4 5 6
22 1 34
21 1 24
10 13 38
14 16 39
7 12 26
12 17 18
12 15 78
10 14 22
22 0 72
15 17 8
5 8 55
20 23 24
3 6 54
10 12 44
22 0 70
7 10 74
10 13 32
10 12 53
15 16 36
7 10 24
19 23 21
5 7 42
18 19 30
22 1 65
10 12 51
14 15 41
22 1 13
5 9 71
12 16 39
19 21 30
22 1 26
7 11 60
6 11 16
1 5 71
14 17 24
22 1 46
8 10 79
10 12 38
20 23 48
23 3 4
22 1 56
23 2 49
15 19 51
21 23 78
22 1 5
22 2 72
18 21 59
15 20 68
16 20 27
13 17 65
8 9 43
13 17 25
23 2 79
6 8 66
17 20 66
20 2 28
23 2 24
3 5 1
10 12 8
11 13 56
3 6 18
1 5 32
3 5 34
20 23 78
17 20 73
4 6 1
14 16 22
15 19 48
21 1 16
11 12 32
2 7 61
3 6 17
14 15 2
20 0 4
8 11 35
10 12 24
6 11 70
6 11 61
21 23 61
17 19 32
18 20 2
0 3 25
8 11 43
19 20 28
4 8 63
17 20 41
15 18 6
20 0 42
16 19 57
3 5 13
0 4 57
21 23 4
6 11 10
13 16 48
2 7 74
1 3 62
6 10 58
22 3 75
15 19 19
21 0 43
10 12 12
19 22 47
6 8 8
10 13 34
0 5 10
19 21 47
18 21 75
13 18 34
5 8 20
17 19 17
8 11 44
16 17 45
22 0 9
3 6 57
12 14 40
0 3 44
23 1 13
6 8 44
23 2 53
23 0 29
21 2 40
2 5 75
16 19 82
1 3 50
16 19 64
12 16 33
13 15 48
4 5 49
11 13 12
20 1 13
18 20 75
7 10 56
4 7 37
6 9 52
9 11 38
9 12 32
21 23 54
5 8 43
12 17 65
3 6 30
22 1 5
19 21 8
21 0 41
0 4 20
2 5 2
20 23 78
16 18 60
0 3 45
9 11 44
17 20 29
19 22 36
8 12 14
6 10 45
2 5 76
6 9 78
12 14 37
11 14 5
19 21 48
16 20 66
12 15 22
19 23 80
2 6 60
0 2 71
6 9 26
13 15 72
15 19 67
10 12 65
18 21 4
23 2 73
5 8 38
8 12 27
2 5 2
11 14 43
5 9 17
19 23 55
3 6 30
20 22 31
7 11 25
23 4 81
15 17 41
2 5 78
8 12 21
15 17 17
21 0 80
10 13 70
1 5 34
1 4 50
16 18 26
3 5 78
19 23 33
6 10 68
8 12 17
20 1 22
7 10 64
8 11 69
10 13 53
14 18 69
10 12 23
10 12 79
8 13 63
8 9 35
17 20 34
12 17 62
15 18 69
0 1 14
21 1 38
21 1 74
3 7 62
11 15 18
8 10 46
19 22 17
3 6 37
21 0 45
19 23 15
3 7 57
19 22 66
20 1 41
3 4 29
21 1 71
21 1 43
10 13 64
16 20 27
5 7 33
17 19 78
22 0 56
10 11 79
18 20 27
8 11 45
23 2 21
15 19 8
21 0 76
11 13 80
17 21 79
8 10 42
5 9 1
14 16 40
2 6 18
1 2 60
13 16 70
6 8 66
14 19 49
3 5 28
12 14 45
22 1 59
19 23 71
14 15 14
18 21 70
8 11 51
11 16 33
3 6 68
5 9 33
3 5 49
