1000 20
16 13 8 4 16 17 3 9 13 1 9 2 19 17 19 11 8 1 7 12 
21 0 8
5 9 11
17 19 20
17 20 13
3 6 1
13 16 15
8 11 3
13 16 13
21 1 6
4 6 1
14 17 11
14 16 16
19 22 7
9 12 17
12 15 12
11 14 4
21 2 10
3 7 9
21 0 19
17 21 8
5 8 9
16 19 19
4 6 6
7 10 14
19 23 6
12 16 4
2 6 14
13 16 18
2 5 10
23 1 2
0 3 14
10 12 11
1 5 1
5 8 11
6 9 11
19 22 20
3 7 9
19 23 15
10 13 1
4 8 8
6 8 2
9 11 13
22 0 14
3 8 17
12 15 1
3 5 14
16 19 2
17 20 16
11 13 13
8 10 12
6 9 7
0 4 8
19 23 8
14 18 15
23 1 16
17 19 1
9 11 12
14 16 8
4 8 4
17 22 4
13 15 3
20 23 12
23 1 1
20 0 10
8 11 10
4 8 8
15 18 17
21 0 4
21 0 14
4 7 16
3 7 13
22 2 16
0 3 11
18 22 18
4 7 10
20 1 2
11 14 2
1 4 10
15 19 20
14 17 9
21 0 13
23 2 5
11 14 6
13 17 3
15 18 18
12 15 10
17 19 18
22 0 2
2 3 8
14 18 20
2 6 9
23 0 12
12 17 1
20 0 10
1 2 2
17 19 10
0 3 12
10 16 7
21 0 11
21 1 2
2 7 5
13 15 8
14 18 10
23 3 1
1 4 9
7 9 13
16 19 9
17 18 14
15 18 5
1 4 16
14 17 3
4 5 14
1 3 19
19 22 13
15 19 6
18 22 7
12 14 16
10 14 1
10 13 10
16 20 11
18 21 14
2 3 11
3 6 13
7 10 14
23 2 1
20 0 10
4 5 8
23 1 8
16 20 10
14 17 17
8 12 19
1 3 3
11 15 14
16 20 11
23 0 12
1 5 5
22 1 8
13 16 8
1 5 19
19 22 20
8 11 11
6 8 16
3 5 11
20 0 1
13 15 3
6 10 7
2 3 12
2 6 19
1 6 9
20 23 19
7 10 2
0 3 1
7 10 8
14 17 7
2 5 12
16 17 15
6 8 18
4 8 12
23 2 17
9 11 3
12 15 15
19 23 9
20 22 17
17 19 5
11 13 13
23 2 7
10 14 15
15 20 20
17 21 10
6 11 13
6 9 17
15 18 5
19 0 11
12 15 3
15 18 7
15 17 14
19 21 14
20 0 9
18 21 14
1 5 8
1 4 7
8 10 4
20 23 11
23 2 18
16 21 18
17 18 14
2 5 8
9 14 5
1 4 20
7 8 11
7 9 16
21 23 6
5 9 3
2 5 9
4 7 2
16 19 11
14 18 7
19 23 17
9 11 11
19 22 3
22 2 19
5 8 12
2 5 18
19 21 12
7 10 16
17 18 3
16 19 11
1 4 3
23 2 12
20 22 14
3 6 9
14 16 12
16 19 2
22 1 12
3 5 3
9 12 18
5 9 11
19 21 14
15 16 20
17 20 18
23 3 10
4 6 18
18 21 15
14 18 15
20 0 9
21 0 10
5 7 16
19 22 18
12 14 10
14 16 11
11 14 20
18 21 13
19 22 18
4 7 14
17 21 7
4 6 4
6 9 11
9 13 12
9 15 9
11 14 15
12 14 17
0 3 19
6 7 14
8 13 4
16 19 17
19 23 4
4 8 20
8 10 20
22 1 12
15 16 14
13 15 10
21 1 11
16 20 17
10 13 20
2 4 3
22 0 13
0 3 7
9 12 20
7 8 4
23 3 11
0 4 14
18 22 13
21 0 18
2 5 9
1 5 6
17 18 13
0 4 4
3 4 11
10 13 10
1 3 17
5 9 2
8 13 6
20 23 11
1 2 17
18 20 4
6 9 3
12 15 16
15 17 10
20 22 4
2 5 4
1 5 2
23 3 7
4 8 2
11 14 4
5 8 14
4 7 17
23 1 2
8 11 20
23 2 10
20 0 11
21 0 5
6 10 2
13 15 6
5 8 11
14 16 1
5 8 13
7 12 9
4 6 18
23 1 15
3 5 20
8 12 6
20 23 10
20 22 6
18 21 5
12 15 12
7 10 2
2 5 4
14 16 2
12 13 14
13 16 19
16 18 4
16 20 2
13 16 11
4 8 16
10 12 9
23 2 5
18 22 2
8 11 13
1 4 14
7 8 20
10 11 16
13 16 17
19 23 11
1 5 14
20 22 4
2 5 19
10 13 13
1 5 16
23 1 1
2 4 3
3 6 7
18 20 18
22 1 20
6 10 7
22 1 17
18 22 17
5 9 12
16 21 3
23 3 1
7 9 2
2 5 5
1 4 14
15 17 13
23 3 16
21 23 17
14 16 15
23 3 13
12 15 7
18 22 19
15 20 8
17 22 19
21 0 1
0 3 9
0 3 8
1 5 1
17 20 8
3 6 6
22 2 15
9 11 14
23 2 14
20 22 6
22 23 14
20 22 14
12 15 4
10 13 10
0 1 1
19 21 13
13 15 12
23 2 8
11 14 19
23 2 19
3 6 10
10 14 13
9 13 5
16 20 3
13 16 14
3 7 5
3 7 16
19 20 2
5 10 11
19 23 4
2 5 8
5 8 17
2 5 5
4 6 4
16 19 6
20 1 13
4 8 9
0 3 16
3 4 20
8 10 2
9 13 4
6 10 4
19 21 1
16 17 3
17 20 15
1 4 9
9 12 10
7 11 9
9 9 14
19 21 14
11 13 18
21 23 11
1 4 1
19 21 18
12 14 12
19 22 12
5 10 1
13 16 14
12 14 15
0 3 20
21 0 19
13 15 7
12 14 3
11 16 8
7 13 5
14 17 8
23 2 4
18 19 15
16 18 9
20 0 12
7 12 19
12 15 19
17 21 13
16 19 13
14 18 9
9 10 13
2 5 19
14 17 3
4 6 14
12 16 9
18 20 16
23 3 19
20 23 5
1 4 15
13 16 3
20 1 16
16 19 18
8 9 17
22 1 6
2 6 6
12 15 4
23 3 6
16 18 8
12 16 15
2 5 6
1 4 18
2 3 20
6 8 12
22 0 5
12 13 8
1 3 7
1 4 14
15 18 9
0 5 19
19 22 20
18 22 18
5 10 9
13 19 2
4 9 3
8 11 12
17 21 15
11 13 19
23 2 12
3 6 14
19 21 15
13 15 3
20 0 3
12 16 15
7 12 9
1 6 5
8 12 11
0 3 9
1 2 4
2 3 10
23 4 16
7 11 7
2 5 5
21 23 12
17 18 5
10 12 10
17 20 8
12 16 11
0 3 16
23 2 3
14 18 4
7 10 15
1 4 1
3 7 4
10 15 10
1 4 11
22 2 13
11 15 3
18 20 18
19 22 17
10 12 14
21 23 2
20 0 17
19 22 2
14 17 20
19 21 2
5 8 1
20 22 11
2 5 20
8 11 2
16 19 20
9 13 19
12 14 8
13 16 19
9 12 5
1 3 2
7 8 1
3 6 12
9 12 13
15 20 2
17 21 6
22 0 1
18 21 19
21 0 20
11 14 20
22 23 14
5 8 20
0 3 15
15 17 7
2 6 20
0 2 2
17 20 10
1 4 9
6 9 2
17 20 3
9 15 9
2 5 11
15 18 19
17 22 2
1 5 19
17 20 10
10 13 4
16 20 20
19 22 15
3 7 16
13 15 1
1 5 3
4 6 7
11 15 13
13 15 12
17 21 18
20 0 20
9 13 6
12 16 9
6 7 3
10 14 1
0 3 13
5 7 17
22 1 13
9 12 10
23 3 19
1 3 19
10 12 18
20 0 7
4 6 6
6 11 1
14 17 16
22 2 2
22 0 19
7 10 3
4 6 1
1 5 11
14 18 8
17 18 15
0 1 19
20 0 4
21 0 4
1 4 9
9 13 6
8 11 16
16 20 10
10 13 15
19 21 16
13 17 12
12 16 15
14 18 1
0 3 15
21 22 20
6 7 17
16 19 7
18 22 9
7 10 15
14 18 11
13 16 4
21 2 4
15 18 3
6 8 4
4 7 12
16 18 17
12 16 6
12 14 2
10 13 4
3 6 16
14 16 15
13 17 17
8 10 12
16 19 6
5 6 8
5 7 3
17 19 12
6 11 4
3 5 3
5 8 8
3 8 12
5 9 8
19 22 5
12 13 7
10 13 5
9 13 7
4 7 18
1 4 7
13 16 13
12 15 3
13 18 17
8 11 18
9 11 6
18 20 6
4 8 20
18 23 12
14 16 15
9 13 4
11 14 5
1 6 19
2 5 19
15 17 13
16 20 17
22 1 16
5 8 20
1 4 18
15 18 16
0 2 1
12 15 8
10 12 10
14 16 11
16 20 18
0 4 1
6 10 1
12 15 10
22 1 16
1 4 10
18 23 2
3 6 11
7 10 18
10 14 14
6 10 5
19 23 15
1 4 2
11 14 19
13 14 3
0 3 15
1 3 15
8 12 12
23 1 20
21 23 14
8 9 14
9 13 19
15 18 2
7 10 14
3 7 6
17 23 8
0 2 4
13 15 6
7 10 17
20 22 18
21 23 4
3 6 5
1 5 1
14 18 10
0 3 5
16 20 8
7 11 16
20 22 12
17 17 5
3 7 16
13 16 14
14 16 4
9 11 18
9 11 2
21 2 7
23 2 20
11 14 10
18 19 8
6 8 6
21 1 12
6 8 6
17 21 9
21 1 1
8 11 5
7 10 15
17 21 1
23 2 4
4 8 5
2 4 17
12 16 5
15 18 4
5 7 10
2 6 19
8 11 1
11 14 5
15 18 6
11 12 2
10 13 12
4 6 8
5 8 19
13 16 10
8 9 8
18 21 10
16 20 4
10 13 4
19 21 1
4 6 20
21 0 7
6 7 17
0 2 19
0 2 18
0 3 11
4 8 7
3 7 4
3 7 2
5 8 2
2 4 8
16 18 8
0 3 15
5 7 11
10 14 1
21 1 7
16 19 12
11 14 3
18 20 17
1 5 20
20 1 19
4 8 2
0 1 18
5 6 15
15 18 20
18 21 13
22 1 11
14 16 8
15 19 6
19 23 20
4 9 13
0 3 4
14 18 13
23 1 18
13 17 3
22 1 4
12 17 2
21 1 5
2 5 7
14 16 18
16 19 15
15 18 7
18 20 9
22 2 18
2 3 2
14 17 15
1 3 3
0 3 2
17 19 4
21 23 12
13 18 3
18 22 7
3 6 10
13 15 10
20 0 2
23 1 20
7 10 16
14 18 10
5 8 1
19 22 7
20 0 13
18 21 7
1 4 3
15 19 15
5 7 3
1 4 20
9 12 1
21 0 7
15 17 19
1 5 10
7 10 3
6 9 18
19 23 19
17 20 8
6 9 16
10 14 14
14 18 12
7 8 11
17 20 17
3 3 9
10 13 16
20 23 9
6 11 16
17 21 17
10 11 8
15 19 17
3 6 10
15 17 16
1 3 9
10 13 2
10 12 2
17 19 3
20 23 12
20 23 12
21 23 1
1 5 3
8 12 5
22 2 8
1 4 17
21 0 13
21 23 3
9 11 8
11 15 15
8 10 19
18 21 8
2 4 3
9 13 11
5 8 10
4 7 7
7 10 18
10 13 7
16 20 10
6 10 18
3 4 17
21 0 9
7 11 19
23 2 9
18 21 20
23 2 8
23 3 16
11 14 19
16 18 17
10 10 15
7 9 6
0 3 15
17 20 8
21 23 4
2 5 2
17 20 12
20 23 12
19 20 11
8 10 14
15 15 6
9 13 7
13 15 13
14 18 6
20 23 9
9 13 4
12 14 14
2 4 9
13 18 19
22 0 10
8 11 3
20 22 1
8 11 13
13 14 13
1 5 18
21 23 2
14 18 20
18 20 2
22 0 5
7 11 13
18 21 10
0 3 2
19 23 19
6 9 4
5 9 19
22 3 17
10 12 2
18 20 16
0 2 4
13 18 15
18 22 20
20 0 7
2 6 1
10 12 8
8 10 12
10 12 6
4 8 7
12 15 2
8 13 16
19 22 16
7 9 12
2 5 15
23 1 5
4 7 15
3 5 20
3 5 7
11 15 19
0 4 4
14 14 1
1 4 13
11 13 15
18 22 2
11 16 16
16 21 7
20 23 13
3 6 20
16 19 5
15 19 1
23 0 16
21 22 16
21 0 20
22 1 7
6 11 4
15 18 14
18 21 1
13 15 20
4 8 18
4 7 3
23 2 19
17 21 5
5 8 8
16 18 5
3 5 5
16 19 20
20 21 18
14 16 15
16 20 10
4 7 18
3 6 15
15 19 9
16 19 10
3 8 20
5 8 5
2 4 17
21 1 14
8 9 15
19 22 19
14 16 16
8 10 15
10 15 2
16 19 19
22 1 6
8 10 2
10 12 2
11 14 2
20 22 8
7 10 8
11 15 10
18 21 3
4 7 11
11 14 12
9 13 15
13 17 8
10 11 16
17 22 6
5 8 2
2 5 17
7 11 10
1 3 18
3 6 6
7 9 18
20 23 5
0 0 6
4 7 8
15 18 1
8 11 3
2 5 14
2 4 14
21 0 15
12 15 4
21 1 14
5 8 5
0 3 12
0 5 7
18 21 15
13 16 9
3 7 1
15 18 20
14 15 12
22 1 7
11 14 18
3 4 14
8 10 7
10 12 13
13 16 6
13 17 7
7 10 20
9 12 20
15 18 19
14 16 13
22 2 12
14 17 12
16 19 19
12 17 15
6 10 12
0 2 2
20 23 2
14 17 9
22 0 9
20 22 6
5 6 4
16 20 12
5 8 9
