1000 73
59 11 47 42 34 22 73 12 51 70 19 38 37 15 5 5 32 10 15 31 23 24 29 60 32 35 64 18 27 22 45 60 70 64 36 32 35 54 41 50 55 62 18 8 36 18 64 65 42 62 56 32 27 15 39 10 45 2 49 67 38 17 57 36 29 18 13 44 15 60 13 32 61 
2 4 38
20 23 59
16 17 41
22 0 36
23 1 51
18 22 33
20 22 27
2 5 43
8 11 69
15 16 25
6 10 57
0 2 54
5 8 2
20 0 9
14 16 23
3 5 41
1 5 71
7 11 51
20 23 71
6 8 42
13 17 33
0 3 21
19 22 51
6 9 52
20 23 9
20 21 47
19 22 69
5 9 34
19 22 61
21 0 20
19 21 14
12 15 30
3 6 48
15 18 66
19 22 57
13 15 57
15 19 17
1 4 32
6 9 8
15 18 8
19 23 49
15 17 68
2 6 51
10 12 48
8 10 40
23 3 8
14 18 26
3 8 21
9 11 7
21 0 23
10 13 36
21 1 48
23 3 48
6 10 3
0 4 44
1 3 26
11 13 8
2 5 48
11 15 51
19 23 63
6 8 41
13 17 53
18 21 70
14 17 1
15 18 45
7 10 30
2 6 63
15 18 66
1 5 67
5 9 70
21 23 38
17 20 27
6 7 67
6 9 8
15 18 1
13 16 43
11 15 6
6 9 18
19 23 29
15 18 64
10 14 6
3 6 58
5 8 17
16 16 33
8 11 31
0 4 29
23 2 52
11 14 5
8 12 27
9 11 66
14 17 38
9 11 7
13 17 16
20 23 52
15 18 65
11 15 71
10 14 5
1 5 28
5 7 23
5 8 40
10 13 29
4 8 24
5 9 25
4 8 32
19 22 4
13 17 32
8 12 37
1 4 55
10 14 19
4 8 4
12 14 3
13 15 46
12 15 61
18 21 14
4 7 56
17 21 66
16 20 29
22 2 6
5 7 6
13 16 34
11 13 13
12 13 68
0 3 46
7 10 62
22 1 65
13 14 48
10 13 63
10 13 35
18 19 28
7 10 1
12 15 70
11 15 39
3 7 32
19 21 24
22 1 15
22 2 53
0 4 39
18 20 66
9 13 9
9 12 22
13 16 16
1 5 51
8 11 44
8 9 59
0 3 18
4 6 23
0 3 68
14 16 26
1 4 29
0 3 17
18 21 31
2 5 63
5 8 38
16 18 13
12 15 33
2 5 70
0 3 53
23 0 8
21 0 15
22 2 14
0 3 24
15 18 13
14 16 24
18 21 56
23 2 47
11 13 63
19 22 29
14 17 63
22 2 36
13 16 58
18 23 42
19 23 69
14 18 54
23 1 5
18 22 10
18 21 58
12 15 46
21 23 59
18 22 4
19 22 57
10 13 17
12 14 63
13 15 24
15 18 32
12 15 46
14 17 56
19 21 5
6 10 60
20 22 49
18 22 59
13 15 13
6 9 45
21 1 5
18 21 13
12 16 41
20 22 73
10 13 4
1 5 17
19 23 64
5 8 53
7 11 6
3 5 13
7 10 64
5 9 56
17 22 45
0 3 27
17 21 63
12 17 61
17 21 1
6 9 25
20 23 52
12 16 3
21 0 24
8 11 1
7 10 2
12 16 27
12 15 68
12 16 10
8 11 72
9 12 68
18 21 48
6 8 58
0 4 56
20 23 59
7 11 20
23 0 58
2 6 37
5 7 27
14 16 7
14 17 55
9 13 55
18 23 31
23 2 34
21 23 47
4 8 31
20 23 22
10 14 54
5 7 7
7 10 3
7 10 19
12 14 8
21 2 10
15 17 37
19 22 54
2 3 9
11 15 32
23 3 5
6 10 18
3 7 48
22 1 53
11 16 40
4 7 57
13 16 7
22 3 32
9 10 73
13 17 27
19 23 66
19 0 43
4 7 39
10 13 12
15 19 17
16 20 62
15 19 41
21 1 39
3 3 6
7 11 52
15 19 10
0 3 63
17 21 49
10 14 32
5 7 69
0 3 7
16 18 41
3 6 48
6 8 9
17 19 72
19 21 44
10 12 54
15 19 21
10 14 8
1 5 48
21 1 19
1 4 6
23 3 69
18 20 47
15 15 56
9 12 14
8 11 55
12 14 16
6 7 56
4 6 35
8 12 36
7 11 64
19 22 5
17 19 66
18 22 36
7 11 29
17 21 25
1 2 4
9 11 57
19 22 60
11 14 16
7 9 67
0 4 42
15 18 3
19 21 32
9 12 29
13 18 60
20 22 54
11 14 48
8 9 45
19 22 18
12 12 46
10 12 17
16 18 21
2 6 48
12 15 1
18 23 36
10 13 44
13 15 60
4 7 52
12 16 61
18 21 61
9 14 36
2 5 16
6 8 12
2 4 42
21 23 53
5 6 61
19 22 18
0 4 24
2 5 52
8 10 12
1 5 26
10 13 15
11 14 17
14 16 34
1 3 57
22 23 62
1 5 24
14 16 25
19 23 17
0 2 48
0 2 26
7 10 73
8 10 60
15 16 45
15 18 62
23 1 50
4 6 56
4 6 49
20 23 27
1 5 59
11 13 52
3 7 62
23 0 3
22 1 19
20 0 20
22 1 9
5 8 65
10 14 58
19 0 33
8 11 44
20 0 68
9 11 48
19 22 7
17 21 61
10 13 62
12 16 24
0 2 6
22 2 72
19 23 51
20 23 56
2 7 33
11 15 8
22 0 22
13 16 71
22 2 10
22 1 8
0 2 22
12 15 52
8 10 26
5 8 41
12 14 4
10 14 8
4 7 39
9 12 51
7 10 15
16 18 40
22 2 29
1 4 20
2 6 2
1 4 39
19 23 41
5 9 16
2 6 17
16 19 44
22 0 33
10 11 53
1 4 13
21 1 47
4 6 53
15 17 3
14 18 44
13 17 67
12 15 36
10 14 25
0 3 56
6 8 66
16 19 34
8 10 10
4 8 27
22 0 42
11 16 37
21 0 58
21 23 47
2 5 12
3 6 26
14 18 58
4 7 45
11 14 32
10 14 4
18 22 10
10 14 73
2 7 21
18 20 72
10 13 41
23 3 21
2 5 12
11 14 30
4 7 53
10 12 20
3 6 57
11 13 2
9 12 53
23 23 31
1 4 1
13 15 37
10 12 40
12 15 59
4 7 43
21 0 25
20 0 14
20 23 67
10 12 9
9 11 37
19 23 72
3 6 14
1 3 61
6 10 70
17 20 17
12 14 26
17 21 35
14 17 62
19 22 29
18 21 65
19 22 24
2 4 3
18 21 51
5 8 25
9 13 71
20 22 35
13 15 38
22 1 35
11 14 50
10 12 33
22 2 58
15 20 65
21 0 51
14 16 5
11 16 46
7 10 65
18 20 55
8 11 4
18 21 59
13 16 5
17 18 29
8 12 40
9 11 54
7 10 10
20 0 44
7 9 3
0 5 51
4 7 13
2 4 32
16 19 15
4 8 9
19 23 39
9 12 70
7 10 1
15 17 46
19 21 33
1 3 22
4 6 28
13 17 25
9 12 24
9 12 24
9 11 46
23 1 59
13 15 46
13 16 61
13 15 31
18 20 48
13 16 6
12 13 2
23 2 28
3 7 42
4 7 4
8 8 33
16 18 34
0 4 46
18 21 52
21 0 9
14 17 52
1 4 2
11 15 5
15 19 27
15 20 38
21 23 37
17 21 13
0 2 39
22 1 39
2 5 13
0 3 39
23 2 13
19 23 69
6 9 27
11 14 44
5 7 64
14 16 40
1 4 67
23 1 47
11 14 3
10 13 60
0 1 50
10 12 34
21 0 45
1 4 57
16 19 30
19 23 19
6 9 8
8 12 39
0 2 7
20 22 58
7 10 46
0 4 14
23 2 32
22 3 9
19 22 35
0 3 15
18 21 69
16 19 51
4 7 58
16 21 37
20 23 6
5 9 11
13 16 40
7 10 23
9 12 73
11 14 8
2 5 45
20 23 39
12 16 9
19 21 55
14 19 58
10 14 60
0 2 23
15 18 6
23 3 72
9 11 70
1 4 10
6 8 71
16 18 40
19 21 28
2 6 47
13 15 20
6 9 37
10 13 21
12 15 39
7 11 46
19 21 58
23 3 65
10 13 48
1 6 38
16 21 67
7 11 27
14 16 6
7 9 10
13 17 12
7 11 59
4 7 63
11 15 34
16 20 70
17 20 5
21 1 38
0 3 50
6 10 36
9 15 43
7 10 45
10 13 65
9 12 47
19 20 5
11 14 20
17 21 28
14 17 16
4 8 44
20 23 15
4 7 49
6 11 67
6 9 48
10 12 50
16 20 5
11 13 22
20 23 50
12 13 52
22 3 37
13 16 59
15 17 6
8 10 70
4 8 60
20 0 44
5 10 31
4 8 13
6 8 20
1 5 29
4 9 11
17 20 41
18 23 36
2 6 12
22 0 38
16 18 23
17 21 15
12 16 22
18 21 54
18 20 58
1 3 73
4 6 13
22 2 27
15 17 24
8 9 12
5 9 37
13 17 44
16 19 70
1 4 13
3 6 73
16 19 32
12 17 6
17 20 8
15 19 52
17 20 13
17 19 67
8 13 73
11 13 31
0 2 19
4 8 55
5 8 31
22 1 52
22 1 4
13 15 71
4 7 60
13 15 41
10 12 64
0 2 40
18 20 48
12 14 10
20 23 11
1 3 54
14 17 68
16 19 9
16 19 26
14 17 35
2 5 47
9 12 61
21 23 42
20 23 43
18 21 37
15 18 64
19 23 57
7 8 68
11 14 10
12 14 14
15 15 38
16 18 23
19 0 42
14 16 17
5 9 55
11 14 49
11 15 18
15 17 64
5 10 25
4 8 38
15 18 18
14 17 9
14 17 8
12 15 43
18 23 28
17 23 17
10 13 14
11 16 48
0 2 63
15 17 31
8 10 7
0 2 62
6 9 63
7 10 50
18 20 63
12 15 57
3 6 40
9 10 63
17 20 36
9 9 72
0 3 7
17 20 62
14 17 63
1 4 3
20 0 68
14 16 9
15 17 24
0 2 57
21 1 72
9 11 10
18 20 73
2 5 14
22 4 23
10 12 10
12 14 32
13 16 1
22 1 19
4 6 69
3 5 72
11 14 52
19 22 53
16 18 59
21 23 48
15 18 71
6 10 22
19 22 6
23 2 67
20 23 8
20 22 15
11 14 5
15 19 17
18 22 15
0 3 50
3 6 53
6 9 43
17 18 14
6 8 70
7 9 6
9 11 45
15 20 51
12 14 56
9 10 34
9 11 24
11 13 7
20 23 72
11 13 30
17 20 56
4 6 31
18 21 31
13 17 38
22 0 4
12 15 50
6 11 30
0 4 41
3 5 19
6 10 13
6 10 70
13 16 66
21 0 6
17 20 3
1 5 71
3 7 19
10 12 70
15 16 46
13 15 22
13 18 56
20 23 40
10 12 1
4 8 61
1 5 52
19 22 39
3 6 51
9 13 41
0 4 28
11 12 13
19 22 1
0 2 58
19 22 30
4 7 8
19 22 32
15 18 5
19 23 68
9 13 24
6 9 33
11 15 71
2 5 70
12 17 24
1 3 36
2 4 73
9 13 21
16 19 29
2 4 19
18 20 46
19 21 50
13 17 15
5 6 33
14 15 61
14 16 17
3 5 2
15 17 56
8 9 39
20 23 29
3 6 42
11 14 16
1 6 41
17 20 18
11 15 29
19 0 71
23 2 44
11 13 55
8 11 66
8 13 51
4 7 54
13 16 42
9 12 11
19 22 11
15 19 48
17 20 36
8 11 30
15 17 15
19 22 13
12 15 62
6 9 56
13 16 41
5 7 21
20 23 39
3 5 20
2 5 48
9 11 32
3 6 54
11 13 51
21 0 30
0 1 19
16 20 58
22 0 47
21 1 11
9 11 19
13 14 34
7 10 35
12 13 34
0 3 33
7 11 46
18 21 40
20 0 66
12 15 62
21 23 68
8 12 50
14 18 67
16 19 33
18 19 71
12 13 40
7 9 39
3 4 16
8 12 21
22 0 44
17 20 44
23 2 47
1 4 18
11 14 65
14 16 29
9 11 7
5 8 4
5 8 53
14 15 73
21 22 67
22 2 28
1 4 70
15 19 46
15 18 73
22 0 51
6 9 58
2 5 7
13 16 48
2 5 10
4 9 59
17 22 39
19 21 9
22 4 23
8 11 15
21 23 20
22 1 16
9 13 26
23 3 25
5 7 57
9 12 9
14 17 58
11 14 21
5 8 64
0 2 32
15 18 19
8 11 38
21 0 36
19 20 33
18 22 43
8 12 14
14 18 35
3 7 65
3 6 56
6 9 54
1 6 37
5 7 15
10 14 21
11 14 45
2 5 32
3 5 66
14 16 15
7 9 35
18 22 3
22 0 3
2 5 14
18 21 5
2 3 36
0 4 16
8 11 21
20 22 54
3 7 8
14 18 57
4 5 23
15 20 44
3 5 29
11 14 46
1 4 4
12 13 51
21 1 33
9 10 37
6 8 29
18 21 63
5 8 56
17 18 26
2 6 21
8 11 1
7 10 56
11 15 23
10 12 55
3 7 10
8 9 59
13 15 6
15 19 1
18 19 18
8 10 37
19 23 68
14 17 16
1 3 62
19 23 1
3 7 26
18 21 27
14 18 18
13 17 66
19 21 50
8 12 71
15 18 2
12 16 6
10 15 60
21 23 65
13 16 68
6 8 58
21 23 31
8 11 36
14 17 60
12 16 37
14 17 44
8 10 14
17 19 56
5 9 67
20 23 21
20 0 61
18 20 60
3 7 2
14 18 13
22 0 55
5 7 52
3 5 2
15 18 21
0 1 63
7 11 70
19 21 34
5 9 62
19 0 16
14 17 51
19 22 25
7 9 44
3 5 22
21 23 47
20 21 57
8 12 14
20 0 62
13 15 11
22 23 19
9 12 17
