1000 97
7 39 84 18 81 19 7 55 11 78 48 81 60 92 26 5 67 59 59 37 12 85 11 82 48 60 61 6 93 29 83 89 69 52 68 40 76 80 36 58 47 50 68 1 1 64 32 29 64 11 59 12 85 89 32 4 40 39 76 28 21 67 62 75 81 68 81 95 77 60 18 18 64 7 88 49 48 81 58 4 97 69 6 91 36 67 34 62 30 19 19 22 82 21 5 49 33 
21 22 44
5 8 55
12 15 56
23 3 91
4 7 8
5 7 28
21 0 11
5 8 40
3 8 55
21 1 29
12 18 81
15 17 32
18 22 45
17 21 45
0 4 43
6 9 18
18 20 80
14 16 95
15 17 52
18 21 44
17 21 95
21 23 39
12 16 92
0 4 19
21 1 26
22 0 94
13 17 30
17 20 24
0 3 9
18 21 18
19 22 44
11 13 43
15 17 58
18 18 83
17 20 60
9 10 96
8 12 18
8 12 88
7 10 87
21 0 58
6 9 83
19 21 64
18 22 11
8 12 50
20 23 39
11 15 6
3 7 33
0 2 28
21 23 61
1 5 53
5 7 41
19 23 7
23 2 20
13 18 84
20 22 93
5 8 25
21 0 31
9 11 51
9 11 57
21 0 91
20 23 31
19 23 37
13 17 53
11 14 25
7 10 27
17 20 8
6 11 92
14 16 89
14 19 8
18 22 89
15 17 73
9 11 45
5 8 74
11 14 22
9 12 70
4 7 53
0 3 95
14 18 94
6 11 81
7 10 53
12 15 58
3 7 78
12 15 47
4 7 86
11 14 41
9 13 20
10 12 63
9 14 74
19 22 67
10 13 86
7 10 45
1 4 53
2 5 54
17 21 32
18 21 18
9 11 38
8 11 84
13 17 61
12 16 53
18 19 70
18 21 76
6 9 44
10 14 71
4 6 25
10 12 97
2 5 23
6 9 26
11 13 28
2 5 56
5 9 15
9 12 58
21 23 46
20 0 86
12 15 35
7 12 55
22 1 97
6 10 19
10 13 84
11 13 3
12 15 44
21 1 5
12 15 73
18 23 95
16 21 96
3 6 2
1 4 82
10 13 81
20 22 95
18 21 37
11 15 16
4 7 23
5 8 85
7 10 13
7 9 11
13 16 54
2 3 71
21 0 53
8 10 60
10 13 2
13 16 48
2 5 26
1 3 61
5 9 51
2 7 69
6 9 20
22 2 1
8 11 53
9 13 42
15 19 3
2 5 89
0 4 62
10 12 39
17 19 73
2 6 59
17 20 5
2 5 39
19 21 76
15 18 4
1 4 82
23 2 70
15 17 35
2 5 12
10 13 62
14 16 2
4 8 15
18 23 78
21 1 14
7 10 68
2 7 11
1 6 12
16 19 29
12 14 52
11 14 76
15 18 21
21 23 36
12 15 6
19 21 4
19 23 5
5 8 13
19 21 27
17 20 89
10 12 27
2 3 31
14 17 33
23 3 7
6 10 10
11 14 19
10 13 39
9 11 66
23 4 3
4 8 73
19 21 68
7 11 32
10 14 93
14 17 77
5 9 43
23 1 28
6 8 69
11 15 84
18 22 32
7 11 94
11 15 45
20 0 76
8 10 45
20 0 29
11 13 73
10 14 17
7 9 47
20 23 88
6 9 40
23 3 12
7 9 80
6 10 75
21 0 24
2 5 50
5 10 42
3 7 32
21 23 82
18 20 77
2 5 51
8 13 69
8 11 82
15 17 4
22 2 2
5 8 45
14 16 35
2 4 9
13 15 47
0 4 34
21 23 50
8 12 26
1 3 84
5 9 78
2 5 76
0 3 7
11 13 79
15 19 64
5 7 23
0 4 93
20 0 77
17 21 29
22 1 47
20 23 60
23 4 6
4 9 63
14 15 48
8 12 72
3 6 97
8 12 30
1 4 80
3 6 1
0 4 90
10 13 37
23 2 95
22 2 8
21 0 41
4 7 97
22 2 19
14 17 21
8 12 83
4 5 10
22 0 32
6 9 70
12 16 27
5 9 79
14 17 66
13 16 8
17 20 54
12 17 13
1 4 91
2 6 72
21 23 46
15 18 17
22 2 78
16 20 19
6 9 11
5 9 87
7 11 47
22 2 89
18 20 11
18 21 73
12 15 83
14 17 57
20 0 96
12 14 63
23 2 49
17 22 91
8 12 14
8 11 10
9 14 93
12 15 38
10 13 8
9 11 20
19 23 29
18 20 80
13 17 39
2 5 17
21 0 28
7 11 26
22 0 77
9 13 81
14 18 24
5 7 26
18 22 82
16 20 2
3 4 29
0 3 67
10 13 13
9 11 72
15 17 19
4 6 33
17 19 72
17 19 32
15 17 46
4 7 26
2 5 65
18 20 59
11 14 57
10 11 63
10 14 55
21 0 48
16 19 84
9 10 80
7 9 37
18 21 14
8 12 73
10 12 85
2 4 68
13 17 82
15 19 34
8 10 24
2 6 15
10 12 18
18 22 65
9 12 54
3 5 67
13 16 36
10 14 32
20 23 61
4 7 85
9 12 57
21 22 40
6 7 74
23 1 60
20 22 6
5 7 17
9 12 50
20 23 7
6 10 67
5 10 65
0 1 89
5 8 81
15 19 39
11 13 32
9 12 48
1 3 38
5 7 75
7 11 32
19 22 48
6 8 95
14 16 77
4 8 45
12 15 47
20 22 19
5 9 45
22 2 33
17 21 93
12 15 83
8 12 83
0 2 44
13 17 11
23 2 29
6 10 1
3 6 58
21 0 90
12 16 46
9 14 42
10 13 93
13 16 94
9 10 81
5 9 26
21 1 38
14 19 90
12 16 85
22 23 16
2 5 58
13 16 65
12 14 51
15 20 83
6 10 15
8 10 78
9 12 14
19 23 69
16 19 29
23 0 64
13 16 14
6 9 46
4 6 47
11 16 40
4 6 26
16 19 12
7 11 78
5 9 10
21 0 63
15 18 21
17 18 85
12 15 57
11 14 9
3 7 76
10 14 14
10 13 54
13 17 92
13 17 48
15 19 1
12 12 24
21 1 52
4 7 14
20 0 67
3 7 95
22 2 60
9 11 1
9 13 9
6 7 56
9 12 75
23 4 56
21 0 67
13 16 45
13 15 84
7 11 55
5 7 22
23 1 23
16 19 32
20 21 91
2 7 8
6 9 97
11 14 12
7 10 52
16 20 15
7 10 31
4 7 12
23 2 14
10 12 79
0 4 79
11 14 69
17 19 87
17 20 55
21 1 52
7 12 17
3 6 64
2 5 78
8 12 65
16 20 20
12 15 87
16 20 20
1 4 32
19 23 30
12 15 30
20 22 71
1 4 62
17 20 23
4 7 87
21 0 79
20 23 71
13 15 26
21 0 26
17 20 30
6 9 90
4 6 1
0 3 54
11 14 55
22 23 74
1 6 11
2 6 15
19 21 36
7 10 16
5 8 37
16 19 37
16 18 35
10 15 53
21 23 38
2 4 10
5 8 69
12 15 39
9 12 87
14 16 93
9 13 63
4 7 52
12 15 74
14 17 30
23 1 13
8 12 11
15 18 93
21 0 5
8 10 55
23 1 69
8 12 81
21 1 35
4 7 27
18 20 3
22 2 62
8 11 50
5 9 83
20 21 77
18 22 88
13 17 85
5 9 10
3 5 22
20 22 65
0 3 91
21 0 60
13 17 59
6 9 79
20 22 63
18 21 43
16 19 47
20 0 76
10 12 30
11 13 62
14 17 63
7 10 66
23 2 24
4 8 21
6 8 44
15 18 58
19 23 54
4 8 23
17 20 37
6 9 42
21 0 23
19 22 9
16 19 62
2 4 60
5 9 72
1 5 8
21 0 86
3 6 80
12 15 19
19 23 68
6 9 70
19 23 1
4 7 64
19 0 62
6 9 18
14 18 11
14 17 36
4 7 30
18 22 79
11 14 21
17 19 84
18 22 1
10 13 1
8 13 3
11 15 11
20 23 84
18 21 3
11 11 36
18 20 23
18 20 19
12 17 89
6 9 59
16 18 92
13 17 63
8 11 50
14 17 13
4 7 13
1 4 28
10 13 68
21 1 30
3 4 48
17 20 20
6 9 48
6 10 57
20 0 75
13 13 54
14 16 10
4 7 39
11 14 14
11 16 94
0 2 48
4 7 93
4 7 65
0 2 28
8 11 88
21 23 46
20 23 29
11 13 23
7 11 43
18 23 78
15 16 94
20 23 80
17 20 8
9 13 94
0 3 72
3 5 11
2 5 57
9 11 31
2 4 96
14 18 18
18 21 65
14 18 27
10 15 27
10 13 69
7 10 24
20 22 79
4 8 13
8 10 91
3 5 21
23 3 51
20 23 94
20 22 31
23 3 96
10 12 47
1 4 45
13 17 92
22 3 54
4 8 36
16 19 55
10 14 57
7 10 20
13 16 69
16 19 64
7 10 96
9 15 76
18 20 58
10 12 90
22 2 9
19 0 31
15 18 38
20 20 84
10 14 26
18 21 36
13 16 2
1 4 76
19 21 83
2 5 32
4 6 96
16 20 5
12 14 21
17 20 40
0 4 82
8 10 62
10 12 19
21 0 8
22 0 19
15 18 42
14 16 24
5 8 69
8 11 14
4 8 79
6 8 42
7 8 1
2 4 64
4 7 7
18 21 54
20 23 77
5 7 95
12 15 6
15 17 60
11 14 57
14 17 43
12 16 62
16 19 60
1 4 75
2 4 59
18 20 67
2 5 3
11 15 96
12 17 74
8 12 19
19 22 90
7 10 47
20 0 3
0 3 59
14 17 85
23 2 86
17 19 19
7 13 6
15 17 21
7 10 96
0 3 42
22 1 30
13 16 73
13 17 20
22 3 21
12 14 53
10 13 53
19 23 76
22 2 91
17 20 19
3 4 69
10 12 12
17 19 51
5 8 6
1 4 39
17 22 30
4 7 1
3 5 59
2 6 52
12 17 47
1 2 31
1 5 46
4 7 50
21 23 90
22 2 4
4 7 13
5 8 15
6 9 6
14 17 32
0 3 51
4 7 70
16 19 75
16 18 48
2 3 53
8 9 66
15 17 71
13 15 81
17 19 34
9 12 89
21 0 10
18 22 85
19 22 90
23 1 77
1 5 37
13 16 39
5 9 40
0 5 69
8 12 54
5 8 80
6 10 40
21 23 50
6 10 57
16 18 34
9 13 94
4 7 37
19 21 50
0 3 69
22 3 3
13 17 39
1 5 7
11 14 22
1 5 5
21 1 21
10 14 96
2 7 74
12 14 86
8 13 69
8 12 49
11 14 72
1 4 76
0 1 54
0 2 77
11 16 88
5 7 48
16 18 67
2 5 94
11 16 62
5 7 75
17 21 27
19 23 10
13 16 94
3 7 25
13 15 95
7 9 2
23 4 37
1 5 2
5 8 21
19 22 65
10 13 5
3 7 44
15 17 88
10 11 48
23 1 9
0 4 22
22 1 73
11 14 71
14 18 46
15 17 29
3 7 33
16 17 27
22 2 5
23 1 78
7 9 89
14 18 95
12 15 81
18 21 35
7 11 32
9 13 78
17 19 89
6 9 19
9 13 78
18 22 80
14 16 3
10 13 76
23 1 91
13 16 88
9 13 18
9 12 72
18 22 69
17 21 94
16 20 86
2 4 26
11 13 21
6 10 58
14 18 19
21 0 8
8 12 19
7 11 55
23 2 27
15 18 20
8 10 54
6 10 6
2 6 92
8 10 78
2 6 59
4 7 29
19 22 87
19 23 2
16 20 29
11 14 95
14 18 10
6 9 6
6 7 92
8 11 3
22 23 54
7 7 43
2 5 28
10 14 95
15 18 24
6 8 25
14 18 43
5 7 17
3 6 77
15 19 96
13 16 2
1 3 96
22 2 3
15 18 19
5 6 83
21 0 26
8 11 57
8 11 58
23 2 73
23 2 56
6 10 39
5 9 96
3 6 49
14 17 33
21 2 23
1 4 75
15 19 74
6 9 66
12 16 17
13 16 84
8 11 47
9 14 80
6 9 22
18 21 64
17 21 80
18 20 40
13 17 61
9 13 55
7 10 13
7 11 96
7 8 36
10 13 32
21 0 28
22 2 61
16 20 9
1 5 86
17 20 80
15 18 8
4 6 59
23 1 58
0 4 13
5 9 75
8 9 90
13 15 38
1 5 21
3 5 56
8 10 66
2 4 89
19 22 24
14 17 86
1 6 28
10 13 9
12 16 6
23 2 87
20 23 35
1 5 48
6 8 63
5 9 11
3 7 57
6 9 9
0 3 83
18 21 87
9 13 41
2 4 59
14 17 6
18 21 92
2 6 94
4 6 11
20 0 87
0 3 65
9 12 74
1 3 45
23 2 4
5 8 44
23 2 1
22 2 5
19 22 3
10 12 10
19 22 38
13 17 81
20 22 91
19 0 52
18 20 1
21 1 17
0 3 1
9 13 13
18 22 85
3 6 87
19 22 20
20 23 93
16 19 53
15 18 2
8 12 67
21 0 97
1 5 65
22 0 95
2 6 37
8 12 13
9 13 23
4 5 32
12 15 32
8 11 1
22 2 34
23 1 36
4 7 10
16 19 23
23 2 89
13 17 52
15 18 22
9 13 23
10 15 49
6 8 56
11 15 96
8 12 43
15 18 59
10 12 94
5 9 95
3 8 31
4 8 59
1 6 42
17 21 20
10 12 2
9 10 21
2 4 76
14 18 53
5 7 64
2 4 92
5 7 37
8 11 7
19 20 52
2 5 29
7 11 46
13 17 97
15 17 82
1 4 39
7 9 13
5 8 46
13 16 21
0 2 24
3 6 23
21 23 11
17 21 69
10 12 93
22 3 66
3 4 96
11 12 56
21 1 7
1 5 47
19 21 63
7 10 85
2 5 16
21 1 22
5 6 3
20 0 33
23 3 21
16 20 87
11 16 85
20 0 89
10 14 10
10 14 91
12 14 65
15 19 89
17 20 43
0 3 45
12 15 77
9 11 7
12 15 83
