1000 46
35 22 41 30 14 14 27 15 38 1 4 32 1 6 11 32 30 18 33 8 46 44 46 22 14 6 43 4 11 13 25 18 6 2 30 17 23 44 8 12 32 39 13 3 33 2 
3 6 41
16 21 15
13 17 1
0 2 21
15 16 19
11 11 17
14 17 10
7 10 17
4 7 19
20 0 5
23 1 15
19 23 18
19 21 24
7 11 22
14 17 15
18 22 14
14 16 25
4 5 4
17 19 20
2 7 28
20 23 7
9 13 32
10 15 11
6 9 32
11 13 36
15 19 11
20 0 12
11 15 6
12 14 27
16 19 22
8 10 36
3 8 30
12 14 5
3 5 38
6 8 42
20 0 44
20 0 46
6 8 29
6 10 14
1 5 25
19 22 7
16 19 25
21 2 5
3 6 29
13 16 5
17 21 38
10 13 6
12 15 31
20 21 36
12 14 29
22 1 14
9 11 22
12 15 35
5 8 11
21 0 31
22 0 20
6 9 9
7 9 46
0 4 31
21 23 4
6 9 17
7 10 40
1 5 46
15 17 8
16 18 42
7 10 42
19 21 4
1 6 43
22 0 4
4 5 19
3 7 40
8 10 1
0 1 45
11 14 25
14 16 6
9 11 14
7 10 1
13 19 29
23 3 38
0 4 1
0 3 23
17 18 2
8 11 46
13 16 39
16 18 24
0 3 9
2 5 18
3 5 2
12 15 45
4 10 13
4 7 6
18 22 38
2 5 23
12 16 1
7 12 16
8 11 15
15 19 40
9 14 25
23 0 8
12 14 9
10 13 5
17 21 11
23 1 38
2 4 18
4 7 36
0 2 13
11 13 35
14 17 35
20 23 6
10 13 42
14 15 30
19 22 33
10 15 38
16 19 17
10 14 44
14 16 22
8 11 30
14 17 39
16 17 30
19 21 38
16 18 20
15 18 7
7 8 46
7 9 43
5 8 3
2 6 41
19 23 24
13 16 27
7 10 41
2 4 24
9 11 44
11 16 1
0 5 44
0 3 35
2 5 17
23 3 23
21 1 7
9 11 1
6 8 31
19 23 36
19 23 38
13 16 42
12 16 33
11 14 13
13 16 16
13 15 23
9 12 11
13 16 17
20 0 24
17 20 15
2 5 44
16 17 35
1 3 44
4 7 19
1 5 29
21 0 4
20 0 16
9 12 34
23 2 14
18 21 26
7 11 1
19 23 21
16 17 40
4 6 8
8 11 3
8 13 21
11 15 36
18 22 10
20 23 27
21 0 34
8 14 30
0 2 33
5 7 44
7 11 44
11 13 20
12 15 26
21 2 18
23 4 24
16 19 17
5 7 28
10 13 43
14 18 26
18 21 4
16 18 33
12 16 13
10 14 3
7 12 2
2 5 43
19 22 19
0 3 21
12 16 25
14 18 43
8 12 15
2 5 18
4 7 3
8 10 13
9 12 23
4 5 32
8 11 2
20 21 19
22 0 17
18 20 2
23 2 21
9 11 45
8 10 32
11 16 24
6 11 7
4 8 30
4 8 11
15 17 19
5 8 16
14 16 7
10 11 24
23 0 9
16 18 10
23 2 28
3 7 20
3 5 39
20 23 12
6 10 30
18 20 19
3 6 31
12 16 46
15 20 11
3 5 35
5 7 42
20 22 23
2 5 34
15 18 7
19 22 17
7 9 14
1 3 28
22 1 32
22 1 44
17 19 18
15 17 6
11 15 26
3 6 5
17 19 11
12 14 16
19 23 10
12 16 5
21 23 43
15 18 19
0 3 12
11 12 41
6 7 15
15 17 40
20 23 2
5 8 24
21 23 20
14 17 13
9 11 32
18 20 24
19 22 5
10 14 25
10 12 8
23 3 10
21 1 39
0 4 14
17 20 4
21 0 4
6 8 13
10 12 15
15 18 32
5 9 40
22 0 26
0 2 12
6 8 36
1 3 15
1 4 29
8 11 24
18 21 10
11 13 40
6 9 38
1 5 27
3 6 8
2 5 26
20 22 8
16 21 25
9 14 17
1 4 3
11 14 9
2 5 32
5 8 22
19 21 4
17 21 34
18 22 5
8 11 36
16 17 35
2 5 4
1 4 10
6 10 39
22 2 17
7 11 31
13 15 44
4 8 24
0 3 30
10 14 22
21 0 18
12 13 24
23 1 22
2 5 12
0 4 32
16 21 2
7 9 13
14 16 33
2 4 20
3 4 20
15 18 43
22 23 37
11 13 35
9 12 34
13 17 36
4 7 40
23 1 23
20 23 21
21 3 43
8 11 8
22 2 40
10 12 43
3 4 30
5 8 31
8 12 33
21 3 22
1 2 4
9 9 41
13 16 37
18 20 24
13 16 19
2 6 17
14 16 38
17 19 34
15 20 44
23 3 13
23 2 43
9 11 5
0 1 6
15 19 43
14 17 29
3 5 41
19 23 35
5 7 15
9 12 31
21 2 33
4 5 30
8 11 5
14 17 23
11 14 3
7 10 39
13 15 17
16 21 36
9 13 23
1 4 5
6 7 21
0 3 7
18 20 41
4 8 20
3 6 29
13 15 36
8 12 27
21 23 33
4 7 30
17 21 12
4 6 7
11 16 8
1 5 28
18 20 2
17 21 19
22 1 14
8 9 7
17 20 18
16 19 14
8 9 22
3 6 30
17 18 15
12 14 12
17 20 5
10 13 43
1 5 18
16 19 12
4 7 8
12 14 26
2 7 15
5 6 19
3 7 6
11 14 44
16 18 27
6 7 19
4 6 15
5 10 32
0 1 22
3 4 27
8 11 33
11 16 31
17 18 1
11 15 12
11 15 5
16 18 11
0 3 19
13 16 36
15 17 31
1 6 19
23 3 12
12 15 36
18 21 27
19 23 29
9 12 8
6 7 20
15 18 41
17 20 25
8 11 30
7 10 36
7 8 28
20 0 31
4 8 33
0 2 39
17 20 46
10 12 25
9 11 35
22 0 33
15 18 1
21 23 22
20 0 12
5 7 29
0 4 29
22 0 21
0 2 19
20 22 16
13 16 43
10 13 13
11 14 18
16 19 40
6 10 2
4 7 3
19 21 25
21 1 31
22 2 39
23 3 30
14 17 2
14 17 10
5 8 21
5 8 3
3 5 40
9 10 16
3 7 22
9 11 10
21 23 23
17 19 37
4 7 14
21 0 18
10 12 24
13 14 35
7 10 41
23 1 29
11 12 7
20 23 12
2 6 10
0 5 25
17 20 21
11 15 33
11 16 16
10 13 46
18 18 14
23 0 26
7 8 10
8 12 19
23 3 5
23 1 45
15 18 26
5 8 43
23 1 33
12 16 43
8 11 3
7 9 6
17 20 42
6 9 31
15 16 5
19 23 46
13 16 13
22 2 31
7 9 42
20 22 18
20 23 35
12 13 3
9 13 28
22 2 7
20 23 4
21 0 18
5 9 31
3 6 20
19 22 30
22 1 43
10 11 7
20 22 38
2 5 21
17 20 20
9 11 33
5 9 3
3 6 36
23 0 43
13 17 39
20 0 33
14 20 7
6 8 46
3 6 22
16 20 37
13 15 13
21 2 9
11 15 43
16 21 44
8 12 38
9 10 45
1 5 28
18 21 14
1 4 23
10 12 5
22 1 9
18 21 32
7 9 25
3 8 15
14 17 2
22 2 15
12 15 1
13 18 32
5 7 40
17 21 25
14 17 17
5 9 32
23 2 18
13 15 14
15 18 19
4 6 8
18 20 32
2 2 12
12 16 44
20 22 4
15 18 18
14 17 28
15 17 41
9 11 30
8 12 3
0 2 43
1 4 5
20 0 18
13 16 30
12 16 24
14 18 31
8 8 21
20 1 5
15 18 27
18 22 23
13 16 5
12 14 34
16 18 46
5 8 1
20 22 38
18 21 44
10 14 28
7 11 5
5 5 31
12 14 17
23 3 3
23 3 2
10 12 19
12 15 43
21 0 3
17 21 29
19 21 6
9 13 35
21 0 23
0 4 2
20 23 28
14 18 21
4 7 46
18 20 23
9 11 45
6 8 14
12 15 14
13 16 13
0 4 20
21 23 46
1 3 27
21 2 38
14 18 40
20 0 4
3 6 31
22 1 10
22 3 32
8 11 19
18 23 23
6 9 1
18 22 6
5 8 30
14 18 38
21 0 25
21 2 41
14 18 35
23 1 35
13 16 46
8 12 8
15 19 23
14 17 45
3 5 33
10 11 46
4 8 36
11 15 16
15 18 23
18 22 36
5 7 21
10 14 4
8 10 2
19 21 36
3 7 34
0 2 26
11 15 38
6 10 1
11 14 45
21 0 22
1 4 28
8 10 37
19 23 44
7 9 31
16 19 14
23 2 29
3 5 45
19 22 33
11 14 36
15 18 25
11 14 33
1 3 45
16 19 30
10 14 31
12 14 21
22 0 38
7 10 7
1 3 3
18 21 25
22 0 23
23 2 1
15 19 3
20 23 5
0 5 32
11 14 36
7 10 5
21 23 24
18 22 4
23 2 45
12 14 18
21 0 38
13 17 4
4 7 35
9 13 31
17 20 18
14 16 1
22 1 41
8 10 11
9 14 41
20 22 22
20 22 8
8 12 33
3 7 44
3 4 41
14 18 7
8 10 40
12 13 39
8 12 32
1 5 13
18 22 8
21 0 24
7 9 27
7 11 27
16 18 2
18 20 7
12 16 34
17 18 13
14 17 23
9 11 8
11 14 9
1 1 18
23 3 17
7 12 21
1 4 14
13 17 3
21 1 8
11 12 21
17 18 44
0 2 4
5 8 25
11 13 45
8 10 22
18 23 16
2 4 33
10 12 44
10 14 45
22 0 34
6 8 34
7 11 25
9 11 42
4 9 36
15 17 30
19 21 2
9 13 44
15 18 35
22 3 14
12 15 2
2 6 41
22 2 20
14 17 45
6 9 36
18 23 45
1 5 13
0 4 9
10 14 35
15 19 9
13 13 39
16 18 6
19 19 31
3 6 4
4 8 34
23 3 34
5 8 11
0 2 8
8 13 38
11 15 39
11 14 11
8 10 17
21 22 23
17 20 39
21 22 30
0 3 4
20 23 42
12 15 18
1 5 19
20 0 27
17 20 32
18 23 40
20 23 1
9 10 45
19 23 13
2 6 32
0 2 46
7 10 41
19 22 7
15 18 2
16 18 31
11 14 15
20 23 35
16 18 23
6 9 12
14 19 22
0 2 36
4 7 14
21 2 14
20 22 38
15 18 40
20 22 2
16 20 11
9 12 21
14 17 4
22 1 30
1 5 15
9 12 15
16 21 24
0 3 22
15 19 28
10 15 5
8 10 9
8 12 7
13 17 46
11 13 2
0 2 11
15 17 20
13 16 20
1 7 3
22 2 22
20 0 46
3 6 33
21 1 17
14 17 44
17 21 9
7 7 36
11 13 5
18 21 37
21 1 7
4 7 23
1 5 23
4 8 40
1 6 24
17 21 40
15 17 4
19 23 27
6 9 16
18 21 34
15 19 21
1 3 20
16 19 15
9 10 14
10 14 44
21 23 5
6 10 40
12 14 20
15 18 20
11 15 46
14 17 6
20 0 28
1 2 45
5 8 40
2 6 2
14 18 7
11 15 38
11 13 20
1 4 23
11 12 18
21 22 41
11 13 26
12 14 14
12 15 4
18 21 1
14 18 41
0 3 14
16 19 43
0 3 29
8 12 9
17 20 13
7 10 30
4 8 31
7 10 1
4 6 41
15 18 3
13 16 30
18 20 25
7 9 34
18 22 22
0 0 32
17 19 9
3 7 41
19 22 6
16 19 27
22 3 26
14 19 22
2 5 27
4 6 19
21 0 3
19 23 30
18 22 28
13 16 40
18 22 41
5 9 23
13 16 18
12 15 42
10 15 9
10 12 23
19 22 4
10 14 18
4 7 20
6 8 33
4 8 12
2 5 2
15 18 8
4 8 43
17 19 12
2 6 1
0 3 9
21 0 3
8 10 12
9 12 44
17 18 20
14 17 14
15 18 32
19 23 40
18 20 5
13 16 11
7 9 29
1 3 39
20 23 10
19 20 3
14 16 40
16 19 4
17 19 12
5 8 16
22 1 28
17 20 46
4 7 20
3 5 29
23 2 32
20 0 6
18 20 33
22 2 25
14 16 29
2 5 28
2 6 1
22 22 38
15 17 3
18 21 32
6 9 42
7 11 17
12 17 2
17 20 29
19 21 9
9 13 38
10 14 39
2 6 18
18 21 12
12 13 36
22 23 28
16 20 3
23 3 7
12 15 14
6 8 1
6 9 13
17 20 36
10 14 23
16 19 29
20 0 31
1 5 7
14 16 19
1 5 35
2 5 7
15 18 4
2 5 35
10 13 11
4 7 29
23 2 10
16 19 42
6 6 9
11 14 9
12 15 34
13 16 46
12 16 38
3 4 11
16 17 36
17 19 20
12 15 46
4 8 18
0 3 2
3 5 14
16 20 11
5 8 24
17 19 41
3 7 13
4 7 8
5 9 31
16 20 37
13 16 30
21 23 16
19 22 13
11 13 36
9 11 16
9 12 35
19 23 27
12 16 2
21 2 20
13 15 24
14 18 18
7 12 29
22 2 31
16 17 18
4 5 21
13 17 23
11 14 35
12 17 37
22 1 41
15 18 26
18 22 2
18 21 31
15 18 17
10 13 20
22 22 8
5 8 28
4 7 41
23 2 9
22 1 6
23 2 27
16 20 3
1 5 34
19 23 10
8 11 39
20 22 12
6 11 41
14 17 4
3 6 17
18 20 3
2 5 3
12 14 32
8 12 16
18 20 29
11 12 17
7 11 21
20 1 29
12 17 33
14 17 18
6 9 23
21 0 34
12 16 37
0 4 3
0 4 39
7 9 7
8 13 10
3 6 24
