1000 59
15 45 56 19 1 47 51 29 8 10 9 50 51 12 34 4 53 59 45 7 1 44 42 46 23 36 8 13 53 21 55 58 18 33 24 47 19 21 15 55 12 17 53 26 36 49 38 41 26 7 19 11 22 40 11 28 6 48 5 
12 16 19
8 10 29
9 12 26
11 16 50
21 1 46
11 14 24
1 4 27
11 14 36
5 7 44
8 11 22
12 15 49
5 9 42
9 11 55
13 16 13
23 1 52
20 0 32
16 18 19
7 10 59
20 0 21
6 11 1
16 19 30
15 19 14
9 11 16
19 23 53
22 2 37
1 5 10
11 17 9
15 16 3
15 19 36
18 20 32
22 1 42
21 23 37
2 6 11
17 20 15
20 0 17
22 1 24
20 0 31
5 8 14
2 4 34
6 10 28
5 8 46
20 0 10
16 18 14
13 14 14
0 3 7
2 6 56
14 15 21
16 18 47
12 14 34
1 5 25
22 5 38
9 11 50
11 13 33
8 14 26
6 8 10
21 1 2
14 18 29
17 21 23
4 7 18
8 11 42
14 16 27
16 21 40
1 5 6
8 11 5
5 6 5
20 22 37
1 4 21
1 4 40
16 19 47
0 3 3
14 15 40
20 0 56
2 5 37
6 10 46
15 19 34
10 12 45
18 21 34
15 19 5
15 19 28
18 20 42
5 9 39
11 15 16
7 11 17
13 16 1
20 1 30
7 9 3
12 15 45
0 4 19
18 20 42
0 2 20
9 12 43
6 9 42
4 8 45
13 15 32
22 3 28
11 14 35
3 4 54
6 8 56
18 22 37
8 12 22
5 8 4
22 1 53
17 20 33
11 14 7
6 8 51
18 23 34
5 9 38
20 23 19
14 17 40
0 3 21
2 5 16
23 3 27
5 10 51
13 18 22
1 5 32
11 13 34
6 9 56
22 0 41
14 17 27
20 22 23
3 5 4
23 23 18
18 21 2
4 7 13
18 21 16
20 22 31
14 16 26
3 7 38
13 16 19
16 20 50
12 14 4
7 10 54
19 22 28
23 3 15
8 10 43
23 2 20
20 21 23
1 4 13
22 1 40
9 10 12
14 17 41
9 12 56
17 19 23
11 15 52
22 2 50
8 12 11
16 19 11
18 20 37
17 17 15
9 11 45
7 10 27
12 16 5
7 9 38
20 23 7
11 14 50
15 18 18
5 7 49
17 20 36
11 14 8
15 18 21
12 17 55
14 17 13
22 1 22
4 6 50
8 11 24
0 3 52
15 17 36
6 7 25
21 0 41
17 20 39
13 13 3
12 15 46
21 1 58
8 11 51
3 6 47
20 22 19
6 10 36
2 6 19
22 1 46
14 15 15
12 16 8
15 19 17
6 8 18
3 6 30
3 5 42
10 14 19
18 23 24
4 6 47
10 14 45
1 3 30
18 20 55
11 13 55
3 6 44
11 14 5
6 10 19
11 13 57
0 4 48
19 22 10
2 4 42
18 22 20
15 18 31
17 20 58
15 16 25
5 8 28
14 17 46
7 10 51
8 10 31
18 21 56
6 9 38
14 16 5
15 20 9
21 0 49
11 14 14
14 17 11
1 3 32
10 12 56
2 5 29
0 4 46
6 10 45
12 15 3
14 17 14
0 3 29
23 0 7
11 15 20
3 7 14
20 22 28
12 14 37
19 22 5
18 20 23
20 20 19
15 19 59
1 6 23
0 0 10
9 13 3
14 18 6
0 4 37
5 9 19
8 10 14
15 19 43
18 23 39
11 13 13
12 16 15
14 18 32
20 23 46
0 2 35
15 17 23
1 5 47
11 14 21
8 11 29
4 5 51
20 23 23
4 5 41
2 5 20
12 17 33
19 21 51
15 17 43
15 18 27
4 5 55
17 21 58
3 6 59
15 17 24
0 3 7
7 10 37
8 12 18
10 11 49
7 11 10
23 1 2
10 12 45
4 6 8
12 14 2
21 0 11
13 14 29
22 2 38
20 23 15
20 23 36
4 7 59
10 14 6
2 5 50
7 11 54
20 22 56
21 1 13
3 5 55
6 11 44
16 17 37
13 16 40
15 20 30
7 10 49
1 2 15
2 4 22
20 23 59
3 5 15
3 6 51
9 13 11
9 12 55
1 4 58
18 22 31
0 4 48
11 16 52
17 18 40
7 10 37
0 3 19
19 22 23
1 1 27
22 1 48
21 22 20
0 2 57
11 15 20
4 8 37
20 22 11
19 0 38
17 21 11
4 7 52
3 4 34
4 8 47
10 13 2
5 8 8
20 23 46
17 22 36
1 4 20
14 17 59
15 18 59
12 15 53
5 7 51
1 6 35
3 6 26
15 18 7
6 8 56
5 9 12
14 17 49
8 11 38
23 2 55
2 6 33
21 0 19
2 4 44
14 17 22
22 1 5
1 5 33
6 8 45
0 1 23
23 1 44
7 11 47
22 1 34
5 6 14
16 18 55
16 19 44
9 9 28
9 11 50
12 16 12
23 1 18
8 12 3
2 4 48
5 8 19
4 4 24
22 0 17
18 20 31
3 6 27
0 3 9
12 15 17
6 8 54
1 4 40
11 14 16
6 11 16
9 13 47
21 1 12
14 18 22
1 5 16
8 11 12
19 21 41
13 16 27
5 11 14
19 22 4
15 18 12
12 15 13
8 10 49
8 9 15
9 11 16
5 8 50
3 6 2
19 21 26
19 22 26
0 3 51
12 15 59
21 23 47
12 16 17
0 3 28
8 12 31
1 4 34
0 5 57
3 5 55
7 11 7
15 18 46
16 18 15
11 15 2
7 10 15
11 14 25
17 17 24
11 14 12
9 9 33
23 3 15
17 20 29
22 1 21
8 12 20
17 20 50
6 9 17
4 9 32
10 13 53
5 9 3
9 12 6
11 14 41
8 10 53
5 10 11
7 10 10
10 12 50
11 14 40
16 20 27
12 16 18
7 10 23
22 2 25
22 0 19
21 2 22
11 15 44
2 5 28
22 2 16
7 10 33
15 18 55
18 21 59
7 10 31
13 16 45
16 20 31
20 23 29
15 19 6
17 21 48
6 10 8
16 19 36
12 16 56
17 20 13
18 21 57
9 10 50
14 15 21
11 15 15
12 16 26
7 10 45
20 19 24
6 10 44
5 8 9
20 21 24
20 22 27
19 22 34
17 20 55
22 0 15
8 11 34
12 14 19
20 23 35
3 6 42
10 12 3
12 16 17
15 18 48
0 3 33
10 12 59
14 18 2
6 6 5
19 22 31
4 9 52
15 17 46
3 4 52
1 3 5
19 21 21
5 8 51
12 17 24
6 9 9
18 21 41
18 23 57
3 4 55
23 2 44
15 19 20
2 5 14
11 13 16
10 13 59
13 16 21
21 1 9
6 7 52
23 0 42
13 16 50
20 23 53
1 4 21
15 18 38
15 18 34
12 16 26
6 10 1
17 20 44
6 11 10
21 0 46
6 10 5
18 21 12
5 9 24
3 6 41
14 17 9
13 16 33
15 18 34
20 22 51
4 8 20
21 0 50
20 23 4
1 4 13
2 5 15
1 4 1
4 5 15
16 19 57
18 20 25
21 23 30
13 17 16
10 13 47
3 7 55
13 16 24
18 20 58
21 0 3
0 2 57
16 19 26
6 10 33
4 7 46
2 5 28
15 18 41
6 9 27
22 0 31
2 6 9
9 14 12
10 13 32
20 23 42
10 15 56
17 21 15
5 7 35
15 17 24
0 3 20
10 14 58
18 21 34
16 19 42
6 8 19
10 12 38
1 3 46
11 15 28
6 10 31
7 11 16
15 18 50
21 0 55
4 8 15
5 8 18
20 21 45
15 18 8
7 12 3
21 0 32
21 0 44
18 21 27
7 10 50
20 1 21
6 10 11
6 11 43
22 1 31
9 12 12
7 9 28
11 13 53
14 17 29
11 15 11
3 6 44
21 1 57
5 8 41
3 7 29
10 14 14
6 10 1
5 7 33
10 12 41
8 10 20
22 0 7
19 23 25
10 11 20
1 4 4
3 7 32
6 8 53
11 14 41
12 15 30
8 12 1
16 19 58
13 16 2
12 16 50
22 2 46
7 12 23
0 4 53
1 4 53
21 22 44
1 4 1
11 13 30
4 6 40
0 5 52
20 22 26
17 20 40
19 23 53
14 16 34
23 4 38
2 7 59
5 8 14
19 23 2
19 21 27
15 19 59
15 16 32
3 6 6
16 19 22
19 22 8
21 23 9
2 6 41
23 3 38
4 5 54
20 23 8
20 23 6
17 19 34
18 21 8
12 15 27
6 8 39
13 16 7
2 4 33
4 9 10
10 13 43
10 13 32
5 8 5
5 8 16
11 13 2
20 22 51
6 9 42
8 10 8
13 17 8
20 22 23
14 18 7
5 8 32
6 9 5
6 9 16
1 3 29
21 23 10
3 8 46
18 21 2
2 5 21
2 4 27
3 6 4
20 23 1
21 23 13
22 1 41
4 7 40
1 4 16
15 18 48
10 14 6
13 15 53
12 15 34
0 4 29
11 14 57
10 12 26
6 9 26
21 0 36
22 0 27
1 6 48
7 12 17
12 16 22
15 19 45
23 2 13
10 12 35
16 19 32
15 19 4
14 17 46
21 0 15
11 15 39
14 18 16
0 3 2
15 17 32
20 23 34
4 7 37
23 1 4
1 5 20
13 18 51
19 22 29
0 2 56
11 16 57
5 9 59
21 23 24
10 12 11
11 14 33
16 18 20
7 10 55
12 13 19
11 15 22
18 20 11
16 19 35
0 3 24
2 5 58
4 7 47
8 11 14
16 19 19
4 8 46
18 22 48
14 17 56
20 21 4
10 14 8
17 19 11
2 6 44
17 20 59
7 8 22
9 13 55
9 14 17
9 13 34
3 6 9
21 1 51
17 19 7
18 21 29
16 20 51
17 20 27
4 7 43
14 17 57
7 9 50
8 10 39
9 14 22
0 4 53
3 8 32
1 5 41
11 14 46
20 23 34
11 14 3
14 16 5
19 22 14
17 20 12
2 5 7
18 21 13
7 10 13
20 1 33
3 8 36
20 23 38
22 0 32
23 1 36
10 13 59
17 20 14
14 16 23
11 13 56
15 18 41
10 11 29
9 13 35
6 9 10
6 9 43
20 23 44
11 15 52
16 18 32
21 1 15
20 0 59
18 19 42
18 21 12
10 13 49
9 12 57
4 8 29
17 20 42
13 15 29
13 15 33
10 14 57
3 6 29
0 3 59
9 12 56
17 19 8
6 9 23
15 18 56
15 18 57
17 20 9
4 7 31
21 1 50
21 0 16
3 7 19
8 10 47
19 23 44
6 11 7
22 1 9
3 9 14
13 17 35
20 22 12
9 11 6
5 9 52
12 15 39
17 20 40
11 13 38
15 18 24
15 17 10
13 16 50
18 21 40
9 12 55
9 13 11
1 4 17
3 5 22
8 10 15
14 17 34
8 12 7
19 23 36
7 11 56
21 2 18
10 12 40
9 11 24
11 14 13
0 3 41
8 13 52
7 11 44
12 16 59
14 16 40
11 16 44
12 12 34
18 22 5
0 3 29
12 15 34
3 5 56
13 16 18
22 0 32
18 21 35
7 10 2
18 21 33
23 3 10
13 16 4
5 7 32
0 2 29
2 4 53
12 14 37
18 21 27
2 7 32
13 16 51
17 20 6
21 1 2
12 15 38
11 16 25
23 2 46
2 6 53
10 12 26
5 9 1
2 4 30
7 9 2
20 23 22
15 18 50
6 8 10
13 16 19
5 6 1
21 0 11
23 4 25
22 3 33
8 12 55
23 3 11
10 14 44
23 1 2
13 16 2
19 20 15
18 21 50
19 1 42
11 14 38
17 21 57
18 21 40
6 10 47
5 9 41
18 22 25
1 4 24
9 13 39
8 12 13
5 6 22
5 7 18
8 11 6
20 23 39
1 2 22
13 17 22
6 10 26
21 0 31
6 9 55
7 11 57
14 17 52
10 13 55
20 22 9
9 12 3
8 10 20
11 16 17
20 22 52
18 21 58
12 16 20
2 6 15
17 21 1
14 18 53
4 7 33
8 14 54
1 3 48
7 12 25
14 15 9
13 17 41
6 10 2
11 15 30
3 6 13
17 20 52
10 12 25
8 10 14
11 13 15
14 17 48
19 21 39
13 15 24
17 19 44
21 1 1
7 10 27
21 2 24
10 15 38
2 6 47
6 9 56
1 5 55
7 11 19
1 2 29
17 18 30
19 21 32
11 14 35
16 17 9
0 2 39
14 18 3
11 13 33
23 2 8
21 23 32
11 12 27
23 3 1
13 14 41
1 4 49
19 22 15
11 13 1
19 22 16
17 21 30
13 15 44
0 2 45
16 19 54
18 21 11
14 16 13
13 15 33
19 21 34
16 18 38
8 11 3
7 10 55
21 23 55
5 8 21
11 13 39
18 20 8
5 9 54
12 17 53
0 0 15
3 5 7
11 14 44
6 10 11
15 20 13
4 5 26
14 17 2
10 13 51
19 23 18
18 22 14
7 10 56
0 2 53
14 17 29
18 22 1
3 6 2
2 5 18
6 9 29
23 0 42
15 17 8
12 15 59
22 2 19
22 0 27
19 22 33
17 22 31
18 22 19
15 16 5
12 15 36
17 20 29
22 0 34
1 5 58
20 22 26
4 8 47
14 15 42
18 19 31
19 0 5
14 17 28
14 16 42
12 14 11
9 12 32
20 23 20
17 20 25
10 13 6
1 5 13
11 17 12
14 17 13
1 4 40
2 5 4
16 19 17
10 14 52
4 9 26
8 10 51
18 23 32
3 7 45
11 14 50
2 2 51
15 17 16
4 6 26
5 8 50
18 22 56
5 8 46
22 2 50
10 13 52
21 2 19
