1000 25
4 23 20 3 3 11 6 8 25 10 12 19 25 21 2 25 17 17 9 4 6 22 9 11 18 
15 19 24
1 7 16
16 18 12
17 20 17
8 10 1
16 19 13
9 12 17
3 6 6
20 22 16
22 1 17
0 5 22
22 23 24
1 4 20
17 21 5
0 3 13
10 14 25
8 11 11
22 0 16
11 14 12
14 17 20
8 11 6
5 9 14
23 2 5
0 2 6
0 3 24
17 21 1
13 15 10
17 19 19
2 4 14
0 3 25
7 10 11
22 0 15
6 8 22
18 20 19
0 3 25
19 22 13
18 20 8
9 12 4
9 13 20
17 19 8
11 15 18
16 21 15
0 3 3
6 9 3
15 19 12
20 0 17
8 12 13
15 16 22
12 16 2
3 6 3
20 23 23
9 14 5
23 4 4
6 9 4
1 3 7
22 1 15
7 9 19
12 16 19
10 14 3
15 19 6
4 8 25
5 9 7
16 19 20
13 16 13
7 10 21
19 22 6
12 14 22
8 12 5
3 6 23
7 10 4
16 18 16
4 7 4
17 21 25
12 15 5
23 1 4
0 2 14
1 4 21
14 18 24
8 11 16
17 21 12
14 18 14
5 8 11
20 23 5
22 23 22
23 2 10
12 14 22
15 18 8
14 17 11
19 22 6
3 4 9
22 1 5
4 6 4
1 4 15
0 4 13
15 19 7
2 5 14
8 10 17
5 8 16
0 4 16
22 1 12
8 10 11
7 9 9
15 17 3
8 13 9
6 8 13
0 3 5
0 3 23
0 1 20
21 0 5
16 17 25
10 11 19
7 10 10
3 5 5
19 21 10
16 19 15
10 13 16
3 6 14
21 1 9
0 3 18
19 23 11
14 18 6
12 15 3
20 22 5
17 21 7
8 12 9
21 22 24
16 20 7
10 13 18
4 7 10
4 7 24
11 16 7
12 15 5
10 13 19
11 15 9
5 7 1
16 18 6
1 3 9
9 11 7
7 9 18
0 1 15
10 12 3
11 14 7
17 21 19
5 8 8
12 14 24
5 9 8
20 22 18
6 9 5
23 2 9
17 21 24
8 11 9
0 3 16
3 5 14
7 10 7
11 14 15
21 1 25
23 2 21
21 0 16
11 16 15
11 14 19
7 11 19
7 10 16
13 17 22
0 1 25
5 10 2
18 21 16
21 2 24
20 23 24
2 4 25
8 10 19
11 14 5
2 4 24
6 7 6
5 9 18
8 11 16
4 6 6
6 9 2
3 6 8
4 7 21
16 19 9
11 14 4
17 21 2
12 16 20
7 9 2
15 18 10
13 16 24
20 23 22
20 1 12
7 10 25
17 21 25
2 5 1
17 20 6
8 12 10
20 0 3
10 12 1
11 14 10
4 8 2
20 0 12
11 15 18
20 22 17
4 7 8
10 14 18
22 1 12
15 17 10
2 6 5
6 9 7
23 2 6
15 18 21
5 9 21
6 9 20
2 4 18
11 13 25
7 11 20
20 23 17
5 10 5
2 6 16
8 11 11
17 20 3
18 21 20
5 8 21
13 16 16
2 6 13
7 10 12
6 7 21
9 13 8
14 18 6
5 12 5
0 3 22
7 10 10
10 14 8
22 1 4
8 12 17
14 17 25
10 13 3
3 4 6
15 19 6
8 11 4
8 9 4
5 8 5
6 11 14
2 5 12
19 22 1
2 4 7
19 21 12
6 10 4
17 20 23
11 13 16
18 20 13
16 19 2
13 15 12
14 17 1
19 23 9
19 22 7
23 1 7
23 2 15
11 12 14
20 22 8
14 16 8
3 7 19
14 17 8
12 14 2
21 0 3
14 16 16
7 11 17
6 8 9
8 12 22
7 10 1
16 18 10
10 14 18
7 9 2
8 11 13
17 20 5
6 8 5
19 22 9
21 0 15
13 16 5
21 23 19
18 21 13
5 8 4
17 21 6
2 5 23
11 14 21
2 5 19
18 22 18
20 22 6
20 22 22
0 2 23
9 13 8
15 18 14
12 16 3
12 15 13
2 5 8
20 1 22
23 1 3
6 10 21
1 3 8
19 23 14
20 0 10
14 19 7
21 23 18
17 19 9
19 23 9
17 21 18
16 20 20
15 19 1
8 12 17
22 0 10
22 0 8
5 7 5
11 14 18
4 8 24
18 21 16
2 5 12
10 13 3
7 9 23
21 0 18
3 6 12
13 17 4
17 20 22
22 1 20
15 18 1
19 23 16
8 9 5
1 3 7
23 3 5
9 12 11
13 17 12
12 14 6
5 7 1
15 17 22
3 6 25
1 5 2
7 10 4
6 8 10
6 9 14
20 23 7
13 16 6
15 18 25
20 0 4
1 3 7
7 8 20
23 1 22
4 6 4
2 4 23
2 4 24
12 15 10
19 21 3
7 11 9
15 18 16
1 4 23
15 17 21
21 23 3
16 20 23
17 21 2
1 3 3
2 6 17
11 12 7
14 18 20
7 10 2
20 0 7
19 22 10
0 5 24
17 20 13
12 14 3
19 22 8
6 8 4
6 7 25
19 21 8
13 16 13
17 22 19
21 23 16
3 8 9
14 17 16
20 22 23
20 1 10
5 8 21
2 4 3
17 20 7
4 7 3
17 21 5
3 7 25
1 4 10
7 9 24
20 23 25
15 19 11
4 6 1
12 16 13
0 2 8
2 4 1
17 20 10
9 12 22
19 21 6
14 18 21
18 21 11
23 2 19
1 3 16
4 8 11
14 18 25
20 23 3
18 22 21
18 20 15
3 6 22
2 5 13
8 11 3
10 14 21
11 15 4
2 5 25
9 11 15
13 16 24
20 0 5
15 18 6
17 19 1
13 17 20
12 15 14
22 1 5
23 2 6
16 18 14
16 20 5
6 9 20
11 14 12
20 21 14
11 16 15
20 21 6
22 0 23
4 8 25
21 1 11
23 2 14
21 0 23
5 8 22
1 4 22
17 21 2
5 7 10
11 12 24
17 21 12
11 16 8
23 3 1
21 1 21
5 7 9
0 2 2
12 14 12
12 13 25
13 16 4
17 20 25
15 18 9
4 7 19
7 11 14
12 15 7
8 10 8
18 22 11
21 23 10
22 0 5
2 5 8
23 2 2
16 18 14
15 17 22
21 23 3
8 11 1
17 21 22
5 8 5
21 1 16
15 17 20
11 13 20
7 11 6
21 0 14
19 22 24
15 18 5
19 21 7
19 21 22
20 1 4
11 14 3
9 12 10
9 13 21
12 13 8
8 12 18
14 17 19
19 21 9
14 15 25
11 15 1
13 16 19
15 17 8
17 19 11
17 19 19
4 6 9
10 13 15
21 1 12
15 18 11
7 9 3
3 6 25
12 13 18
1 7 5
7 9 18
20 0 17
10 14 18
6 10 20
2 5 11
20 23 2
21 1 9
5 8 21
1 2 11
5 6 17
18 21 19
0 2 25
5 8 22
5 9 8
16 19 11
2 6 25
12 17 17
19 22 17
22 1 8
2 4 8
19 22 22
5 11 13
15 16 5
21 0 13
6 8 22
19 23 10
22 2 6
1 3 19
18 21 4
7 10 14
20 23 14
2 7 14
19 23 21
14 17 13
4 7 18
22 4 14
19 23 20
11 15 3
17 21 5
23 1 1
9 12 6
23 2 6
23 2 4
5 6 16
19 20 15
1 4 19
16 18 21
3 7 11
9 11 17
13 15 23
5 8 17
1 4 21
9 14 10
13 16 20
16 18 1
6 9 12
10 13 22
7 9 8
9 12 3
7 11 25
16 20 24
21 1 7
12 15 12
23 0 22
17 21 20
14 18 4
7 7 22
4 7 19
16 19 7
4 8 12
19 21 19
11 15 9
21 0 6
14 16 17
12 14 6
22 2 21
17 19 3
17 19 5
14 17 9
13 16 21
19 23 17
23 3 19
21 1 9
4 7 25
22 1 10
23 1 2
15 18 22
5 8 13
7 11 15
21 23 8
12 15 7
22 3 20
3 6 4
18 20 12
12 15 17
2 4 14
16 20 24
14 18 2
17 20 17
21 23 9
14 18 11
2 5 5
21 0 9
2 5 20
7 8 3
7 10 3
19 23 25
13 17 16
23 3 24
22 2 14
0 3 20
1 4 2
21 1 10
5 9 14
13 17 23
22 0 15
9 12 21
20 0 13
10 13 9
15 17 13
5 9 17
22 0 9
15 19 20
7 9 3
14 18 7
12 16 3
12 16 9
4 7 17
13 15 23
8 10 6
8 11 19
13 16 1
6 8 9
3 5 2
8 11 11
12 14 4
14 17 22
13 16 25
1 4 8
20 22 6
13 19 21
0 4 16
4 6 21
16 18 11
19 23 17
21 0 2
10 14 22
18 21 1
21 23 17
7 12 4
11 16 23
23 3 22
1 3 12
13 16 6
2 5 22
23 2 25
9 12 14
4 8 22
18 19 14
2 3 2
15 20 23
6 8 9
0 3 21
8 11 12
4 6 22
13 17 5
1 1 10
16 18 12
21 1 11
17 21 18
4 8 14
6 7 3
5 8 17
16 18 12
21 0 16
21 22 3
16 18 15
16 18 8
15 16 2
12 16 5
17 21 4
20 23 2
0 3 15
12 15 15
14 16 13
1 4 3
18 20 4
14 17 15
0 2 15
8 11 8
2 4 9
7 9 17
6 10 17
14 17 20
22 2 1
15 19 5
20 0 2
10 12 25
10 15 5
10 12 13
12 16 10
16 19 21
10 13 23
21 23 6
5 8 9
14 17 10
6 10 1
0 2 20
21 1 19
23 2 4
17 18 4
6 8 10
10 13 15
22 0 1
9 12 25
20 22 16
14 16 11
3 5 7
19 22 10
2 6 13
3 4 10
23 3 3
2 5 22
6 8 4
18 22 17
6 9 16
22 1 17
22 1 16
14 16 15
8 11 11
3 8 3
0 3 14
23 0 16
20 22 11
14 17 24
7 9 25
17 20 5
17 21 2
11 14 10
21 0 8
14 15 18
6 9 7
11 14 17
8 11 13
11 13 18
11 16 1
16 20 13
3 8 8
3 7 15
21 23 2
20 1 16
1 4 1
7 10 4
9 13 8
0 3 4
19 23 5
16 18 22
14 17 14
12 17 8
20 0 22
7 11 20
0 3 8
20 21 2
18 21 7
9 9 22
0 4 23
1 3 11
18 21 15
5 7 23
20 22 21
21 1 8
9 11 5
0 3 19
22 1 16
15 19 8
5 9 10
16 21 1
20 23 25
21 0 6
13 17 18
6 9 7
21 22 1
6 8 23
11 13 6
21 0 18
19 23 14
18 23 14
2 5 18
4 6 1
18 21 5
21 22 24
22 0 7
17 19 17
15 19 10
12 16 11
3 7 1
1 3 8
22 1 20
13 16 24
6 10 3
1 4 13
8 11 1
20 23 9
0 2 11
9 13 21
3 7 25
19 22 25
0 2 15
17 22 7
6 9 11
9 13 11
21 0 15
4 7 8
0 5 19
20 22 19
8 10 25
11 14 2
15 17 3
16 20 21
15 18 1
23 3 9
14 17 10
23 1 16
8 11 8
6 10 12
6 9 10
8 10 13
3 7 22
10 13 19
22 2 1
0 2 18
7 9 10
20 22 13
15 16 9
16 20 6
15 19 16
19 21 25
23 2 15
1 4 6
16 21 23
5 8 17
8 11 9
8 12 5
15 19 13
14 17 8
11 13 23
9 13 21
1 3 8
20 0 12
15 17 2
2 5 4
11 14 15
17 19 5
21 1 11
4 6 8
14 16 1
3 5 12
12 16 3
21 23 4
4 7 6
8 12 10
15 17 8
7 11 9
3 5 18
22 0 23
17 19 17
0 2 18
2 6 15
17 21 16
1 5 7
20 1 16
5 8 1
11 15 11
21 1 17
0 5 25
20 23 25
16 19 21
7 10 14
8 12 24
4 5 6
9 12 20
12 15 22
19 22 11
1 5 8
6 9 20
3 5 9
16 18 13
15 19 1
17 17 9
3 6 1
19 20 22
19 22 24
4 6 21
18 20 21
14 17 9
21 0 16
22 1 8
18 21 22
17 19 4
18 20 15
6 10 1
16 20 9
10 12 20
13 16 23
8 10 18
16 20 24
2 4 21
19 21 1
1 3 9
12 14 17
3 6 5
18 22 1
13 12 17
7 10 23
1 4 14
11 13 6
13 17 18
17 21 4
18 23 20
5 9 9
2 4 16
17 19 18
3 7 20
9 12 23
12 14 9
1 5 11
6 9 21
7 9 14
14 16 8
19 22 5
15 17 12
22 3 5
19 21 19
21 0 24
17 21 22
8 11 8
23 2 9
7 10 14
0 2 13
10 14 20
9 11 19
8 10 5
2 5 24
11 16 24
8 10 4
0 3 14
8 10 15
11 16 10
7 11 14
20 0 16
16 18 21
12 15 5
12 15 12
10 14 8
18 20 4
10 13 22
7 7 18
17 21 16
16 17 1
7 9 20
18 20 6
13 17 10
16 19 16
6 8 23
16 19 22
23 2 4
9 11 11
23 2 24
4 6 25
9 12 11
21 23 17
1 4 11
15 17 6
22 0 17
11 14 22
11 15 23
0 3 22
5 9 5
10 13 14
7 9 6
7 12 20
15 17 21
23 1 2
14 17 19
23 0 8
3 5 14
18 22 18
2 5 20
22 2 4
3 6 24
1 4 7
12 16 22
15 19 23
16 20 4
5 7 5
20 23 15
17 19 19
9 11 4
12 15 15
14 17 13
7 11 19
23 1 9
21 23 5
17 19 18
10 13 18
7 10 5
9 11 17
0 3 12
5 9 5
15 20 9
