1000 55
47 34 55 22 4 10 15 54 14 3 48 23 29 32 12 41 55 14 49 9 25 46 20 16 25 31 20 11 33 48 51 12 27 54 16 37 34 9 35 48 17 14 54 46 45 32 25 21 19 20 36 4 46 48 34 
13 16 35
14 17 2
9 13 13
11 15 2
19 21 35
15 18 49
2 5 47
13 16 22
21 1 33
9 12 15
15 20 23
17 21 22
22 1 39
22 0 49
10 13 48
19 22 39
9 12 37
10 13 51
21 1 37
22 1 21
13 16 2
10 13 6
7 10 12
17 19 42
14 15 22
17 20 5
21 1 6
14 16 54
7 11 7
2 4 17
5 7 47
19 22 48
19 23 54
20 22 37
7 12 41
15 19 5
13 16 8
7 10 32
12 15 54
1 4 6
10 13 54
18 20 29
2 7 30
17 20 44
1 5 51
8 13 47
3 5 3
11 16 11
19 22 8
3 4 38
20 0 23
16 18 21
21 0 42
1 4 53
8 11 32
2 4 19
1 4 37
13 15 53
7 9 27
11 15 25
23 0 36
7 12 10
16 19 30
17 21 29
2 3 1
19 21 22
4 8 13
19 22 54
17 21 50
10 12 38
23 3 8
5 8 48
2 5 27
18 20 31
21 1 10
15 18 8
14 20 45
11 15 6
12 15 25
11 13 48
11 15 14
18 21 26
10 13 29
5 9 45
5 9 43
0 5 39
13 18 29
16 20 49
12 17 11
18 0 40
18 21 33
9 11 30
5 8 23
14 18 20
19 21 46
22 0 12
3 6 24
3 6 44
1 5 4
20 22 10
17 21 55
19 21 5
3 8 46
12 16 28
9 10 7
1 3 16
5 7 49
14 17 22
12 13 33
20 0 50
6 9 47
4 7 8
21 0 24
7 12 38
5 7 52
0 3 33
12 16 43
6 9 18
14 18 25
5 7 38
12 12 30
21 23 37
9 10 21
16 18 30
14 18 40
5 7 6
17 19 55
7 11 47
7 11 28
17 19 21
5 9 53
0 4 34
10 12 34
7 13 8
8 10 19
0 1 7
13 17 24
10 11 39
18 21 2
12 14 15
16 20 40
11 16 13
21 1 52
6 10 12
11 16 34
9 14 24
16 19 11
17 21 6
16 20 49
13 16 28
18 22 28
1 4 14
4 7 46
4 7 44
1 4 36
13 16 36
7 11 36
0 2 2
21 22 29
8 9 18
16 20 3
12 15 55
4 7 5
7 9 22
17 20 32
10 15 24
9 12 20
16 19 4
13 17 10
11 15 18
11 15 39
20 23 44
13 15 20
11 14 31
22 1 50
16 19 53
15 18 20
23 3 2
9 13 45
12 14 42
20 22 54
9 11 32
7 9 50
4 6 29
3 6 37
8 10 17
9 12 13
22 1 29
21 23 55
20 21 32
19 0 47
5 6 11
5 10 23
6 9 44
6 11 11
2 6 53
11 16 21
17 21 6
19 20 12
3 8 35
7 9 27
17 18 36
18 21 23
19 0 11
13 15 10
2 4 45
11 14 40
20 23 12
14 17 21
0 2 10
5 9 46
9 13 39
1 5 31
4 7 43
0 3 30
10 12 20
4 7 54
22 2 50
2 5 26
18 21 52
8 11 5
4 6 52
8 12 53
3 5 24
17 20 33
7 12 29
8 11 47
21 0 21
4 8 31
8 12 42
4 6 8
4 8 38
8 11 40
15 18 47
13 17 14
15 19 28
10 14 10
9 11 30
22 0 54
1 4 24
2 4 30
20 0 49
22 0 36
4 6 24
7 10 14
21 23 52
22 0 23
2 5 33
11 14 43
2 5 40
18 22 36
18 19 24
3 7 5
4 6 36
13 18 18
12 14 50
12 15 24
22 1 43
14 17 2
7 10 22
9 13 14
23 3 51
1 2 7
5 8 34
9 12 29
19 20 45
1 3 39
4 7 33
8 12 37
12 15 20
6 9 50
9 12 47
22 0 35
9 11 54
12 16 2
11 14 22
20 23 7
18 21 11
19 21 18
0 3 41
11 15 4
15 17 35
8 12 35
11 16 50
23 2 48
8 10 25
21 1 47
16 20 42
0 3 40
19 23 17
1 5 34
12 16 27
19 0 25
21 23 5
11 14 10
0 3 40
19 22 26
9 12 53
23 1 31
22 0 35
11 12 24
5 7 7
2 4 27
21 23 33
6 8 23
16 20 27
9 12 34
13 15 44
7 11 4
8 10 36
9 13 21
13 16 51
7 11 1
1 2 39
5 8 54
16 20 32
15 17 54
0 2 38
21 0 54
0 2 36
6 9 7
14 18 36
10 13 29
11 14 3
19 21 32
19 21 49
1 4 21
2 4 19
11 13 45
1 4 55
6 9 3
14 16 47
12 15 39
19 21 47
3 7 20
23 4 2
2 5 23
6 10 35
2 5 16
13 17 17
3 6 55
11 15 23
20 23 38
16 18 12
11 15 44
16 19 29
7 12 30
21 22 50
22 1 12
12 15 29
18 20 3
17 20 15
21 1 46
18 20 4
8 11 37
3 7 42
8 12 40
9 13 47
21 1 52
13 16 35
7 9 42
0 3 41
0 3 22
3 5 13
4 7 43
4 8 42
23 2 20
14 18 40
16 19 36
9 11 55
13 15 55
11 16 1
21 23 31
0 3 13
4 7 27
3 7 45
17 20 52
15 19 19
13 16 16
3 7 7
8 12 43
22 2 10
20 22 25
10 15 50
23 3 25
7 9 3
14 17 30
23 2 32
22 2 46
12 15 39
10 13 25
20 1 31
17 19 35
5 9 39
18 23 18
9 11 53
10 14 7
6 9 17
22 0 20
18 20 43
3 7 35
18 22 38
20 23 19
1 4 55
0 2 37
16 18 1
22 2 55
13 16 34
2 5 15
2 4 49
9 11 19
9 10 40
23 1 33
3 6 38
4 6 38
8 10 30
20 22 14
16 19 48
22 22 8
6 9 51
6 9 43
22 1 29
21 1 35
14 17 46
4 8 36
10 13 26
18 23 10
10 13 23
4 5 21
6 8 5
19 22 12
2 4 35
16 20 24
8 13 2
14 16 30
18 22 23
5 8 22
5 8 3
23 3 22
3 8 2
15 20 32
20 23 54
8 11 20
3 6 18
21 23 52
14 16 45
0 3 50
0 3 14
14 17 37
6 7 52
6 11 40
2 5 12
22 0 17
11 14 1
4 5 28
15 18 32
19 21 25
1 5 46
19 21 32
12 15 31
16 18 34
17 20 35
9 13 37
16 18 13
10 12 48
0 2 29
8 10 29
19 20 52
16 19 36
20 23 55
19 23 40
0 4 3
11 14 13
14 17 48
19 22 16
11 13 17
16 19 49
20 22 7
21 1 32
6 9 48
1 4 47
6 10 33
18 20 6
7 9 12
4 6 33
14 17 47
9 11 22
23 3 19
16 18 51
14 16 52
17 19 2
9 13 48
21 1 28
21 1 29
16 21 29
19 22 20
16 18 26
3 6 27
11 14 10
15 18 32
19 21 1
0 3 9
18 23 7
11 15 2
19 22 8
22 1 33
5 9 8
13 15 9
4 8 54
1 3 46
7 9 53
23 2 2
4 7 37
3 7 4
8 10 2
23 2 30
1 2 2
10 12 49
0 3 1
3 6 30
17 19 9
23 2 45
1 3 12
5 9 39
11 14 54
15 20 24
22 23 36
11 12 42
1 4 54
6 7 15
18 21 44
3 5 13
19 23 31
16 20 29
12 16 48
16 19 55
18 19 44
13 16 40
6 10 49
17 22 9
19 23 23
8 10 9
14 17 10
1 4 21
6 9 28
10 13 16
23 5 50
14 15 18
17 21 12
15 19 36
3 6 34
20 0 38
20 22 39
23 2 1
6 10 1
14 17 35
15 20 26
22 1 4
23 3 12
11 14 13
9 12 15
11 13 20
12 16 35
14 17 50
14 17 27
7 11 42
11 14 26
8 10 6
2 4 1
2 5 19
14 15 8
16 19 41
18 22 15
23 1 19
1 3 54
3 6 42
16 20 54
1 3 7
5 8 14
5 7 46
1 5 42
22 3 39
20 0 29
1 1 50
8 11 2
10 14 30
18 21 45
2 4 25
10 15 53
12 15 25
14 17 25
0 3 13
9 12 36
23 2 52
12 15 28
4 6 35
22 0 36
20 23 41
14 16 33
23 2 7
16 18 38
18 22 10
0 2 46
16 17 8
17 18 13
16 20 38
6 9 41
11 15 31
0 3 17
3 5 2
2 5 38
19 0 38
21 23 23
19 20 15
8 11 40
18 20 26
19 22 55
15 18 38
11 15 13
2 4 45
6 9 52
16 18 29
5 7 30
20 23 53
10 14 19
23 1 16
7 12 19
17 19 15
14 17 13
19 21 16
21 23 23
21 23 43
23 1 10
15 18 54
9 12 12
10 13 31
17 19 13
23 2 48
22 2 13
14 17 1
15 18 49
6 9 26
6 10 34
23 3 30
13 16 40
21 0 28
10 12 18
18 21 3
23 3 16
18 22 37
2 4 15
9 11 35
22 0 28
0 4 17
6 9 34
9 11 53
7 10 53
2 5 40
21 23 47
18 21 20
16 19 55
11 14 3
0 3 8
5 5 26
16 20 30
11 13 41
4 6 49
1 3 15
8 10 51
10 13 40
3 4 24
10 12 29
20 22 13
21 0 18
9 10 10
4 6 22
23 3 19
18 21 27
16 18 18
23 2 30
2 5 33
3 7 41
16 20 55
17 20 39
12 16 6
7 11 20
21 0 21
7 8 3
6 8 1
0 3 47
1 5 20
10 14 11
7 9 7
17 19 4
4 7 26
4 7 11
10 14 1
13 17 5
12 16 19
19 22 26
2 6 36
13 15 51
12 16 32
3 5 33
13 17 48
9 12 30
2 4 47
8 11 54
5 8 45
1 4 34
3 6 10
4 8 54
22 1 28
15 20 41
23 4 34
8 12 31
11 15 52
3 4 23
15 18 52
19 21 18
9 15 15
11 15 35
10 13 43
11 13 51
4 7 42
22 2 49
16 20 39
2 5 47
22 23 25
17 19 52
22 23 13
3 8 30
19 22 33
14 19 1
23 2 44
9 13 17
0 3 28
22 3 39
9 12 21
14 17 55
16 17 17
16 20 43
5 8 21
19 23 30
23 2 43
19 23 48
10 14 3
1 5 54
23 2 17
1 3 41
15 19 14
7 10 42
5 8 25
1 6 20
23 1 46
18 22 48
5 8 7
6 8 19
18 21 7
19 22 2
0 4 20
8 10 34
23 3 31
23 2 39
6 9 19
16 21 51
8 10 28
17 21 35
13 18 5
11 13 39
13 15 5
7 10 12
16 19 30
14 18 14
22 23 17
14 16 36
0 2 44
7 10 27
12 13 9
16 18 17
23 1 19
18 22 44
4 8 19
18 21 45
7 10 20
10 13 13
5 7 34
16 21 47
23 2 21
11 15 43
8 10 50
18 20 43
9 12 38
9 13 26
0 3 22
2 5 48
16 20 2
15 18 28
13 16 5
19 22 54
8 11 51
11 15 39
2 4 54
3 7 47
7 9 22
15 17 49
1 4 2
13 15 42
8 11 5
21 23 41
15 17 41
10 14 36
4 7 30
4 8 43
8 11 48
11 15 53
3 6 48
10 12 31
1 4 17
9 13 52
5 8 20
18 20 33
16 19 42
12 13 25
18 20 40
21 0 55
8 10 4
17 21 37
6 9 32
16 19 23
20 23 25
21 1 9
19 23 32
16 19 54
8 10 16
18 22 51
0 4 33
18 20 29
5 7 22
4 8 52
19 22 34
17 18 53
21 1 3
1 7 23
1 3 25
1 5 1
10 13 17
4 7 23
20 23 47
17 20 30
4 8 43
23 2 19
18 20 39
21 1 4
21 2 54
14 16 11
19 21 7
12 15 33
9 11 40
18 20 44
19 22 36
11 15 35
13 17 19
2 4 14
16 18 43
4 7 37
10 12 19
17 20 1
7 11 32
13 15 52
22 2 55
7 10 42
5 8 41
18 21 10
14 17 43
14 18 32
1 3 10
14 15 21
15 18 3
9 11 13
14 19 32
13 16 28
14 17 28
4 8 42
21 0 43
11 13 54
17 22 29
2 4 16
6 10 1
11 13 17
20 0 45
6 10 33
4 6 17
20 0 31
14 14 35
16 20 13
17 20 8
17 20 53
8 11 10
16 18 52
5 8 49
13 15 16
19 21 41
19 22 33
20 23 31
3 6 36
14 15 15
19 21 47
18 21 30
4 8 39
15 17 34
21 23 38
11 13 39
5 8 33
6 11 36
10 15 30
11 16 12
12 16 43
2 5 48
14 16 27
11 13 43
1 4 27
4 7 10
18 20 41
10 13 36
10 10 41
8 11 4
6 10 45
20 23 52
3 6 24
16 20 26
12 13 11
1 3 33
0 3 38
9 11 21
23 0 43
14 18 45
8 12 18
23 1 30
10 13 4
13 16 36
15 19 15
3 5 53
2 4 45
19 22 47
11 14 47
13 17 37
18 22 30
2 5 35
12 15 47
1 3 52
21 0 40
14 16 49
21 23 33
3 6 11
10 12 30
14 16 40
5 8 3
5 8 42
14 18 18
7 10 27
20 0 36
12 14 14
4 8 46
0 3 39
9 10 54
2 5 19
2 6 10
5 8 9
15 17 51
17 19 1
18 21 44
7 11 54
21 23 48
5 9 53
5 10 24
11 12 51
14 17 2
4 9 41
14 18 52
11 14 14
8 10 12
12 16 34
23 1 19
4 7 36
4 6 51
9 12 34
18 23 20
12 15 44
8 11 33
23 3 30
20 21 48
4 6 5
18 22 55
0 4 38
12 14 29
6 10 20
4 8 19
7 11 54
14 17 20
