1000 98
32 97 71 82 37 32 3 96 5 61 6 63 23 91 98 49 94 48 94 2 3 28 87 5 45 58 31 61 79 29 27 32 61 7 14 20 15 85 18 11 65 47 87 61 86 97 53 93 46 24 33 70 91 73 9 45 85 71 28 65 94 46 50 13 78 52 32 69 78 27 39 67 58 56 17 14 38 15 36 92 72 79 20 17 42 73 46 85 19 68 45 41 47 68 96 30 6 38 
14 18 58
19 23 50
4 6 88
18 21 32
8 10 49
10 13 81
14 17 72
21 22 40
5 7 88
0 3 7
1 3 66
22 2 25
17 17 36
22 1 54
20 1 67
20 0 82
6 9 70
2 5 7
8 11 6
0 3 26
16 19 11
18 20 94
12 14 31
19 21 26
12 17 4
1 2 98
9 12 97
1 4 18
22 23 16
7 9 95
14 18 61
3 5 78
22 2 50
3 5 36
13 15 52
11 15 37
23 4 70
17 19 8
22 2 45
4 6 83
22 23 26
19 21 51
19 22 57
20 23 92
12 15 5
21 1 65
11 14 95
1 4 20
4 8 91
12 17 51
4 6 47
6 9 59
2 4 39
2 4 88
16 18 83
4 8 39
22 2 66
9 11 74
2 6 71
14 17 8
3 4 92
0 2 88
15 16 30
20 22 84
6 6 18
16 20 41
12 16 92
7 10 42
10 14 51
2 6 39
19 21 72
2 5 84
9 11 28
2 4 36
22 4 84
23 3 80
3 7 35
4 6 21
18 21 52
13 17 30
18 21 25
18 21 67
14 16 1
2 5 8
14 17 46
18 21 45
0 2 51
22 1 61
18 22 7
1 6 98
10 14 60
6 9 62
6 9 89
4 7 12
2 5 87
0 2 22
7 9 93
16 18 48
7 10 72
16 20 66
20 23 85
17 20 14
7 10 5
8 13 96
3 8 59
6 9 25
20 22 30
2 6 36
1 2 63
21 22 60
5 8 86
6 9 29
13 16 65
19 19 44
15 17 76
11 12 38
7 12 86
3 7 93
22 0 97
8 13 70
22 1 74
5 6 10
13 17 12
17 21 82
22 1 83
0 3 30
10 13 4
17 20 21
20 2 54
1 3 10
15 19 15
6 8 19
17 20 22
11 13 56
16 19 86
7 10 79
17 21 46
4 8 62
2 5 73
10 13 32
15 17 93
23 0 64
13 16 97
6 7 52
16 18 52
16 17 82
2 5 4
10 13 12
18 22 17
19 23 40
22 3 35
18 22 94
22 2 6
23 2 30
21 2 91
1 4 86
1 4 85
14 16 60
22 2 85
7 10 41
4 6 73
22 1 54
6 9 71
2 4 17
6 11 15
5 7 28
16 20 7
18 23 8
2 4 88
0 2 5
20 0 87
4 8 15
19 21 37
3 5 81
20 22 85
8 11 84
2 5 17
5 7 17
17 21 53
22 0 1
2 4 28
11 14 23
18 22 10
4 8 98
20 23 21
17 19 89
23 2 27
12 15 19
23 3 47
3 7 25
8 11 27
20 22 52
5 9 69
13 14 79
0 3 39
11 16 71
10 12 21
11 13 60
3 6 97
5 7 87
12 16 87
1 3 50
0 5 40
18 23 87
13 16 87
10 13 68
17 22 33
4 8 20
2 5 29
16 18 96
18 21 31
2 6 32
23 1 52
8 12 21
10 12 32
20 23 19
13 17 4
11 15 95
10 12 27
14 17 93
10 14 14
22 3 66
15 18 27
9 11 59
18 21 97
21 0 90
15 18 12
10 13 85
23 2 98
4 7 67
8 11 88
13 18 9
13 15 85
10 14 38
8 11 79
12 16 44
20 0 48
21 23 60
9 12 38
21 23 87
5 7 33
0 3 77
23 2 27
23 2 75
19 23 46
22 1 54
9 13 60
6 9 16
23 2 58
7 11 29
14 17 36
15 18 62
1 4 74
2 6 63
20 23 13
9 12 81
22 0 56
7 11 41
12 16 66
19 22 37
1 3 59
12 14 24
11 13 45
2 5 23
6 8 13
20 23 95
1 4 9
11 15 6
12 16 76
5 7 61
3 5 43
6 8 74
6 7 32
14 19 56
12 14 35
1 4 61
18 21 26
15 18 89
6 7 20
1 4 89
4 6 88
21 0 65
13 16 88
8 10 80
8 11 11
8 10 38
15 17 73
0 2 11
12 14 66
8 10 74
16 19 46
9 12 76
22 0 90
0 5 6
20 23 31
18 21 9
7 8 92
8 13 31
0 3 45
0 4 72
13 19 66
20 0 88
19 22 60
7 10 61
3 7 31
20 1 94
18 22 46
19 22 91
17 20 7
10 14 47
13 15 32
22 0 37
8 11 33
15 18 24
11 15 55
15 19 60
10 13 80
0 4 24
6 11 28
14 17 55
10 13 66
1 3 89
23 23 57
21 23 28
0 4 90
21 23 69
3 5 98
23 3 63
0 3 75
16 21 78
12 13 58
11 14 72
15 19 38
18 21 70
15 18 47
16 19 29
4 6 49
1 3 47
22 0 56
6 9 7
16 19 46
21 0 98
14 17 13
13 17 43
8 11 75
13 16 27
13 16 49
2 5 68
10 13 9
4 6 14
9 11 53
7 10 68
6 8 61
16 19 23
4 6 10
11 15 34
7 10 21
10 12 74
6 8 15
8 11 32
22 1 68
6 9 98
12 15 54
5 8 26
1 5 73
18 21 91
15 16 54
18 22 89
4 7 64
0 2 43
0 3 5
4 8 95
4 7 30
3 6 56
12 14 18
19 0 49
13 15 12
20 23 62
13 17 9
19 21 87
15 20 75
7 11 51
6 9 23
10 15 98
11 13 96
20 23 52
12 15 88
4 6 45
3 6 18
20 0 10
1 4 54
1 5 29
13 15 5
18 20 86
14 16 11
15 17 38
8 10 15
19 20 9
12 16 69
7 10 39
9 11 82
15 18 18
14 17 90
11 14 70
23 1 69
10 13 68
18 21 94
3 4 8
21 0 92
20 21 72
19 22 47
20 23 35
4 8 69
0 3 23
15 18 35
5 7 32
2 4 32
19 21 35
12 15 24
2 4 48
19 22 62
22 1 95
5 9 52
14 16 19
10 12 62
0 5 9
13 17 68
23 1 95
8 9 18
3 6 86
1 4 39
17 19 64
6 8 46
11 14 29
15 19 60
16 20 38
0 3 64
3 7 65
9 11 49
5 8 13
15 18 18
16 20 16
14 16 72
13 16 65
23 3 13
22 0 73
9 12 67
9 11 36
15 19 57
17 21 91
21 0 13
8 10 62
11 13 45
20 23 55
23 2 89
5 7 63
8 8 51
19 23 93
6 8 62
15 17 49
18 20 37
7 11 54
3 8 7
1 4 85
16 18 8
23 2 59
17 21 73
5 7 49
14 15 84
8 11 60
0 3 3
19 22 23
12 16 34
16 19 98
8 10 27
23 3 77
14 14 42
22 1 69
17 21 15
5 8 46
17 18 40
5 8 81
2 4 60
7 11 24
6 8 40
18 19 79
0 2 23
12 14 14
21 0 6
15 19 91
13 16 5
23 1 35
6 9 70
14 16 34
19 22 77
22 2 82
8 11 54
17 20 60
5 8 2
13 17 11
7 9 16
6 9 16
10 13 55
11 15 53
20 1 82
13 16 26
1 4 17
8 13 11
11 13 58
11 13 88
14 16 22
7 10 26
3 6 28
13 16 5
1 5 29
12 15 67
10 12 23
3 5 65
0 2 90
21 23 7
7 8 49
8 11 82
3 5 32
3 7 77
10 14 61
1 5 88
5 6 25
8 10 40
2 5 66
16 18 68
11 14 41
14 16 66
1 2 54
17 19 44
11 15 45
8 11 82
14 16 13
23 2 4
22 1 92
23 1 20
17 18 70
2 4 33
11 14 71
18 22 20
8 11 83
4 8 87
13 18 55
9 13 73
21 1 65
4 5 79
14 19 25
18 21 63
4 7 9
7 10 8
23 1 74
20 0 85
12 15 78
18 23 44
20 23 64
3 4 45
16 19 23
21 23 35
21 0 45
0 4 18
3 5 94
12 15 92
2 7 90
6 7 66
3 5 77
23 3 42
23 2 26
1 4 73
16 17 41
16 18 61
13 16 5
19 23 94
9 13 35
10 13 53
3 6 79
11 14 91
6 9 81
6 9 32
3 7 51
22 1 33
17 20 35
0 4 38
14 17 26
7 10 11
5 8 44
3 5 16
14 16 62
20 1 67
16 19 36
10 13 12
8 10 55
11 12 40
5 7 51
10 13 52
0 4 59
23 2 67
13 15 49
12 17 1
17 19 19
15 19 37
0 4 33
10 13 91
1 4 8
20 0 95
13 16 78
4 8 90
15 16 85
10 14 65
21 0 35
13 16 7
2 6 48
21 0 77
21 0 97
23 0 74
14 17 27
6 9 27
5 7 43
12 16 14
15 18 35
5 7 20
3 6 5
19 21 47
14 18 97
5 8 20
1 4 83
6 10 85
8 11 2
1 4 59
19 22 6
14 18 34
17 20 6
13 16 95
13 14 9
18 21 26
14 17 87
10 12 70
17 21 75
4 7 29
4 5 83
10 14 50
15 17 26
11 14 79
21 0 61
15 19 96
6 6 59
11 15 87
12 16 88
6 11 65
20 23 18
1 4 84
8 11 32
0 5 72
22 1 10
23 1 82
7 10 28
14 18 84
0 2 52
21 23 59
5 6 32
23 1 87
0 2 44
10 13 95
14 17 69
12 14 14
17 21 12
9 13 88
2 3 16
8 11 69
6 10 54
10 13 52
9 12 34
9 12 10
9 12 2
23 0 33
21 0 42
5 8 70
13 16 44
2 6 7
8 13 43
21 23 89
2 5 63
20 22 72
20 21 34
17 19 55
11 13 42
17 20 58
8 11 47
1 3 98
23 3 17
21 0 18
2 6 61
13 17 18
19 22 27
15 19 89
17 22 95
20 0 24
15 18 7
13 16 95
23 2 33
0 4 79
15 19 91
20 1 30
17 21 2
18 21 4
9 12 60
20 22 1
9 13 42
7 10 77
4 8 11
20 23 35
2 6 27
4 8 19
10 13 16
0 3 10
8 11 9
2 6 50
6 11 68
17 19 5
3 9 96
2 4 1
10 13 90
23 1 60
18 23 16
17 21 87
22 0 21
21 1 95
10 13 20
4 7 45
5 9 44
1 3 97
4 6 93
19 0 54
4 5 14
11 12 97
15 18 9
18 19 16
11 14 17
3 8 22
19 21 88
10 14 66
9 12 4
13 17 45
5 8 97
14 16 23
22 1 28
12 16 58
6 10 70
10 14 40
6 8 46
21 0 55
6 8 53
18 19 17
1 4 52
5 10 56
18 20 81
7 9 62
16 18 11
15 17 85
19 23 27
13 16 91
12 15 89
21 2 11
10 14 2
6 9 15
10 12 91
18 21 59
1 5 26
23 2 81
6 10 19
21 1 71
10 14 31
17 20 14
17 19 83
16 19 22
17 20 33
8 11 34
22 1 21
9 12 68
2 5 77
17 20 60
18 20 36
10 15 85
12 14 96
4 7 7
19 22 44
16 20 38
8 11 68
17 21 69
5 7 18
20 23 94
23 2 11
12 15 7
12 14 76
17 21 88
22 0 77
8 12 57
5 8 9
16 18 75
15 19 97
4 8 86
15 18 22
1 4 84
20 22 35
20 23 60
10 12 60
9 12 22
19 23 53
6 7 14
7 9 15
10 14 80
10 13 55
8 11 47
3 7 1
6 8 85
1 3 29
10 12 58
19 23 42
17 21 92
6 9 16
1 3 86
21 0 25
2 6 11
7 10 94
8 12 29
18 22 94
7 11 41
13 16 63
18 20 18
21 23 94
0 3 66
18 22 50
21 1 32
18 21 88
18 21 83
23 2 4
23 2 90
23 3 31
16 19 50
19 22 1
23 2 41
11 14 69
15 19 39
21 0 2
10 13 80
18 21 17
11 13 45
15 19 27
22 1 90
14 17 78
14 19 42
22 2 14
23 3 86
22 2 7
19 0 4
21 0 54
4 5 86
3 7 39
18 22 21
17 19 37
5 8 91
15 19 10
22 1 73
3 5 20
18 22 21
20 21 94
0 3 76
19 0 56
21 3 5
2 4 65
0 3 39
3 6 87
3 7 6
16 19 42
1 5 26
4 9 52
23 2 94
6 9 58
16 19 90
3 7 63
3 8 13
8 11 51
20 0 66
5 6 7
22 0 16
0 3 48
6 9 49
7 11 50
22 0 87
12 15 23
23 2 88
20 22 18
10 15 37
4 7 55
14 16 20
15 18 96
21 1 35
16 18 44
23 1 27
15 18 35
10 13 4
21 22 18
6 9 76
20 22 1
9 11 77
21 23 91
19 0 11
20 22 57
13 16 24
6 9 62
4 8 2
5 9 68
13 16 98
8 12 29
1 5 86
23 2 68
20 22 8
22 1 73
19 22 42
15 19 55
8 12 73
12 15 92
3 6 68
19 20 8
15 19 57
11 15 28
6 9 17
6 9 39
23 2 71
20 21 63
8 13 41
21 2 17
0 3 78
22 1 39
4 6 73
5 9 25
7 8 7
2 6 70
1 3 15
15 19 74
18 19 8
15 18 91
13 17 81
2 6 70
11 14 75
11 13 82
2 5 35
22 2 98
13 17 38
14 17 54
5 9 86
3 7 40
6 9 46
21 2 51
10 14 74
18 19 21
15 18 53
13 17 29
6 9 17
16 17 59
19 22 52
3 5 70
13 16 9
3 7 39
14 18 26
11 14 60
3 6 9
21 0 46
6 10 57
8 12 49
8 13 95
16 18 40
15 19 14
23 2 91
0 3 12
23 2 62
4 7 79
8 9 81
11 14 51
20 23 72
20 23 78
5 7 61
6 9 24
7 9 27
23 4 97
1 4 37
17 20 75
7 10 17
6 10 56
7 11 51
2 5 72
15 17 77
20 1 43
8 12 48
17 19 10
23 2 29
22 2 11
