1000 10
10 10 6 8 2 9 7 4 4 2 
10 13 4
21 1 1
4 7 7
19 23 5
19 20 1
1 4 1
3 6 10
17 22 10
3 6 10
1 4 8
1 5 3
8 13 1
7 10 10
19 21 9
20 23 2
22 0 8
5 6 5
21 0 6
11 13 7
6 9 3
21 23 10
12 15 8
15 18 9
2 6 1
7 10 2
2 5 4
18 22 7
22 0 8
5 8 10
0 2 3
22 1 9
15 18 4
15 19 7
23 2 9
7 12 3
18 23 8
7 10 10
8 10 5
9 10 9
23 2 4
8 12 5
7 10 1
14 16 3
21 0 7
20 23 5
20 0 6
9 10 7
18 21 7
5 10 5
5 8 9
2 4 4
23 3 6
12 15 8
4 8 8
7 12 7
17 20 8
16 18 10
4 9 3
18 22 7
6 6 9
15 18 7
4 8 8
17 18 10
18 21 10
22 1 5
19 22 4
12 16 2
18 21 6
12 15 3
7 9 2
21 23 9
1 3 7
16 17 2
22 3 9
14 17 1
10 12 4
14 19 7
1 4 3
19 22 10
7 11 4
9 12 4
22 1 4
18 20 6
20 23 2
17 21 1
3 7 2
14 17 3
18 20 6
16 19 9
16 20 8
0 1 9
14 19 8
3 6 4
2 5 4
18 21 6
11 13 1
23 3 6
7 9 4
13 17 7
12 15 2
6 11 9
1 4 4
18 22 10
13 16 10
6 9 6
9 12 2
5 8 7
12 13 8
7 11 4
14 18 5
16 20 8
6 8 9
4 6 10
12 14 8
17 21 8
10 13 2
7 10 6
8 10 1
0 1 1
5 6 9
17 19 2
3 6 7
11 15 4
22 0 9
1 3 5
18 23 8
2 3 8
18 21 5
8 11 9
5 8 3
16 19 7
8 11 4
10 16 4
0 4 4
21 0 3
6 9 9
8 11 1
1 4 2
16 20 9
0 3 9
16 20 9
22 0 1
18 20 4
2 4 2
23 1 1
3 5 6
8 10 9
18 20 5
8 12 6
13 17 2
11 14 6
0 5 1
13 17 3
6 9 1
11 14 5
8 9 6
0 5 5
0 1 2
16 18 6
14 18 10
15 19 7
2 6 1
14 16 6
3 6 2
0 2 9
6 9 7
16 17 4
9 11 9
20 23 4
7 11 5
9 12 7
19 23 1
11 14 1
8 10 8
1 2 10
15 19 3
4 7 6
9 12 4
14 17 9
4 9 6
8 11 2
4 7 1
15 18 7
23 2 8
19 22 5
18 23 10
7 10 8
8 11 6
2 6 8
13 17 7
0 3 2
23 1 3
9 10 6
20 23 7
6 10 4
21 0 10
1 5 9
7 10 4
0 4 4
19 21 4
6 8 4
4 7 5
2 6 4
12 16 7
8 13 5
14 18 8
10 12 6
20 2 5
21 3 6
9 12 8
18 21 8
13 15 8
1 4 3
16 21 7
23 2 8
12 16 6
16 19 4
14 19 8
17 18 1
13 16 6
22 2 5
10 13 5
21 0 6
20 22 1
9 13 8
0 2 8
3 6 1
5 9 3
0 4 1
13 16 8
19 20 8
20 22 9
18 0 5
4 8 3
12 14 3
22 2 6
11 14 4
19 22 9
7 11 7
17 21 2
23 1 4
12 14 4
4 8 5
15 18 6
22 2 8
21 0 1
11 15 6
10 14 10
16 19 10
12 16 7
6 10 1
4 7 7
8 11 1
13 16 1
3 6 6
10 13 4
9 13 2
17 18 6
13 17 9
9 13 4
5 8 5
7 10 7
5 9 1
22 0 8
23 2 6
7 10 8
15 16 6
14 17 7
21 1 2
6 10 8
22 1 6
7 10 9
20 1 10
9 12 9
23 2 6
11 14 9
18 22 4
23 1 2
4 6 3
19 23 3
12 17 5
9 12 7
10 14 7
22 23 1
12 16 9
12 15 3
20 1 4
23 2 7
0 4 9
16 19 8
22 1 7
9 11 5
6 8 5
15 18 9
19 23 6
20 23 9
10 13 1
19 22 2
12 15 2
6 9 5
6 9 2
0 4 7
5 9 3
8 10 10
6 9 3
4 7 10
21 23 8
18 20 1
8 11 9
7 10 9
10 13 6
5 6 9
6 8 9
6 9 9
13 17 1
3 6 3
2 4 1
17 21 3
15 18 8
6 11 9
10 13 4
13 18 8
7 11 1
6 9 1
14 16 8
15 17 10
14 17 7
13 20 1
19 22 10
8 11 6
11 14 7
9 13 9
9 12 5
20 21 7
18 21 8
6 7 8
1 6 6
7 12 5
21 0 2
11 16 10
2 5 1
7 10 2
2 6 10
9 12 1
21 1 7
7 10 8
2 7 1
5 7 1
12 13 10
14 15 9
7 10 7
7 8 5
6 7 6
4 9 5
22 3 2
23 1 7
2 3 2
8 11 9
9 13 10
10 13 8
16 18 7
7 9 7
1 3 5
22 0 9
10 12 7
6 9 1
23 4 9
18 20 3
22 1 9
20 22 8
23 2 9
5 7 7
1 5 7
12 15 5
5 7 9
5 8 3
17 23 3
15 17 9
3 6 6
16 19 4
14 19 5
4 5 4
21 0 10
21 23 5
11 16 5
14 16 6
13 17 7
4 5 1
4 8 5
7 11 4
23 2 5
19 23 10
12 17 10
19 20 7
1 3 6
10 13 8
14 19 8
3 8 7
0 3 10
13 18 2
15 16 5
17 22 1
23 3 3
8 11 8
21 0 3
13 17 3
15 19 1
21 22 5
8 10 2
7 10 5
11 14 9
17 20 9
23 1 4
14 17 1
10 14 6
4 8 10
20 22 7
5 9 2
6 7 10
1 4 6
4 8 10
10 13 1
11 13 4
3 6 9
3 7 8
10 13 2
8 11 2
6 10 5
6 10 10
0 4 6
0 2 5
8 12 7
1 5 2
5 7 6
11 16 3
0 2 4
12 15 1
23 1 2
16 19 9
18 20 5
0 4 5
14 16 3
16 18 7
19 21 9
1 3 4
11 13 3
19 21 7
7 11 5
14 15 1
15 17 10
17 20 9
21 23 9
4 7 6
14 17 7
7 11 10
5 7 6
12 15 10
14 18 5
23 1 3
17 18 10
11 14 10
3 5 2
5 8 9
20 0 5
4 8 8
6 9 2
2 4 9
17 20 2
12 15 7
12 15 1
22 0 1
17 21 5
23 1 8
6 9 1
10 15 7
17 20 2
11 13 5
3 6 5
5 7 4
15 18 1
8 10 3
1 2 10
20 22 2
18 21 9
22 2 3
21 0 10
16 18 3
7 10 4
10 12 9
10 12 1
16 20 6
16 19 6
0 4 2
2 7 8
3 6 9
10 15 10
4 8 6
14 17 9
23 2 2
19 21 3
7 10 4
9 11 1
14 16 6
4 7 5
13 16 4
1 5 5
15 18 3
5 9 7
22 1 7
22 1 10
3 5 9
19 22 10
9 11 2
21 23 7
1 3 2
10 13 3
7 10 5
23 2 8
23 2 1
4 5 10
13 16 2
1 7 9
21 0 10
10 14 5
11 13 1
9 12 3
12 16 5
6 10 9
19 22 9
11 14 3
16 21 2
13 15 6
9 11 7
19 22 9
17 20 10
10 13 5
6 9 8
22 0 2
4 7 7
19 21 10
19 23 5
15 17 7
21 1 3
4 8 1
7 9 3
22 0 2
8 11 6
21 23 5
13 16 9
23 4 1
9 12 6
3 7 9
7 11 2
6 8 3
3 7 5
23 3 10
22 1 10
21 0 5
7 10 4
1 5 4
11 15 5
11 14 6
19 22 5
22 0 10
3 6 9
2 4 8
10 12 8
14 16 9
0 4 3
0 2 5
14 17 4
10 11 5
13 16 6
23 2 5
0 3 1
0 3 6
1 5 3
8 9 1
6 10 10
21 0 1
1 4 10
4 7 3
18 20 8
13 14 10
0 2 1
6 9 6
14 18 7
20 22 4
4 6 5
10 14 2
18 22 1
4 8 7
5 8 3
14 17 8
17 18 10
9 13 5
12 15 5
18 20 9
18 21 6
8 11 5
14 14 10
14 17 5
1 5 6
19 21 4
18 21 6
23 3 1
15 18 5
11 13 9
0 4 6
11 14 7
10 12 3
15 18 5
17 19 10
22 0 10
3 7 4
13 15 10
14 16 3
5 9 5
6 10 2
12 16 6
3 6 3
23 4 5
6 10 4
10 14 7
9 12 3
12 14 5
23 0 2
11 13 8
14 15 4
15 18 4
10 12 4
1 2 8
6 10 1
12 15 2
10 13 9
1 4 6
12 14 5
19 23 8
7 10 9
3 5 2
19 22 2
17 20 10
15 18 8
0 3 2
11 15 4
1 4 10
15 19 2
13 17 8
21 1 10
22 2 3
16 18 9
3 5 3
2 5 8
10 14 6
4 8 3
2 4 4
18 22 3
14 18 4
5 7 9
9 11 9
8 11 1
7 10 9
4 6 4
0 3 1
13 15 5
21 23 5
5 8 4
4 6 10
8 12 7
9 12 3
6 9 6
9 11 7
5 9 5
8 10 7
22 1 4
19 23 6
22 1 9
3 6 8
15 18 8
20 21 10
8 12 5
8 11 5
21 0 5
19 23 3
8 11 3
1 6 7
22 0 10
19 22 3
4 7 7
15 18 5
4 6 6
12 15 8
15 20 3
7 11 2
6 9 10
1 4 9
11 15 10
16 18 6
21 1 5
18 22 10
3 4 6
7 10 8
8 13 1
9 10 3
6 10 3
12 15 1
12 13 1
15 18 10
9 12 7
9 11 2
1 3 3
3 6 4
15 20 2
11 15 6
8 9 6
18 21 5
6 10 9
14 18 1
14 18 9
22 1 5
14 17 8
10 12 6
6 9 10
14 18 3
22 1 6
14 18 3
1 3 1
20 23 6
6 7 8
19 22 2
17 20 7
18 19 9
4 7 2
2 3 3
22 2 1
21 0 8
2 6 6
10 10 10
23 0 2
23 1 3
22 2 6
0 5 2
2 4 8
21 2 4
4 5 8
22 1 10
21 0 4
12 14 6
6 10 9
19 21 7
11 14 4
6 10 10
7 9 1
4 7 6
21 1 7
11 14 5
15 19 6
2 6 1
15 18 2
2 5 2
18 22 7
11 15 9
7 10 4
14 18 6
19 22 8
1 3 5
1 1 6
5 9 2
9 13 9
13 16 6
5 8 8
12 14 10
6 9 7
2 5 3
7 10 7
6 11 9
20 22 2
18 20 4
19 21 8
8 12 6
20 0 7
7 10 5
12 14 4
17 20 1
22 2 1
22 1 1
5 7 7
6 8 2
7 10 7
5 6 6
7 11 8
6 7 5
5 9 9
4 7 9
19 22 10
22 4 5
12 15 7
22 2 8
6 9 1
6 12 4
7 11 4
11 15 10
4 6 3
5 8 4
5 9 2
13 16 9
9 14 8
20 23 4
5 8 10
21 23 9
5 10 10
10 12 9
0 4 7
9 12 5
4 7 1
8 9 3
1 4 1
12 14 4
21 0 6
18 20 1
20 1 9
0 2 6
5 8 10
20 22 2
15 16 7
23 2 10
5 7 2
2 4 2
4 7 9
22 1 5
0 4 5
18 21 1
21 1 10
6 10 4
11 15 5
22 3 4
14 17 7
6 8 3
9 14 3
5 9 10
22 22 1
21 0 10
2 5 10
5 10 9
8 11 10
12 14 1
0 3 7
4 6 10
21 1 8
9 12 4
0 4 8
4 7 7
22 1 4
0 2 2
1 4 2
8 10 4
18 21 3
10 13 10
13 17 4
22 23 6
21 0 4
18 22 1
6 11 4
14 17 5
14 16 8
7 9 8
11 17 2
1 3 1
21 22 10
11 15 5
1 4 8
4 7 9
9 12 10
6 8 2
12 16 9
21 1 9
16 20 3
20 22 4
17 23 2
21 1 7
3 4 6
9 12 5
20 21 1
5 8 2
0 4 8
8 13 4
11 13 5
1 5 2
7 9 8
8 10 9
15 19 9
13 15 1
1 4 6
10 12 8
20 23 7
23 2 10
4 7 5
22 0 8
8 10 4
1 4 2
15 18 3
5 6 7
21 2 7
7 10 8
7 11 4
4 6 3
12 14 3
17 20 10
17 19 6
7 9 3
14 16 3
18 21 8
5 8 2
5 10 9
12 16 10
20 1 1
14 14 10
11 14 7
14 16 6
5 9 5
3 8 9
11 14 4
1 3 8
14 16 5
2 4 6
3 5 2
7 11 5
2 6 5
16 22 6
20 0 2
11 13 6
13 16 6
8 12 4
20 0 9
8 10 10
6 10 10
12 16 2
3 5 8
17 21 4
11 15 6
0 2 6
4 6 5
7 12 4
16 19 6
20 22 3
11 14 7
12 15 7
15 19 9
16 19 3
22 0 3
18 22 1
3 6 10
1 5 2
20 22 7
22 1 5
2 5 10
14 17 7
3 5 2
11 14 7
11 15 4
2 4 6
22 0 6
10 11 1
10 12 3
2 4 6
8 11 10
11 13 7
18 21 4
18 22 3
19 22 8
0 3 8
8 12 2
23 2 2
0 4 6
10 12 6
6 9 1
16 18 8
18 20 7
10 15 8
2 4 7
14 18 9
4 8 6
2 5 8
5 9 7
2 5 8
20 23 3
23 2 10
9 11 4
2 5 9
3 5 8
12 15 2
15 18 3
11 13 10
13 16 2
1 3 7
12 15 9
13 16 4
22 3 9
10 13 3
20 0 6
