1000 72
38 40 15 32 53 63 52 51 43 67 43 17 28 24 25 29 13 18 70 1 67 22 20 35 31 35 7 36 67 15 26 51 48 67 17 17 18 2 4 21 19 18 10 56 49 67 30 72 52 4 11 54 8 45 49 57 15 57 17 6 49 50 39 47 12 5 51 70 1 30 9 12 
11 12 47
19 23 32
17 21 31
6 7 47
0 3 33
3 7 57
11 15 6
20 22 69
8 12 15
0 1 71
13 16 27
15 18 43
10 13 56
23 1 22
10 13 69
7 12 36
2 4 42
6 12 16
18 23 72
19 23 66
5 9 34
8 11 43
0 3 10
14 16 33
12 15 47
8 11 28
1 4 53
4 6 3
20 23 65
7 9 21
22 2 41
21 22 17
17 20 41
15 17 56
19 23 68
7 9 15
14 16 20
12 16 64
20 22 49
16 20 40
4 7 23
9 9 63
5 8 5
4 5 69
0 4 6
19 23 63
8 12 7
11 14 59
5 8 23
17 20 71
8 10 64
13 16 68
15 18 41
15 18 23
1 5 22
21 1 21
16 20 44
21 2 40
12 16 47
7 9 14
20 23 49
23 2 11
10 12 14
17 20 59
17 21 39
5 8 67
5 8 36
3 6 27
2 5 10
18 21 48
17 20 25
0 4 61
10 12 29
20 23 64
10 13 31
14 16 35
22 1 38
5 8 69
9 12 46
3 7 14
18 20 13
0 4 19
9 10 4
13 17 55
5 9 41
12 15 61
19 22 54
22 3 6
7 9 50
16 20 25
9 13 36
15 18 11
18 20 18
22 1 72
7 11 24
0 3 11
9 10 27
17 22 33
11 14 66
11 15 53
3 8 14
8 11 15
9 12 19
14 18 5
12 15 66
10 13 23
15 19 12
16 20 66
4 7 72
21 1 3
11 13 62
18 20 61
7 8 21
9 11 72
17 21 27
5 6 58
4 8 7
16 20 54
0 3 41
7 11 59
12 15 47
2 5 59
10 13 49
21 0 29
23 1 58
12 15 15
0 4 58
10 12 6
21 0 72
10 13 59
12 15 23
0 3 53
2 5 70
19 23 29
22 1 45
1 3 23
12 15 6
14 17 7
6 9 40
4 6 30
4 8 51
3 7 51
10 12 23
6 10 56
11 13 29
10 13 5
0 0 16
15 17 40
6 8 6
8 9 26
23 1 57
11 13 14
20 23 71
6 7 62
5 8 12
1 4 31
9 13 3
5 7 44
23 1 5
15 18 21
5 9 58
0 2 13
3 6 64
19 23 18
19 22 58
8 13 57
19 0 46
3 5 43
2 6 1
11 13 1
10 10 14
17 19 17
1 4 17
22 2 65
16 18 34
2 5 57
2 5 57
20 1 53
21 0 71
4 8 41
6 11 58
21 0 14
6 8 42
12 14 43
7 9 72
18 22 39
19 23 59
22 1 46
19 22 31
5 8 31
10 13 36
0 2 18
23 2 15
10 13 24
19 22 44
8 11 13
21 1 24
17 20 54
12 16 28
15 19 36
0 3 41
0 4 35
17 20 72
12 15 52
8 10 29
20 23 1
15 19 42
16 16 40
22 1 4
14 19 15
0 4 48
2 4 19
0 4 28
22 1 28
22 2 13
14 17 62
18 20 33
2 7 18
23 0 61
8 11 51
12 15 60
2 4 64
1 4 23
23 3 50
1 4 59
22 2 32
1 5 5
4 6 59
14 17 69
3 6 24
16 17 13
10 12 58
13 16 22
19 23 38
14 17 52
23 3 59
6 9 67
4 6 14
8 12 68
22 22 1
0 3 52
8 12 70
9 11 67
11 17 57
18 21 44
0 2 3
13 16 6
11 14 39
8 11 21
0 3 68
7 11 4
0 4 54
4 9 47
2 6 35
12 15 20
1 3 12
12 14 34
22 1 31
8 12 66
2 5 67
22 2 47
20 23 34
7 10 45
3 6 31
20 22 37
0 4 46
11 14 34
22 2 60
7 12 3
6 7 30
20 23 25
8 12 24
21 23 62
14 15 41
18 22 7
1 4 1
22 3 67
19 23 13
19 22 14
9 13 67
14 16 22
19 22 50
1 4 67
4 5 42
22 0 15
16 21 28
17 20 24
10 12 47
20 1 13
4 6 72
10 13 47
15 16 49
2 4 60
14 19 16
21 1 52
18 20 8
0 3 3
21 23 18
4 7 60
2 6 11
19 23 20
5 9 63
21 0 1
19 23 13
8 11 8
0 4 41
5 8 40
18 21 4
4 7 46
3 6 39
9 11 67
12 14 4
6 8 30
2 6 15
10 14 24
16 21 68
21 0 64
8 11 6
0 3 42
1 3 26
1 4 56
6 9 27
22 2 2
23 2 30
6 8 14
13 16 30
12 15 3
12 16 65
7 10 50
23 2 44
15 20 22
7 11 63
5 10 48
3 5 22
1 6 26
13 15 58
5 8 23
7 9 27
17 20 44
8 11 1
1 4 42
8 11 2
15 17 40
5 8 42
0 3 26
15 18 39
10 12 12
18 22 50
12 15 33
22 1 33
6 11 29
11 14 16
7 9 24
17 20 63
1 1 51
11 16 21
17 20 5
18 21 60
10 14 68
23 2 43
4 8 3
15 18 59
6 9 40
11 13 45
14 17 1
15 19 39
11 15 66
13 15 62
0 3 60
6 6 53
2 5 70
14 16 15
7 11 11
13 17 46
11 15 9
17 21 68
14 16 54
6 9 58
10 12 1
23 3 44
9 13 28
7 11 63
13 16 40
1 3 26
15 18 46
2 3 32
11 13 24
2 3 63
0 3 5
21 0 46
21 0 24
9 12 26
11 14 44
5 9 23
0 4 26
17 21 23
12 16 65
16 19 21
15 17 24
10 13 6
12 16 69
7 10 26
14 18 10
5 10 7
0 4 42
1 3 6
16 20 64
8 13 15
12 14 23
14 17 65
13 13 16
22 2 15
15 19 24
19 23 44
0 2 19
10 15 56
8 11 14
21 23 61
15 18 33
17 20 62
3 8 28
9 11 6
19 23 11
5 9 18
7 10 33
12 16 37
18 23 55
15 18 43
5 8 50
21 0 2
5 9 15
15 18 25
18 22 10
6 10 59
15 19 55
10 12 4
4 7 42
13 15 42
2 4 48
11 16 69
11 15 27
17 21 58
19 22 24
13 16 32
23 3 58
5 10 53
13 16 56
6 8 11
13 14 40
23 3 2
12 16 43
11 12 41
10 14 54
7 9 47
12 16 58
2 6 2
18 21 56
4 8 57
13 16 52
17 20 31
1 2 1
7 9 10
5 7 67
13 17 47
15 17 49
4 7 45
6 9 19
1 4 54
12 15 46
8 11 51
20 23 50
8 13 72
10 15 64
18 20 9
5 7 21
18 20 6
11 15 59
4 6 66
23 2 17
13 15 53
12 14 55
16 19 39
23 1 28
0 3 43
20 0 21
5 10 29
19 22 2
22 2 18
11 14 50
9 13 9
16 19 69
12 14 55
20 0 16
4 8 36
19 21 51
18 21 40
19 21 46
19 23 24
8 12 28
2 5 56
14 18 25
17 21 30
13 14 60
5 8 35
0 5 34
3 6 33
17 19 8
3 7 44
6 7 64
12 15 15
23 2 69
0 4 29
6 10 41
19 21 10
0 2 22
0 2 32
16 20 17
6 9 45
20 0 43
21 21 52
8 10 66
11 14 9
15 19 4
11 15 25
21 23 69
6 10 5
19 0 11
18 20 41
3 7 4
11 12 69
13 16 53
16 19 13
12 15 38
9 11 8
1 2 59
18 21 6
14 19 65
20 23 63
10 15 71
23 3 45
23 1 1
11 13 54
2 5 10
13 15 13
1 5 6
19 21 63
15 19 25
11 15 6
13 17 17
6 8 5
12 14 55
5 8 24
23 3 56
23 2 22
15 17 29
22 0 57
21 23 49
14 16 56
12 15 13
23 2 68
3 6 37
23 2 7
13 15 26
7 10 38
21 3 65
5 7 51
3 6 50
9 13 35
12 15 3
9 10 61
1 3 40
23 4 39
9 11 11
16 19 66
18 20 10
8 11 26
11 12 47
19 22 30
4 8 53
13 15 70
21 1 42
0 2 43
19 0 46
5 6 5
18 20 25
15 18 35
10 14 37
15 18 48
16 21 29
23 4 64
7 9 17
17 19 65
8 12 27
23 1 3
5 7 9
4 8 16
3 6 6
13 16 65
15 19 43
5 8 71
9 14 32
20 2 26
18 20 12
2 5 67
1 2 50
0 3 29
2 2 69
21 23 63
20 22 22
14 17 12
11 13 50
0 4 11
23 2 39
19 22 46
6 8 17
5 8 10
22 0 1
12 15 8
16 20 27
22 0 55
12 14 69
1 4 64
17 21 56
1 2 66
15 18 35
21 23 32
17 20 59
7 12 63
4 7 39
21 23 50
12 16 11
20 23 69
0 2 59
5 7 19
20 22 20
5 8 31
18 23 31
16 21 27
23 0 16
8 11 59
3 7 58
18 20 47
21 2 54
6 9 17
22 2 50
12 15 32
17 22 45
3 7 22
4 6 60
5 7 12
11 13 66
18 22 2
2 4 29
14 16 6
3 7 41
12 14 72
17 20 58
12 15 53
8 10 25
23 2 32
2 5 61
18 21 65
8 11 50
18 20 46
2 4 55
8 10 4
0 3 3
6 11 13
19 22 14
13 16 18
17 20 60
7 9 57
5 8 49
10 12 22
16 18 13
4 6 34
3 6 36
15 17 67
20 22 55
12 15 1
4 6 59
6 9 61
11 14 63
12 16 57
17 20 3
2 5 1
17 22 32
4 7 44
23 2 2
23 3 39
4 5 42
18 20 37
15 16 40
3 7 58
22 1 65
22 1 21
3 6 41
8 13 3
12 14 41
4 7 64
4 4 26
13 16 32
2 4 62
0 3 37
18 20 57
7 9 72
5 7 15
23 3 23
14 19 69
2 8 65
22 23 16
14 16 67
3 7 52
16 21 68
9 14 29
21 0 48
15 16 49
10 12 34
8 11 56
5 7 55
8 11 71
23 4 57
2 4 3
20 23 70
7 11 5
8 11 9
23 1 7
7 9 50
16 20 41
14 18 56
18 22 67
16 19 67
0 4 38
4 6 34
15 18 14
18 21 46
3 6 36
11 14 23
22 1 70
23 2 6
0 3 34
0 3 39
2 6 52
8 11 16
20 0 65
22 1 21
17 21 41
2 4 50
16 18 32
6 11 43
12 14 28
8 13 69
8 11 32
13 16 66
2 4 51
22 1 10
6 9 24
11 13 38
3 7 60
23 4 37
12 12 6
18 21 26
7 9 51
5 7 52
4 7 45
12 17 66
22 2 15
18 21 13
20 22 52
21 0 61
12 15 59
7 11 58
11 15 67
17 19 16
17 20 46
14 17 53
14 17 45
20 23 24
23 2 47
10 13 14
11 15 32
2 3 60
8 11 62
1 5 55
7 12 70
11 14 32
2 5 70
7 10 36
4 6 66
4 7 50
12 17 53
9 11 56
23 1 29
8 12 10
2 7 65
12 16 47
13 17 2
6 9 43
19 22 10
23 3 29
23 3 66
15 18 60
12 15 38
8 11 46
13 17 21
7 11 5
2 5 18
19 21 7
16 20 5
11 13 41
20 22 68
1 3 70
19 0 54
0 3 16
2 6 37
0 3 6
23 1 32
23 3 3
7 10 25
23 2 5
15 18 39
19 21 22
3 7 48
20 23 45
7 11 60
7 7 46
17 20 69
10 14 2
0 3 17
10 13 1
23 3 19
15 16 11
8 11 44
8 12 72
19 21 35
2 5 25
22 2 23
6 8 19
3 7 31
6 8 14
15 17 17
17 20 30
17 20 52
1 4 53
18 22 1
7 10 19
5 10 23
1 6 60
11 13 36
21 23 19
8 11 34
6 10 41
12 16 70
21 0 17
11 15 36
4 8 53
5 7 33
4 6 52
23 2 67
16 19 59
21 1 37
23 1 27
19 22 63
0 2 71
19 21 71
10 13 63
16 18 31
7 11 58
19 22 62
4 6 28
20 23 17
8 11 13
8 11 50
1 2 28
15 17 60
5 9 20
16 19 31
5 7 72
22 1 56
9 11 47
2 5 18
10 12 12
9 13 32
7 12 6
4 8 8
14 18 5
10 12 28
8 10 3
18 22 62
8 12 8
15 19 26
0 4 8
17 19 50
17 19 12
2 5 39
14 17 53
12 15 33
1 5 25
10 11 49
16 20 56
17 20 51
2 5 42
13 16 31
17 20 4
1 3 55
3 5 17
16 19 9
16 19 25
1 3 5
2 5 10
15 17 28
9 11 71
2 5 63
16 19 41
18 19 29
14 18 53
6 10 26
21 2 14
13 15 70
8 12 67
1 4 12
19 21 19
13 17 50
6 9 60
14 16 56
9 13 68
15 18 40
15 17 54
18 21 55
20 22 24
17 20 12
16 20 11
1 5 27
4 6 11
5 7 68
0 3 37
3 7 68
11 15 3
11 11 11
20 23 9
8 11 18
16 19 2
15 18 9
10 11 69
19 22 65
16 19 52
20 23 21
16 20 6
23 3 40
1 3 13
13 18 63
19 22 33
0 1 20
17 18 70
23 3 29
12 14 1
4 4 24
12 16 48
5 7 31
23 1 54
14 17 61
14 16 65
1 4 19
15 18 9
2 7 59
4 7 50
12 17 32
15 17 42
20 23 15
15 18 36
7 11 41
17 19 57
23 3 16
17 20 40
23 1 3
4 8 17
3 5 3
12 15 19
2 5 49
10 11 58
11 14 18
9 13 21
7 11 28
22 0 44
1 4 21
19 20 39
10 15 9
13 16 29
9 14 65
15 18 59
7 12 38
0 4 13
1 5 27
18 22 57
4 7 33
20 21 58
14 17 1
9 12 41
9 11 2
17 21 41
