1000 67
35 35 49 46 52 49 55 1 59 8 45 61 56 3 23 17 12 37 13 50 63 44 19 40 52 27 39 31 40 45 15 50 18 56 12 48 11 11 53 34 53 30 61 19 4 43 10 46 52 44 65 24 28 47 49 67 16 52 62 23 64 1 41 33 67 22 33 
16 19 16
10 14 61
10 14 38
10 12 57
17 20 25
11 14 11
19 23 48
4 7 48
1 6 52
8 10 52
15 18 22
17 20 64
5 8 55
11 14 36
7 9 50
21 0 38
2 4 8
14 18 55
3 6 49
3 8 47
8 11 40
6 9 25
20 0 13
2 4 6
12 13 64
5 7 61
18 22 14
22 1 51
21 23 47
8 10 60
11 14 10
9 13 17
15 18 42
6 9 14
22 2 63
11 15 11
23 2 30
8 11 26
11 14 41
17 21 26
19 0 23
22 0 31
15 18 26
15 18 59
13 14 40
21 0 23
9 13 19
21 1 29
14 17 34
21 1 16
8 10 36
0 2 30
2 4 64
21 0 33
6 8 35
7 11 30
17 21 56
4 6 24
18 20 67
5 8 56
3 5 52
10 12 35
21 0 50
0 3 67
18 22 41
0 2 66
18 20 18
11 15 55
9 11 59
18 21 29
20 22 17
21 23 18
23 2 21
5 8 12
16 19 12
23 1 26
2 4 6
4 8 49
8 10 53
14 16 36
12 16 42
15 17 6
3 6 12
18 20 37
9 11 40
21 0 13
6 8 53
23 3 33
12 16 57
12 14 47
8 11 7
19 22 1
14 17 51
15 19 30
4 6 9
16 19 4
12 16 21
11 13 41
18 22 38
1 4 27
17 20 43
11 16 59
11 13 64
19 21 17
2 5 38
21 23 40
18 21 43
7 10 29
5 7 53
9 12 59
16 18 52
4 6 55
11 15 12
21 22 4
13 17 43
13 16 33
12 15 17
22 2 18
4 7 58
10 12 43
13 16 45
5 8 67
14 17 57
9 12 11
8 12 63
18 21 65
2 6 28
23 2 8
16 19 30
4 6 56
4 8 58
20 23 56
12 17 44
20 22 41
2 4 22
11 14 10
22 2 1
22 2 49
13 16 48
12 16 34
5 6 58
1 5 62
2 6 46
6 9 36
14 19 52
5 11 25
20 23 34
9 14 18
8 10 32
15 18 20
3 7 2
12 15 28
20 22 49
16 20 24
0 3 55
1 4 44
19 0 43
15 18 29
6 10 55
10 13 9
21 0 34
13 15 44
12 13 8
1 5 39
16 18 23
4 7 61
9 12 19
6 10 66
11 13 48
1 1 3
6 9 61
1 5 66
6 8 28
15 17 55
23 2 39
13 15 60
16 19 20
19 21 41
1 5 12
11 14 53
15 19 56
7 11 59
12 15 49
22 1 37
9 13 65
14 17 49
19 21 38
16 18 4
0 4 19
22 1 12
12 16 5
20 23 26
4 8 62
1 3 51
17 20 13
5 7 59
4 6 21
22 2 50
10 11 27
20 0 16
1 5 44
17 21 31
19 21 35
22 0 15
7 10 23
3 8 35
21 1 49
8 10 39
21 23 28
5 8 13
22 1 14
17 19 37
5 9 25
15 19 23
14 18 5
17 20 5
19 21 23
11 14 20
7 10 15
13 16 20
13 16 17
14 18 28
19 23 67
15 19 45
21 1 27
11 12 61
21 0 46
5 8 38
10 14 18
13 17 26
19 23 16
15 17 56
19 22 46
6 7 46
11 13 54
12 15 51
9 12 8
11 12 59
2 5 26
23 1 58
2 6 38
22 1 46
21 0 27
22 3 12
9 12 17
21 23 47
19 22 61
20 0 38
15 19 11
5 8 14
22 1 24
22 1 59
12 16 65
4 6 62
13 15 23
21 23 50
17 21 5
17 20 31
15 18 38
17 20 62
4 6 5
16 19 3
4 8 39
4 6 2
17 20 34
11 13 62
16 19 23
6 10 44
11 13 27
12 15 56
14 17 64
5 9 20
21 1 20
16 20 51
18 21 37
1 4 7
23 1 37
16 19 28
21 23 37
23 2 64
6 11 28
9 11 51
23 3 52
19 23 19
15 18 22
8 12 58
13 17 38
14 18 27
4 6 35
14 15 43
7 10 33
19 21 63
11 13 48
21 1 6
11 13 21
4 8 48
17 19 31
10 12 15
12 15 50
19 20 67
15 16 56
11 14 1
18 21 39
11 16 51
15 17 38
13 18 26
16 20 30
18 21 18
10 13 59
2 4 50
1 5 31
6 10 25
21 0 11
14 16 29
6 8 33
20 0 42
17 20 19
13 15 28
9 12 15
14 17 60
21 22 23
5 8 19
1 4 53
12 16 10
18 20 11
2 5 56
20 21 29
17 20 60
19 23 17
4 7 9
0 3 20
4 8 66
20 23 58
17 20 48
10 13 48
22 0 50
3 6 29
9 12 49
3 5 23
7 11 64
17 20 15
14 16 59
9 10 23
21 0 56
1 3 48
16 18 13
15 17 65
8 11 50
14 17 14
20 22 41
6 7 23
4 6 21
7 10 33
15 18 31
14 17 40
2 4 61
8 11 47
14 18 16
14 19 9
14 18 2
6 7 32
5 8 15
21 23 19
10 14 13
12 14 16
8 10 34
18 22 30
17 21 2
17 21 20
3 5 60
22 1 37
6 11 51
21 23 3
0 1 39
7 10 12
9 13 37
3 7 59
2 5 35
21 0 19
16 19 52
13 17 34
7 9 41
16 18 46
2 4 9
2 7 30
15 17 23
21 0 66
11 14 34
18 21 7
9 12 23
0 5 47
6 8 63
15 18 35
17 20 48
3 7 20
0 2 37
6 9 48
5 8 23
2 4 7
2 5 48
21 1 31
21 23 11
16 19 64
8 12 52
19 22 3
5 8 33
23 1 40
17 19 37
7 10 40
15 20 57
23 2 7
0 3 40
8 9 14
20 23 43
23 2 26
0 4 58
19 21 53
20 23 60
19 22 36
5 7 57
11 12 15
11 13 47
10 14 22
16 20 41
16 18 11
9 11 21
16 19 31
23 1 6
2 3 32
5 7 27
14 16 39
17 22 16
19 21 64
17 21 58
22 1 62
5 6 13
0 3 40
20 23 13
23 2 57
8 11 6
3 7 24
10 12 10
6 9 62
18 19 59
4 9 11
8 12 50
13 15 6
1 6 9
12 14 41
0 1 53
13 16 7
10 16 64
23 2 52
2 6 49
13 15 32
14 17 22
15 18 28
2 5 15
12 15 32
16 20 9
4 6 23
17 20 59
11 13 42
20 0 29
7 11 13
16 18 44
2 5 65
9 12 14
1 5 56
5 9 65
2 4 28
8 11 51
2 7 4
19 21 29
18 21 40
12 15 26
20 23 43
7 11 23
3 6 53
18 20 50
0 4 46
16 18 17
21 1 52
17 21 44
5 7 33
18 21 30
18 20 3
2 3 10
2 5 36
14 17 32
8 13 42
17 20 40
18 22 65
16 19 60
12 16 30
4 7 25
8 12 8
4 9 25
6 9 44
0 5 1
2 5 41
4 6 17
11 13 67
12 14 37
6 11 7
1 4 55
20 23 52
20 0 44
17 21 59
15 18 45
12 16 8
7 10 13
12 17 45
13 16 9
9 13 39
18 20 34
15 15 45
4 7 54
0 3 51
18 20 30
5 9 30
3 5 13
16 20 42
10 12 48
19 23 47
21 23 15
13 15 44
0 2 7
8 12 66
17 22 60
16 20 46
0 3 40
9 13 38
8 11 62
11 13 3
1 3 42
15 18 54
11 13 5
13 14 48
7 9 56
19 22 43
5 7 15
15 18 4
21 22 49
21 0 40
22 0 8
23 1 8
1 4 24
21 0 50
14 19 59
23 3 59
16 21 48
16 19 61
23 1 44
20 1 42
14 17 60
22 1 33
16 20 5
15 18 54
22 1 60
2 8 45
2 7 53
2 5 63
4 8 53
19 23 23
11 14 66
8 13 67
20 23 62
15 17 33
18 20 60
8 12 1
1 5 37
7 10 7
6 8 29
7 9 16
3 8 63
3 5 30
11 14 6
23 3 11
1 3 31
11 14 41
10 12 20
11 14 29
6 7 19
9 15 42
4 6 2
19 23 55
7 11 36
10 13 13
5 8 27
8 12 50
20 22 18
2 4 20
4 8 47
1 4 27
0 4 56
10 13 66
14 16 40
15 18 1
8 11 14
6 9 28
6 10 54
2 5 47
5 10 53
6 9 64
23 2 18
22 2 5
7 11 16
9 11 62
14 16 67
6 9 62
14 16 42
17 19 2
2 6 47
11 16 38
21 0 50
14 15 44
19 0 25
14 17 32
10 13 52
9 12 6
0 1 65
1 4 17
6 9 64
22 23 39
10 13 26
15 18 7
18 23 44
4 8 12
18 21 5
11 14 33
12 15 40
18 20 63
11 13 30
16 20 36
12 15 26
5 8 36
21 0 42
11 14 13
22 1 40
1 5 60
13 15 38
7 11 42
12 16 21
23 2 26
5 8 40
7 10 48
1 5 58
0 4 22
4 7 46
3 6 13
15 18 39
11 14 41
1 4 7
5 8 9
20 22 43
0 3 22
2 5 38
11 15 2
22 0 53
18 23 39
11 13 13
6 11 6
22 1 45
13 16 45
5 6 58
5 6 64
7 11 35
5 7 65
11 14 9
13 17 57
3 6 39
21 0 53
20 22 6
2 6 1
8 12 15
16 19 9
12 14 48
9 12 8
13 14 4
14 16 49
18 21 3
15 17 23
3 5 52
6 10 7
13 16 29
11 15 21
5 8 7
8 12 40
11 15 1
13 15 20
14 18 54
21 1 55
3 6 62
12 14 57
16 17 32
19 20 21
0 4 23
17 21 38
13 17 61
0 3 30
23 2 45
17 19 67
14 18 29
10 13 6
5 8 52
20 0 4
13 15 1
0 2 47
12 16 12
3 4 34
13 17 36
16 18 3
16 19 1
1 4 59
7 8 59
13 17 26
6 8 5
13 16 61
11 14 28
17 20 58
11 15 29
7 10 12
9 11 55
1 4 4
7 10 45
19 23 14
11 15 65
18 22 11
10 14 66
3 7 62
21 1 13
7 10 60
0 2 62
3 6 14
5 8 63
1 3 16
7 9 56
1 6 21
0 3 48
6 9 18
1 4 26
7 12 64
4 8 48
17 19 56
22 1 41
1 2 48
18 21 23
15 18 38
3 6 27
12 15 13
7 10 64
13 18 57
23 3 54
22 0 32
12 15 32
10 14 40
19 21 55
2 5 20
11 14 1
16 17 66
16 18 65
12 15 43
5 9 5
22 1 5
19 22 10
14 17 52
1 4 53
22 1 41
6 7 11
8 11 20
2 7 60
8 10 22
15 16 14
6 7 10
11 15 13
3 6 61
9 12 7
5 9 34
20 1 6
7 10 46
19 20 55
11 15 12
8 14 7
10 14 49
13 16 12
8 11 8
19 23 50
3 8 11
7 10 66
1 6 32
1 5 44
10 13 30
15 17 18
4 6 29
14 15 64
9 11 46
19 21 43
4 6 13
20 0 56
16 19 53
6 8 47
18 20 62
10 14 42
18 22 17
16 15 24
2 6 18
8 11 7
3 6 39
18 21 15
6 7 42
0 5 6
11 15 30
18 22 35
19 21 35
22 2 36
20 0 53
17 21 54
11 13 51
0 4 11
6 9 14
3 6 36
5 8 38
2 7 39
8 12 4
14 17 10
11 14 9
0 3 64
16 19 67
15 19 9
5 8 54
20 21 24
10 13 45
5 7 35
6 10 23
13 16 66
14 17 33
11 14 59
0 4 55
16 21 48
4 6 19
20 23 9
15 16 56
8 12 50
13 15 51
5 8 20
6 10 35
20 0 39
0 2 14
16 19 64
5 7 19
22 0 65
13 16 46
18 20 49
4 7 23
19 21 32
5 8 51
9 13 4
10 12 8
20 0 39
18 20 43
9 11 21
2 4 24
7 10 67
3 7 19
9 12 7
23 2 43
2 4 31
22 1 20
2 4 28
0 3 23
15 18 52
4 7 29
18 19 54
9 14 41
4 5 65
15 15 16
13 14 7
0 4 53
5 6 37
2 4 4
0 4 16
14 18 56
8 12 44
15 18 49
3 5 60
10 12 47
9 11 56
2 5 14
3 8 8
4 7 38
14 17 23
21 2 8
14 17 53
3 7 18
2 6 4
22 0 61
1 3 64
18 21 27
9 13 43
4 8 65
6 8 15
5 8 38
12 15 5
20 0 5
6 8 28
5 9 66
15 19 42
4 10 5
22 1 24
23 2 45
20 23 19
17 21 11
19 21 25
6 7 24
6 10 55
11 13 38
11 14 42
23 2 45
16 19 28
12 16 2
1 6 57
17 21 58
2 3 39
23 3 16
3 8 28
19 22 1
9 11 47
18 22 60
3 5 22
17 20 30
14 18 59
13 15 55
21 2 58
2 2 66
18 22 25
22 1 27
6 10 6
6 10 11
7 9 36
3 6 14
6 9 26
11 15 65
17 19 7
0 2 1
23 3 44
4 8 41
6 9 25
19 22 39
6 9 17
13 16 45
11 14 4
12 16 18
0 4 51
17 19 46
11 15 25
15 18 3
15 18 65
1 5 62
3 6 22
3 6 4
4 7 39
4 6 8
17 22 23
3 6 24
21 23 54
14 16 32
1 3 26
17 20 40
20 23 31
20 23 62
23 2 3
6 9 33
1 4 16
10 12 12
7 8 57
17 22 54
0 4 21
15 19 41
1 4 25
8 11 16
15 16 22
20 22 29
14 18 22
20 23 48
8 11 44
7 10 58
20 1 32
10 13 23
9 11 65
15 18 42
15 17 17
17 20 18
16 19 4
12 16 56
3 7 6
4 8 31
10 14 59
14 18 22
4 7 11
