1000 84
23 80 7 25 17 77 48 33 14 70 48 2 24 50 58 44 37 43 52 19 32 54 16 25 68 63 66 62 31 63 19 76 17 64 71 57 37 35 83 29 13 82 51 72 47 2 42 71 20 33 40 42 21 53 36 50 42 28 83 38 55 18 52 64 79 10 39 81 54 1 56 61 43 47 73 30 71 77 21 82 25 74 20 77 
19 22 70
18 22 35
22 1 27
9 10 72
18 21 19
13 15 8
22 1 48
10 14 29
1 3 8
11 15 20
15 18 41
11 14 26
5 8 83
2 5 36
2 5 32
1 4 64
5 9 54
17 20 73
21 1 26
6 10 72
8 11 36
21 23 48
3 5 65
2 4 63
22 1 31
11 12 28
15 20 23
15 17 54
15 18 58
21 0 49
0 5 20
3 6 10
11 13 76
20 22 50
16 19 6
20 23 26
14 17 70
4 6 76
17 20 51
17 20 58
7 10 44
10 12 10
4 6 9
4 7 60
1 4 7
23 2 55
0 3 11
18 21 5
11 15 73
8 10 75
19 23 52
11 14 24
12 15 42
12 15 25
3 7 32
17 21 58
21 1 48
16 21 8
2 6 8
14 17 66
17 19 36
15 17 65
6 8 12
5 7 50
4 6 38
20 0 54
5 8 35
4 8 52
13 14 58
11 15 73
3 6 57
17 20 45
18 22 52
4 7 27
8 10 47
18 20 83
8 10 19
14 17 58
19 23 34
16 18 58
18 22 27
2 5 23
7 11 61
11 14 40
9 13 5
8 12 33
20 0 59
1 3 9
11 16 61
21 0 10
10 12 60
19 0 38
13 16 73
4 6 33
1 5 81
1 4 8
9 12 33
23 2 51
15 18 45
23 2 54
16 18 19
15 18 44
2 5 21
17 21 24
1 3 27
18 22 9
10 11 47
15 17 15
13 16 80
0 2 77
23 1 21
4 7 80
10 14 61
13 16 8
10 14 29
2 3 84
15 19 77
14 16 3
15 16 57
17 20 30
5 7 81
11 15 46
6 8 52
15 19 58
19 22 7
16 20 27
3 6 13
6 9 3
22 1 14
16 20 65
9 10 13
5 10 72
14 18 31
22 1 10
3 5 31
6 10 8
12 13 57
2 5 79
22 1 31
4 9 82
17 20 12
17 21 82
11 13 52
23 4 21
5 8 63
17 19 67
7 9 39
10 14 24
3 7 34
7 10 11
4 7 80
15 20 63
23 2 52
6 10 9
16 22 65
19 0 76
16 20 36
14 17 19
10 13 39
1 2 56
21 0 64
0 4 84
20 0 70
2 6 35
21 0 17
2 5 55
13 16 80
23 2 39
1 2 71
1 4 19
1 4 62
16 19 1
21 0 14
19 21 60
9 12 55
15 18 57
8 12 71
15 19 62
20 21 6
13 17 25
0 2 75
9 10 27
11 13 25
9 12 74
6 8 6
18 21 74
19 23 63
0 3 23
18 21 33
16 18 26
3 6 36
17 22 27
6 9 23
7 11 27
14 18 47
13 16 71
4 8 25
11 16 20
18 20 8
19 0 45
11 14 79
1 4 17
1 4 28
17 21 76
18 22 53
9 13 15
17 21 37
22 1 62
0 3 71
5 6 80
19 23 26
9 11 8
11 14 50
16 17 1
6 9 69
2 4 39
7 10 9
6 8 38
16 17 5
3 4 27
16 20 8
20 23 43
22 1 9
14 17 69
9 12 1
13 16 48
14 19 16
9 13 69
12 15 75
7 11 82
0 2 49
0 0 62
14 16 77
12 15 67
3 5 79
15 20 31
19 23 56
2 5 62
13 17 14
0 1 78
22 3 46
21 23 26
18 19 78
11 13 28
10 15 79
23 1 62
23 2 58
7 10 73
5 7 34
12 14 10
12 14 32
12 14 53
8 13 41
18 21 81
8 12 31
13 16 22
3 5 23
1 3 35
7 11 20
5 8 14
8 12 55
1 6 55
21 1 52
11 15 48
2 4 4
23 3 43
14 16 66
9 12 1
22 1 59
11 14 47
18 22 18
17 21 44
11 13 46
13 15 4
13 16 60
21 0 12
1 5 4
14 19 71
17 19 49
23 2 1
12 18 28
14 18 52
2 5 47
6 9 59
23 2 51
20 22 83
18 22 60
23 3 82
6 7 21
18 23 13
4 6 14
4 5 34
11 15 64
4 9 20
15 19 81
23 2 45
12 16 61
23 4 14
7 10 15
1 3 24
11 12 60
0 3 16
16 19 84
0 1 41
18 21 72
20 23 34
5 9 64
1 5 52
10 14 47
10 13 1
1 4 6
7 10 4
7 11 11
14 15 68
14 17 36
10 14 18
10 13 9
11 14 5
3 6 21
6 9 70
5 9 66
11 13 10
15 19 72
16 19 75
14 17 9
5 6 66
17 20 84
15 18 24
4 7 13
8 11 20
7 9 69
14 17 83
21 1 33
4 5 39
16 20 51
17 20 53
2 5 27
5 10 25
7 10 26
15 19 82
5 6 12
12 14 62
15 17 40
1 5 61
14 18 19
3 7 65
14 17 15
14 15 10
23 1 24
9 9 57
14 18 17
0 4 65
17 20 1
5 9 47
9 11 25
8 11 83
9 12 84
4 7 83
19 22 59
19 21 27
3 6 2
1 5 74
15 17 55
2 5 62
6 12 20
19 0 59
13 16 77
6 10 1
13 17 36
5 7 37
14 16 4
19 21 35
17 20 4
4 8 23
9 9 83
22 2 22
17 18 65
11 12 13
15 17 12
18 22 51
14 16 12
21 1 40
21 1 14
7 9 10
1 3 77
22 2 58
23 3 2
15 17 63
8 11 81
13 14 65
6 8 27
14 18 29
14 18 81
2 6 41
8 9 10
19 21 10
17 22 68
14 17 83
6 10 51
15 21 29
8 12 52
19 21 3
17 19 15
3 7 77
19 22 49
20 0 16
22 2 53
18 22 71
21 1 48
14 18 19
18 22 74
22 1 41
7 9 57
21 23 64
20 0 31
4 8 28
2 6 9
22 1 61
21 0 55
1 5 30
16 19 20
17 18 61
22 2 22
15 19 37
7 10 41
7 10 49
5 8 41
5 8 56
1 4 78
12 14 9
15 19 61
20 0 29
1 4 71
5 7 33
13 15 14
21 0 20
6 8 24
12 15 20
14 17 36
4 7 72
17 20 71
13 16 7
0 3 29
11 15 30
16 19 75
17 20 48
13 16 63
14 18 30
6 9 7
4 8 70
15 19 52
16 19 47
22 1 37
15 19 65
12 15 73
0 4 5
17 17 32
8 13 64
20 1 65
1 5 70
13 17 58
21 23 57
0 5 62
1 2 54
8 12 69
17 19 48
3 6 69
16 18 59
4 9 60
12 17 50
18 23 38
22 0 48
18 20 73
9 12 69
11 14 72
10 14 36
21 23 55
7 10 11
0 3 50
23 2 34
23 2 17
21 23 72
17 20 14
3 6 79
1 5 37
21 1 67
17 20 62
1 4 65
8 13 69
13 18 40
1 6 50
14 17 75
16 18 35
22 22 81
21 0 75
13 16 23
1 4 63
16 20 37
0 3 9
4 8 75
22 2 20
15 17 43
21 1 83
17 21 23
9 11 60
0 2 75
10 14 38
5 8 10
23 3 1
23 3 68
0 1 68
6 11 40
1 4 33
11 15 62
3 7 84
18 19 42
9 13 72
16 19 75
6 11 17
3 6 63
4 8 14
18 21 84
9 11 18
2 6 16
6 9 78
10 14 64
17 19 22
9 13 23
21 0 38
17 20 45
13 16 32
15 17 80
11 14 33
21 0 66
14 18 10
16 21 6
15 20 41
6 10 50
5 10 22
3 6 56
13 15 38
18 23 41
6 10 71
3 5 47
17 20 12
14 17 9
20 22 22
0 3 5
18 22 34
0 4 10
12 15 30
17 20 12
3 7 34
19 21 39
17 20 53
9 9 33
17 20 11
15 19 61
12 17 20
23 2 51
12 15 10
17 20 80
1 2 45
1 4 33
0 2 33
5 9 32
13 17 29
12 14 8
14 17 73
4 7 43
9 11 80
5 8 54
22 1 76
5 9 34
22 3 56
0 3 71
11 15 1
23 3 18
23 1 12
0 3 43
4 9 83
10 13 12
8 9 31
9 12 27
7 11 24
8 9 24
7 11 83
0 1 68
5 8 7
1 4 45
23 3 18
22 2 42
2 5 37
12 16 37
5 8 19
0 3 14
7 8 39
1 4 65
16 19 78
12 16 46
8 10 57
14 18 61
17 20 13
3 7 30
21 21 34
1 4 15
6 11 9
5 8 75
2 4 77
13 19 46
0 4 45
6 9 56
2 5 66
1 3 55
17 20 3
21 23 22
5 8 63
16 20 15
0 4 72
12 15 13
15 18 75
10 14 21
9 13 81
4 8 41
9 13 26
2 6 59
6 10 34
14 16 9
6 10 53
17 19 37
13 14 39
16 20 65
22 3 54
2 5 36
11 12 70
4 7 40
14 17 67
21 0 10
19 21 49
12 17 73
8 12 79
23 2 35
21 0 33
15 17 1
18 20 37
2 6 19
18 21 12
1 4 27
19 21 62
17 20 25
4 8 45
4 6 42
12 14 70
14 18 40
17 19 37
12 14 73
16 20 58
3 6 40
6 8 78
7 9 84
8 10 4
13 16 29
16 19 68
1 4 15
11 13 79
22 0 67
5 8 67
10 14 65
13 16 70
9 13 14
23 1 61
8 10 58
23 3 4
2 6 64
20 23 16
3 5 48
11 15 50
17 19 11
10 14 1
5 6 27
7 11 43
9 12 9
13 17 41
14 18 3
10 14 57
0 4 55
4 5 54
23 2 19
18 19 11
23 2 17
4 8 1
15 18 80
23 1 63
0 3 41
4 8 47
8 11 9
15 19 19
21 0 69
1 6 42
22 0 41
8 10 47
15 19 30
22 0 35
14 18 57
17 20 6
16 17 33
18 20 11
0 3 26
4 7 72
0 2 38
10 12 10
6 6 68
21 23 23
9 13 36
0 3 12
10 14 83
19 22 51
11 13 45
12 14 9
18 22 17
1 3 36
20 23 26
1 5 55
12 15 70
22 0 8
4 7 17
21 22 49
11 14 19
20 23 72
16 20 32
10 12 12
10 12 59
13 16 6
12 17 26
16 18 80
18 22 57
7 10 60
20 22 75
0 2 84
11 14 6
5 7 51
8 11 68
9 12 61
3 7 24
12 15 44
5 9 21
16 18 25
0 1 10
7 9 40
3 7 56
8 12 71
6 9 62
14 18 24
8 10 20
2 5 28
0 4 1
17 20 66
4 8 4
23 2 30
6 9 63
8 11 34
12 15 84
17 19 43
6 8 45
14 15 25
11 13 83
4 7 41
7 11 69
7 13 13
6 9 67
21 23 44
23 1 16
19 22 82
20 0 78
17 20 23
7 10 83
0 2 24
5 6 79
9 12 4
3 6 40
4 5 57
18 20 71
15 20 16
19 22 10
13 15 59
15 18 54
4 7 55
2 6 80
1 3 35
9 13 52
21 0 66
3 6 58
19 23 3
4 8 18
14 15 70
4 5 5
21 23 23
3 6 35
16 18 50
20 22 72
4 7 4
19 23 46
3 5 13
16 19 34
21 1 51
0 5 70
19 21 81
8 10 29
10 12 73
19 23 46
19 23 81
2 5 25
2 4 1
7 10 59
7 11 23
4 6 34
17 22 42
0 1 21
5 7 3
11 13 47
7 10 33
6 10 4
3 6 50
14 19 78
4 9 10
1 5 9
18 20 54
0 3 20
17 19 49
6 9 48
23 3 6
14 18 36
20 22 84
6 10 25
3 8 44
11 13 64
1 5 4
6 8 52
7 9 21
11 13 65
0 4 45
5 9 76
18 21 58
8 11 37
5 8 69
4 5 59
22 3 63
2 5 1
12 14 19
11 15 23
0 4 28
1 4 38
22 0 23
16 18 8
9 10 10
15 18 42
19 0 61
13 16 83
11 13 50
4 9 62
16 18 9
16 17 68
11 15 16
6 8 41
23 1 48
1 4 66
8 12 79
11 14 51
19 22 26
3 7 80
1 4 5
21 1 11
6 12 31
2 5 6
1 3 84
10 13 77
19 21 11
3 7 19
21 23 22
23 2 63
17 21 22
3 5 41
14 19 65
15 19 28
12 14 2
15 19 29
4 7 64
5 8 54
9 13 62
18 20 15
8 10 79
20 23 61
9 12 53
13 14 26
5 8 70
16 18 54
19 22 75
23 2 17
14 17 77
9 13 58
14 18 13
1 4 53
21 23 63
15 17 37
22 0 4
20 0 28
22 0 62
1 5 13
15 19 31
2 4 24
21 1 38
13 18 23
14 18 2
15 18 10
11 14 84
3 6 15
0 2 59
8 12 69
20 23 39
21 2 75
4 8 62
5 8 61
19 21 79
5 8 38
11 13 59
23 3 57
14 17 64
12 14 5
1 4 31
6 8 66
15 19 42
16 18 3
12 16 49
1 4 20
19 22 46
16 20 59
12 15 42
17 20 80
19 22 65
15 16 2
18 21 42
14 16 25
4 9 23
8 10 12
5 7 53
1 3 34
13 16 42
10 15 77
12 14 33
8 10 41
5 8 9
0 2 78
12 14 23
4 6 18
3 6 28
19 23 47
15 18 12
11 14 80
3 6 70
17 20 46
22 0 38
0 4 28
8 10 35
4 7 36
15 16 56
5 7 49
22 1 18
21 0 64
23 1 33
4 6 70
8 11 58
23 2 23
18 23 40
4 6 68
1 6 49
5 7 3
13 14 20
11 15 11
1 4 26
22 1 6
20 1 55
14 16 84
8 12 79
17 20 78
8 12 73
17 21 74
23 3 54
11 14 44
14 16 55
13 16 62
2 5 7
20 1 11
19 22 9
7 8 8
17 20 17
10 12 74
4 10 38
1 4 66
2 5 9
23 1 44
