1000 79
73 22 73 68 78 71 23 6 42 29 74 11 48 35 74 77 50 76 79 32 3 32 24 22 65 17 10 20 43 24 69 52 51 2 8 3 20 24 15 60 23 21 41 65 47 39 71 35 71 47 43 37 46 20 77 72 71 53 77 46 10 12 66 2 52 78 62 44 71 18 53 18 38 28 53 39 72 78 74 
2 4 34
23 1 73
14 19 62
6 9 56
2 5 19
0 1 5
1 2 77
17 20 60
18 20 79
14 18 23
21 0 28
0 3 7
10 11 16
8 12 9
10 13 11
0 6 5
2 6 27
18 22 37
13 16 74
16 18 16
3 6 40
13 16 69
12 15 9
2 5 18
6 8 29
5 8 20
4 6 10
1 4 69
8 9 76
7 11 56
10 15 33
20 22 11
13 16 73
17 20 71
22 0 69
9 11 58
14 18 27
23 3 62
10 13 59
14 16 44
6 11 70
4 8 56
7 10 56
14 17 31
13 15 75
9 14 40
16 20 2
18 20 65
13 17 45
20 0 15
8 13 12
13 17 14
20 22 51
4 9 75
18 22 17
21 22 52
22 2 32
14 18 20
8 11 9
22 1 66
2 6 70
3 6 62
10 14 46
2 5 64
12 13 71
20 23 36
19 21 79
20 22 66
9 11 18
6 9 14
8 10 63
8 13 34
10 12 9
2 6 67
2 6 79
5 8 61
4 9 26
22 2 33
10 12 42
1 5 23
0 3 66
19 18 61
3 7 57
3 6 20
8 10 28
9 12 44
7 11 6
0 5 45
16 18 43
4 10 27
20 23 75
3 6 16
10 14 21
8 10 43
4 8 75
11 14 17
4 9 23
7 12 51
17 19 52
5 8 7
8 13 53
1 5 37
22 2 65
12 15 15
15 18 47
2 5 41
21 0 24
23 1 79
10 13 60
19 23 70
21 0 24
4 7 70
10 12 28
16 19 29
10 14 70
15 17 61
15 19 50
18 20 71
20 23 2
6 9 70
21 1 66
22 0 10
7 11 74
18 22 48
16 21 32
14 18 18
14 18 38
6 10 47
23 2 58
15 20 36
14 16 53
5 8 42
2 5 30
18 21 1
6 8 34
16 18 2
4 8 77
1 6 78
3 6 40
5 10 68
10 13 73
2 6 5
22 0 17
0 3 79
4 7 60
0 4 51
1 4 51
16 19 22
11 15 23
20 23 71
11 13 34
21 0 46
15 17 66
16 20 63
12 16 29
8 11 37
4 6 42
1 2 76
20 22 2
7 12 75
10 13 47
12 14 77
5 8 36
1 4 8
19 23 69
6 9 79
16 18 10
12 14 4
19 21 40
19 22 12
3 5 11
21 23 55
5 8 43
14 17 34
20 0 77
5 9 66
11 16 27
15 18 52
15 18 33
8 9 54
11 12 56
9 12 45
19 22 30
4 8 69
12 15 50
8 11 3
19 22 72
1 2 46
10 13 16
2 7 9
15 18 47
16 19 72
22 0 63
11 14 1
0 2 48
20 23 38
2 6 23
4 8 25
13 14 73
23 2 10
11 15 48
10 13 73
23 2 62
12 17 25
11 14 69
23 0 14
9 12 13
18 20 45
15 20 12
8 12 31
10 13 19
8 11 59
0 5 50
10 14 33
18 21 63
21 2 39
10 13 51
13 17 37
20 0 36
10 12 57
2 6 58
2 7 73
2 6 40
19 21 14
16 21 75
13 16 52
16 19 27
5 6 63
7 11 73
8 12 59
4 7 78
22 1 68
2 3 11
17 21 63
6 11 2
7 10 21
13 16 43
10 12 30
14 17 32
17 20 74
3 6 33
9 11 53
13 16 44
3 7 29
0 2 1
23 2 62
21 0 9
18 21 41
22 3 76
6 8 25
16 18 46
3 7 71
18 21 60
0 2 62
9 13 57
7 10 27
17 21 3
8 10 61
20 23 44
22 0 43
15 17 11
17 19 5
19 23 64
21 23 78
17 18 26
8 12 63
17 20 73
8 12 19
18 20 11
4 6 65
3 6 12
22 1 46
23 3 76
13 14 29
1 4 2
15 18 55
2 5 46
15 19 52
8 12 6
12 13 44
6 9 7
22 2 51
18 22 18
7 9 44
21 0 60
22 0 61
1 4 8
17 21 44
3 5 23
11 13 35
10 14 42
13 14 12
20 0 59
11 14 70
0 5 19
1 3 57
15 17 19
8 9 44
6 7 23
17 18 45
11 14 33
3 5 7
10 13 46
20 22 61
14 16 77
15 18 48
23 1 7
2 5 38
11 13 2
15 17 46
16 19 37
23 4 50
4 7 47
14 19 65
22 2 23
3 7 6
5 9 78
8 12 60
20 0 69
6 8 52
5 8 41
12 15 17
22 3 9
20 23 43
7 10 38
4 7 5
8 11 41
2 4 42
11 14 8
10 14 32
10 13 6
7 9 48
18 22 6
10 12 7
15 20 33
13 14 36
22 1 47
1 4 49
0 3 58
15 18 59
16 19 71
10 13 6
10 12 10
22 0 3
10 13 18
16 18 23
0 2 5
9 13 68
14 19 74
17 18 16
2 5 52
0 5 64
16 19 40
17 21 50
9 11 37
22 1 19
1 5 53
11 13 78
18 23 61
9 11 45
21 2 54
9 13 44
9 12 3
4 6 55
3 7 71
12 14 54
19 20 64
10 12 22
1 3 77
8 11 71
9 12 48
12 16 78
15 17 79
2 6 16
10 13 75
10 13 29
1 4 24
6 10 10
17 21 56
3 6 42
17 19 21
19 22 57
13 16 29
4 7 70
18 21 5
6 8 46
2 6 74
15 20 31
16 20 71
19 0 38
10 13 12
19 23 67
3 7 69
2 6 21
17 20 53
8 11 41
11 13 56
6 10 67
23 3 78
4 8 73
3 5 31
15 17 59
7 11 53
17 19 42
23 3 78
8 9 34
23 3 60
17 18 8
21 0 65
4 7 29
18 22 33
9 13 21
6 9 63
5 8 62
5 7 53
14 17 10
19 23 44
15 17 5
13 16 41
16 19 42
16 18 23
10 11 64
17 20 70
13 17 56
15 18 52
6 9 31
20 23 58
22 1 26
12 13 36
21 0 17
4 8 24
11 14 18
2 6 56
14 18 11
17 21 78
1 4 31
1 2 40
20 23 59
17 19 79
18 20 51
20 22 23
2 5 33
19 21 70
5 9 28
12 14 25
18 22 55
5 8 26
2 4 75
22 0 63
14 19 26
4 7 41
8 11 18
8 9 23
10 11 38
20 23 61
4 8 16
23 3 46
4 6 60
15 18 27
4 9 53
15 18 8
19 20 25
16 20 29
16 19 39
2 5 51
6 8 49
13 15 7
3 7 18
6 8 59
10 13 37
13 16 40
17 20 43
16 20 14
15 16 3
19 21 47
7 9 35
19 23 5
11 15 76
14 17 75
23 1 55
17 22 75
7 10 20
23 3 44
7 10 58
10 12 61
0 4 25
0 3 60
17 21 11
12 15 20
5 8 5
0 4 44
7 9 6
23 1 2
2 6 48
10 14 46
22 0 5
1 4 22
21 0 14
2 5 75
4 7 7
14 16 28
22 3 14
22 1 35
21 1 60
21 23 66
10 13 69
2 6 26
22 0 13
0 3 3
18 21 12
2 4 42
21 1 76
21 1 10
4 8 33
14 16 38
14 17 35
16 20 33
4 6 1
21 0 51
22 1 8
6 10 60
4 7 4
6 8 40
13 16 7
0 4 21
5 7 14
5 8 72
12 16 49
23 3 11
2 5 25
19 23 61
6 7 29
2 6 53
15 17 22
1 5 17
5 8 19
11 14 18
1 3 62
16 19 12
0 3 2
5 7 67
11 14 40
4 7 20
12 15 14
1 3 34
16 18 72
9 11 73
14 17 55
20 1 16
0 3 65
10 12 51
18 20 46
17 20 64
5 9 71
6 9 68
8 10 32
23 3 25
10 14 43
17 22 13
12 16 53
20 22 52
1 3 52
4 7 15
17 20 41
16 19 20
8 9 65
7 9 38
22 2 34
22 2 26
7 9 11
22 2 31
7 12 22
15 20 29
12 14 32
13 16 5
10 12 12
3 7 30
20 0 49
6 9 2
7 10 14
18 21 6
4 8 60
0 3 34
11 14 31
23 1 41
4 7 77
13 16 51
0 4 37
11 13 31
6 9 8
3 6 1
16 18 50
2 5 66
12 15 8
13 15 43
9 11 38
11 14 13
11 14 10
3 6 32
16 18 49
15 16 18
15 17 5
18 21 33
15 19 65
0 2 8
12 15 52
11 15 48
16 18 12
13 16 29
8 12 73
20 23 10
4 8 10
19 23 74
14 16 11
15 17 33
5 8 27
20 22 25
16 19 71
9 12 54
16 21 15
5 9 22
21 23 66
20 0 31
12 16 62
21 0 14
10 14 9
7 10 7
10 14 35
2 3 17
0 3 41
17 21 31
23 2 16
7 11 69
15 19 66
11 13 77
6 9 69
22 1 56
16 19 27
11 13 60
8 11 1
21 0 28
17 20 8
14 18 44
23 2 29
7 9 42
6 7 16
2 5 20
19 23 71
14 17 51
4 9 9
3 7 63
15 17 45
8 9 68
23 4 52
19 22 3
22 1 46
12 15 9
16 20 3
3 8 69
3 7 7
6 8 40
21 22 51
3 7 7
21 0 11
1 6 27
4 9 56
4 8 65
20 23 37
14 17 71
13 15 63
11 12 36
15 19 17
17 21 54
1 5 60
16 19 47
11 13 79
16 18 43
13 16 10
3 7 78
12 15 34
8 11 11
15 18 48
15 18 65
20 0 77
3 6 29
22 1 8
20 23 49
0 4 78
7 10 65
2 5 15
23 2 57
9 12 57
10 15 67
12 15 73
23 2 18
4 8 78
6 9 4
19 23 67
20 23 15
11 14 23
15 18 22
15 17 61
22 1 47
0 3 3
9 13 12
22 1 70
19 22 53
21 22 37
1 3 76
21 0 37
6 9 75
17 19 3
22 1 32
14 16 20
14 18 73
4 7 9
19 22 75
11 14 47
7 11 30
1 4 43
20 21 9
10 13 79
22 1 43
7 11 51
15 17 3
22 2 77
4 5 41
14 18 74
13 17 78
13 15 53
7 9 4
16 19 8
16 20 32
9 13 55
15 19 9
1 5 74
20 0 45
20 0 32
6 9 78
19 22 66
22 1 9
20 23 13
23 2 39
1 4 78
2 5 2
0 3 4
4 8 42
3 8 2
0 4 21
13 15 14
0 3 46
12 17 24
16 20 75
1 5 57
19 22 39
14 17 56
10 15 21
12 16 58
4 7 65
2 5 40
10 12 50
17 18 7
18 20 29
23 2 18
2 7 77
7 11 57
16 18 18
12 15 57
6 10 43
18 21 31
18 20 47
7 12 38
2 7 38
13 17 77
11 14 26
22 0 26
6 10 13
21 0 24
16 19 50
2 5 74
3 6 19
18 21 57
3 7 54
22 2 47
17 21 33
23 0 13
7 11 47
10 12 47
23 4 24
21 1 55
7 9 70
16 19 54
0 4 37
11 14 71
23 2 14
5 8 34
4 7 73
1 4 48
18 21 11
6 7 68
20 23 56
2 5 30
7 11 27
18 23 3
5 9 56
11 15 31
16 20 12
23 1 63
18 21 17
18 22 47
13 17 47
19 22 70
6 10 26
4 9 17
17 20 14
6 9 53
8 11 44
15 17 49
13 16 75
0 2 32
2 5 25
18 21 55
15 17 77
6 8 27
18 21 58
2 4 54
13 15 30
0 5 43
12 16 51
13 15 60
20 21 34
17 20 32
9 10 8
9 12 15
7 10 65
8 13 51
0 4 24
21 0 30
21 0 12
17 20 10
17 18 19
2 5 54
0 4 39
4 5 7
23 2 6
6 7 42
13 16 19
4 7 9
9 10 31
21 1 24
16 18 52
23 2 7
21 0 58
22 1 53
3 5 32
1 4 75
16 20 1
3 5 72
15 19 7
0 1 64
15 18 67
4 8 64
11 11 31
13 15 27
0 3 60
13 17 26
21 0 35
3 6 23
8 11 14
8 12 18
4 7 31
11 12 74
1 3 35
14 18 26
15 19 52
23 4 74
7 9 69
17 19 3
2 7 26
0 5 52
23 3 33
9 12 61
1 3 16
8 10 44
13 16 68
2 5 31
17 21 66
9 12 62
1 4 18
3 5 3
21 0 4
17 19 58
18 21 31
3 7 41
6 9 30
13 16 1
15 19 14
4 8 30
18 19 35
16 19 65
5 9 53
13 15 48
1 5 49
11 13 14
22 23 77
13 16 57
4 8 2
18 19 34
12 14 37
10 12 39
19 23 21
7 10 2
17 20 50
12 15 69
10 14 26
1 3 52
5 9 74
1 5 5
18 21 43
12 16 4
16 17 1
2 5 50
21 0 61
2 4 11
21 0 48
19 0 44
3 4 11
6 8 76
10 14 68
14 17 40
7 8 70
6 10 10
3 6 47
22 2 71
21 0 77
16 19 28
8 10 6
6 7 34
9 13 45
4 6 43
1 5 76
17 21 34
13 18 3
0 2 13
12 17 10
11 15 51
2 4 74
4 6 14
3 6 32
8 10 77
18 21 23
6 8 65
3 6 79
8 11 10
3 7 1
7 10 58
9 11 36
11 13 29
7 11 30
8 11 31
19 21 67
11 15 46
15 18 26
12 16 62
7 11 10
3 6 72
17 20 7
22 1 27
14 16 35
8 11 5
3 6 71
11 13 43
4 7 56
22 23 15
19 22 7
12 15 16
7 9 78
8 11 7
6 9 19
21 0 14
18 21 15
17 21 32
22 0 41
0 2 70
5 8 34
18 22 61
17 20 32
14 16 12
3 6 61
2 5 75
16 20 73
6 8 36
22 2 8
17 20 68
10 13 35
1 5 58
10 15 43
5 7 14
13 15 66
12 16 42
