1000 41
9 3 1 15 5 2 19 18 14 7 32 12 34 20 11 21 11 10 13 9 15 30 26 8 36 10 29 29 15 30 38 25 2 4 21 18 23 6 37 26 20 
6 9 21
21 23 14
5 9 13
13 14 28
12 13 41
16 21 24
12 15 18
18 22 35
11 13 41
6 8 27
3 4 3
13 15 41
4 8 28
0 4 39
7 12 27
6 11 34
16 19 40
12 15 5
5 8 9
17 21 14
4 7 27
19 23 6
17 20 25
8 11 14
13 17 8
7 10 25
9 11 35
5 8 33
2 5 9
0 2 7
9 13 7
6 8 10
1 4 2
21 0 39
21 0 34
21 0 38
9 12 24
23 1 26
21 0 21
11 15 11
18 21 15
8 12 21
5 7 9
14 17 40
12 18 15
23 2 25
11 13 27
2 5 1
15 18 8
0 2 33
10 13 22
3 5 2
15 18 1
22 0 13
2 6 22
7 10 37
4 8 3
3 6 37
9 13 2
4 8 15
22 0 15
10 12 26
7 9 36
17 19 9
5 9 11
11 15 31
0 3 1
21 23 29
9 13 24
5 7 23
15 17 7
19 0 4
8 12 9
20 0 31
3 7 31
14 16 20
3 6 33
3 6 1
7 11 34
6 8 35
20 0 21
19 22 9
18 21 15
18 21 2
3 7 33
5 9 14
5 8 24
18 22 17
15 18 37
7 9 31
6 9 36
14 16 35
9 13 2
0 4 2
0 3 10
1 3 32
10 14 5
13 15 32
21 0 33
3 7 20
22 2 35
0 1 34
10 13 12
15 18 11
19 0 26
17 20 7
16 18 41
23 2 29
6 8 32
20 1 9
22 1 8
3 7 20
5 8 11
3 6 7
0 5 32
17 21 1
3 5 6
2 6 32
15 16 32
10 13 16
11 12 10
2 6 38
21 23 34
6 9 33
16 19 6
5 8 38
10 13 2
14 16 1
16 17 9
6 9 36
1 4 38
17 20 15
19 22 41
17 20 26
17 19 36
11 13 30
15 19 30
8 12 8
3 5 24
4 8 39
4 7 18
1 4 21
20 0 15
3 5 19
5 9 27
1 3 14
5 7 11
7 9 15
0 4 12
21 1 4
11 13 22
1 3 35
1 3 16
5 9 40
15 19 41
21 0 15
15 19 31
16 19 8
12 16 25
18 21 40
6 8 15
8 12 10
8 10 23
1 4 14
12 16 31
8 11 1
16 20 33
20 22 32
18 19 3
13 16 2
11 15 13
14 19 41
16 19 18
6 10 41
21 23 3
12 15 3
2 5 17
14 17 13
6 9 11
21 23 29
22 2 40
2 4 40
12 14 14
1 3 1
23 1 12
6 8 41
6 9 25
20 0 1
3 5 27
4 5 5
5 8 36
2 6 3
13 17 35
11 14 7
2 5 10
21 1 1
17 20 3
14 17 16
11 14 7
23 3 34
7 10 9
4 7 35
13 17 35
6 9 5
16 20 14
7 11 30
10 12 7
14 17 36
9 12 28
15 19 11
15 18 39
7 9 41
5 9 31
8 11 24
9 12 32
20 0 8
9 11 2
2 3 39
4 7 4
12 14 13
19 23 24
7 9 7
19 21 18
20 23 29
13 17 9
4 5 15
16 16 3
13 15 41
15 18 17
16 20 37
16 20 19
0 4 2
20 0 21
4 5 11
7 11 29
11 14 19
14 16 12
6 9 9
9 11 34
13 18 19
15 19 28
9 13 31
7 10 34
6 9 21
19 22 27
6 9 33
22 2 3
11 16 21
1 5 24
14 18 34
22 1 34
20 23 26
23 2 5
3 6 6
5 8 40
22 1 14
23 3 29
10 13 26
19 21 23
1 4 34
17 19 13
6 9 14
13 17 26
8 12 41
12 13 20
16 19 21
7 9 20
17 22 39
15 16 22
9 12 37
21 23 4
8 12 29
21 22 29
4 7 27
12 15 14
9 13 31
7 9 28
22 2 38
4 7 15
6 10 27
18 21 15
21 0 22
12 14 24
10 13 26
21 23 22
14 17 3
14 15 7
18 21 26
19 21 25
7 8 15
7 11 2
6 8 40
5 7 23
20 1 25
0 1 29
23 1 18
9 13 22
19 0 23
15 18 17
18 21 14
9 11 33
2 6 1
4 7 10
14 17 37
3 5 32
20 0 28
14 18 1
13 16 11
17 20 1
3 5 7
3 4 28
7 8 11
19 22 39
7 10 19
20 0 14
9 11 41
8 10 29
5 7 4
9 11 31
22 1 32
16 19 12
21 22 16
6 9 13
15 18 9
8 12 13
7 9 3
20 0 17
11 15 34
11 15 34
11 15 34
2 4 17
20 22 15
13 16 37
7 9 11
21 0 14
19 21 12
15 16 25
21 0 3
14 17 28
23 2 35
19 22 22
1 4 33
12 14 34
22 0 17
5 9 11
3 7 1
20 0 12
16 19 9
12 16 26
0 3 36
3 8 4
12 16 15
7 10 29
8 13 40
6 9 36
14 18 37
20 22 38
10 13 40
3 6 25
21 2 33
21 1 35
19 21 20
0 4 2
1 3 2
10 12 32
7 9 17
18 21 40
11 14 25
9 12 8
8 11 10
5 8 15
18 20 32
14 17 17
23 2 30
16 18 16
8 10 35
14 17 29
9 12 24
17 21 28
2 5 4
21 22 11
0 2 22
13 17 33
12 15 30
2 5 37
15 16 26
10 12 6
11 15 41
8 9 4
3 6 30
23 1 10
19 22 10
2 5 34
1 3 23
3 4 20
12 15 15
2 6 16
5 8 40
22 2 16
6 8 9
3 7 2
13 16 39
6 8 23
21 2 4
15 18 40
3 7 4
14 18 29
23 2 28
5 7 37
16 20 32
0 4 27
1 2 20
19 22 34
18 21 4
16 19 21
21 22 21
3 7 4
20 22 5
20 22 40
5 9 30
4 8 5
0 2 10
10 12 5
8 12 27
10 14 22
22 2 1
14 17 34
18 21 23
5 9 22
15 18 9
3 5 12
23 2 41
18 21 4
11 14 24
7 9 29
20 22 6
15 20 18
19 20 6
10 12 1
15 17 1
4 6 34
14 16 16
3 5 38
2 4 22
1 5 9
9 10 11
12 14 14
13 16 21
20 23 22
15 17 30
2 7 36
21 23 36
10 12 34
5 8 12
1 5 22
9 11 31
1 5 10
22 1 8
8 11 16
8 14 38
3 5 7
21 23 21
15 17 9
11 14 10
4 6 38
3 7 3
12 15 34
16 20 38
14 17 13
1 7 4
17 21 34
2 5 10
9 13 24
23 3 27
21 23 27
20 22 10
3 5 15
3 7 39
3 6 3
3 6 36
1 4 32
18 22 14
3 6 11
7 10 25
22 0 28
17 20 33
2 4 25
3 6 41
22 0 17
16 21 27
10 14 27
6 9 25
8 12 8
19 21 20
23 1 26
16 20 19
0 4 5
8 10 1
2 5 3
18 22 37
1 4 36
3 6 28
16 21 39
17 20 3
10 12 22
22 1 37
19 22 34
2 2 29
6 10 39
5 9 15
3 5 20
4 8 4
11 15 3
21 0 9
4 6 5
8 11 21
6 10 26
17 20 23
11 12 34
21 23 31
12 14 12
11 13 25
12 16 17
8 11 33
6 9 8
3 6 19
11 14 20
8 10 1
21 23 36
10 12 28
20 22 12
5 7 6
5 7 40
5 9 38
3 4 31
2 6 26
3 6 13
13 17 15
13 18 30
5 10 21
12 15 10
2 5 37
10 13 1
9 13 21
13 17 39
4 8 28
13 16 16
4 7 32
19 22 16
13 16 36
9 11 32
2 7 32
9 11 37
11 13 26
11 15 24
23 2 28
22 1 13
23 4 33
21 1 25
11 14 21
14 16 21
20 0 41
15 17 27
15 18 38
17 21 15
7 10 34
7 11 12
6 8 6
9 12 36
15 17 25
23 1 7
17 19 28
1 5 2
12 15 25
22 1 12
20 22 24
16 20 39
5 8 9
23 2 30
11 14 33
7 9 5
8 9 8
21 1 38
11 12 9
3 5 21
16 19 30
8 9 33
23 4 8
19 22 26
2 4 13
3 7 14
8 12 19
17 20 25
13 16 3
9 13 27
20 0 12
12 14 28
19 22 31
1 3 30
13 16 21
14 17 33
8 12 29
6 11 4
20 22 19
4 6 3
19 23 5
4 8 34
17 22 8
4 8 20
20 22 36
17 20 31
19 22 34
19 23 12
0 4 5
11 16 8
0 4 14
19 22 37
1 6 23
6 8 1
17 20 4
13 16 26
6 8 41
22 1 15
19 21 18
9 12 26
22 1 3
5 10 27
22 2 34
20 22 19
14 16 22
2 6 26
23 5 21
2 7 27
16 18 39
12 15 17
12 15 34
9 12 15
15 19 19
12 16 2
15 19 32
11 14 22
6 8 18
2 6 36
9 10 19
19 22 4
21 1 22
23 3 25
10 12 39
4 6 38
9 12 26
23 0 33
7 10 36
5 8 33
1 3 3
16 20 1
23 2 27
14 15 32
7 9 17
9 12 15
13 16 10
23 2 36
7 11 17
2 4 2
16 18 33
4 6 37
19 23 18
15 17 15
16 19 3
20 0 6
6 10 22
23 1 3
20 23 1
22 0 2
8 11 4
23 2 11
7 8 20
15 18 29
22 2 24
9 11 40
4 7 10
17 20 14
0 2 19
9 13 23
18 22 39
3 6 29
18 22 9
16 17 14
3 7 25
10 12 35
5 8 37
22 1 40
10 11 27
21 23 11
1 5 13
6 8 23
17 20 28
13 15 28
10 15 8
23 1 11
3 5 14
17 22 4
11 13 3
7 11 33
5 8 20
12 15 13
9 13 37
4 8 33
0 1 35
1 3 34
6 10 37
9 12 3
22 2 14
18 21 23
8 10 8
17 20 16
16 21 19
11 14 29
12 15 35
21 0 32
10 15 41
2 6 31
18 22 33
13 16 24
16 17 33
16 20 18
3 6 19
0 4 36
5 8 3
13 17 13
16 18 35
21 22 3
4 6 18
22 0 29
12 13 17
17 21 12
18 20 16
20 23 22
8 10 37
12 16 21
19 21 11
0 3 5
19 0 31
11 13 6
13 17 32
11 14 40
6 11 6
3 7 17
15 16 4
13 15 22
14 16 9
0 2 2
3 8 28
22 1 7
15 18 34
2 4 9
12 15 18
1 5 27
23 3 37
15 18 5
14 15 12
16 19 13
11 14 3
13 16 20
20 22 39
8 10 12
10 13 24
4 5 16
15 21 2
6 9 33
4 6 14
15 18 32
13 16 12
4 8 1
2 4 32
10 15 31
14 18 5
1 3 28
8 10 22
4 9 19
13 15 33
17 21 13
5 8 30
23 2 1
1 5 19
18 20 27
22 1 8
3 6 40
2 3 18
10 14 39
3 7 4
8 10 12
20 23 2
4 8 35
13 17 35
7 9 8
4 6 22
5 9 22
0 2 7
10 13 21
9 11 28
11 14 13
10 13 22
17 20 20
20 22 25
21 0 23
8 12 4
12 14 12
8 10 16
22 2 30
23 3 32
0 2 26
0 2 34
7 10 14
21 1 3
20 23 33
6 10 34
11 14 39
17 20 38
22 0 3
17 20 21
1 4 6
12 14 8
9 14 33
8 11 31
20 0 21
18 20 16
13 15 30
13 15 32
18 20 38
20 22 15
10 13 27
20 0 40
4 9 1
8 9 9
2 6 37
8 11 41
20 23 38
18 22 22
18 20 34
5 8 13
14 17 30
18 21 27
17 18 13
3 5 19
3 7 21
17 19 41
20 22 29
22 1 22
10 12 22
0 3 18
10 14 2
18 22 17
17 20 28
12 14 33
18 21 4
16 19 21
21 0 36
13 16 31
12 16 3
7 11 39
2 5 18
7 12 1
3 7 15
10 14 5
5 8 41
6 7 20
23 1 22
3 6 25
12 14 6
6 10 19
8 11 13
9 11 3
4 7 21
0 1 2
14 17 40
15 18 23
21 1 15
1 4 41
12 14 41
23 4 24
3 4 31
22 2 37
10 13 37
22 1 22
23 4 25
14 17 23
11 14 28
0 1 18
6 8 25
23 0 22
20 22 37
7 10 32
18 19 21
19 22 5
12 15 14
18 20 36
21 23 19
9 14 38
22 1 15
3 6 27
1 4 10
19 22 10
3 6 20
20 0 24
4 8 5
4 7 30
11 14 22
7 11 1
8 11 29
21 1 19
8 12 9
15 18 33
12 15 26
19 20 32
5 9 32
19 20 18
3 6 13
15 18 11
13 16 37
9 11 31
8 10 15
15 18 7
11 14 16
20 23 3
10 14 5
0 3 26
8 11 6
0 3 27
17 21 16
15 18 6
16 19 14
2 5 34
7 11 27
13 16 24
12 15 8
20 0 20
0 2 18
10 13 36
13 15 3
2 5 32
14 16 26
17 20 35
4 8 37
10 12 29
16 19 19
12 14 28
5 9 2
3 6 3
2 6 8
20 23 36
21 1 6
16 18 13
7 10 41
14 16 3
15 18 18
4 7 15
15 16 10
0 5 22
16 21 11
4 7 41
11 14 26
14 17 23
1 4 2
22 1 36
4 6 35
15 18 36
19 22 1
10 11 17
21 22 16
2 6 39
8 12 39
12 15 11
17 20 13
20 1 6
18 22 7
21 0 18
10 12 21
8 11 40
12 16 28
2 4 1
20 22 25
13 16 16
10 13 9
19 23 11
22 0 27
8 10 15
4 6 21
16 21 18
20 23 6
3 7 12
2 6 9
17 21 40
21 1 39
4 9 22
0 3 30
6 8 5
10 14 41
10 13 24
3 7 10
21 0 40
