1000 58
33 8 48 4 49 34 11 19 2 42 22 4 35 25 53 34 34 24 5 13 23 58 50 51 22 28 14 49 29 57 21 10 32 31 42 54 35 28 42 14 36 57 8 51 46 28 52 36 14 6 58 57 17 7 2 44 44 8 
9 10 6
9 13 26
5 7 32
16 19 53
20 22 14
6 9 11
21 0 13
0 1 49
9 11 30
15 17 40
9 14 9
5 9 39
13 15 13
12 16 52
8 10 51
5 6 24
7 11 8
16 19 34
22 2 15
18 21 31
18 20 14
0 3 9
7 9 24
10 13 7
15 18 47
19 23 57
16 19 15
18 22 42
7 9 54
0 4 16
12 15 25
23 1 49
3 7 50
6 10 16
3 7 4
23 1 23
1 6 41
10 15 52
10 12 43
4 7 12
20 22 12
6 8 40
10 10 12
12 15 15
4 7 22
0 4 8
14 16 42
14 17 48
20 23 33
1 4 9
0 3 8
15 16 50
17 21 17
6 9 27
20 22 18
16 19 36
4 8 39
22 0 7
8 11 44
11 13 38
7 9 55
11 16 54
5 7 7
9 11 29
13 15 27
1 5 44
22 0 2
7 9 28
16 19 44
16 18 48
9 13 19
15 19 33
2 6 19
16 17 12
6 11 4
11 13 3
11 13 3
3 7 52
17 19 45
14 17 44
16 19 53
18 22 11
19 23 31
2 5 14
21 23 9
0 4 55
1 5 2
14 18 53
22 1 33
11 15 5
9 11 14
16 19 32
5 8 45
7 10 37
19 22 56
1 4 25
1 5 51
17 20 6
20 0 27
3 4 54
12 14 52
23 3 11
14 16 24
0 3 58
22 2 26
5 7 28
3 7 11
14 17 34
3 7 26
18 21 28
6 8 8
22 1 8
3 4 56
4 7 1
22 2 38
14 19 29
4 7 19
11 13 47
8 11 55
14 17 14
2 4 9
10 12 4
0 2 14
22 2 27
7 11 21
11 13 22
5 8 7
20 0 3
20 22 42
11 14 14
5 8 49
23 0 36
20 22 57
5 9 6
18 21 48
9 13 54
18 21 9
15 19 3
23 1 18
13 16 4
0 4 42
1 5 50
13 14 46
6 10 25
6 8 3
3 5 25
0 3 8
3 6 41
13 15 47
8 12 30
18 22 23
5 9 57
3 6 31
8 12 1
9 13 46
20 23 26
8 10 52
11 13 24
22 0 21
8 10 54
4 7 20
20 0 24
7 10 55
17 21 41
8 9 31
6 7 58
6 9 22
0 4 31
21 1 18
7 10 44
12 14 14
12 14 15
10 13 7
11 15 58
7 8 49
13 13 39
17 20 24
10 12 12
8 10 13
4 10 30
21 1 22
17 20 29
5 9 7
1 5 33
12 15 28
10 13 23
19 22 55
10 13 6
18 20 43
14 17 18
2 5 31
12 14 57
15 19 48
23 2 10
0 3 54
13 16 49
2 6 21
5 7 36
18 20 46
20 23 5
17 19 7
11 13 57
11 13 9
6 10 20
22 1 15
15 19 44
14 17 28
17 20 19
7 10 10
2 4 36
9 13 36
23 2 45
19 22 51
13 16 19
16 19 6
3 7 24
7 11 28
16 18 14
4 7 54
22 1 53
4 6 20
1 6 1
0 3 29
14 16 2
20 23 43
4 8 55
5 9 49
11 13 54
2 4 33
14 18 1
4 8 41
1 5 13
12 15 20
18 22 18
9 13 29
19 22 12
10 14 18
12 14 3
23 2 50
18 21 41
10 12 28
17 21 14
14 16 5
20 23 15
23 1 32
2 6 25
7 10 7
7 11 56
13 18 37
1 4 49
14 17 45
15 19 11
19 22 49
4 8 34
5 9 5
9 12 38
14 16 17
4 6 25
4 7 36
12 14 12
18 21 39
2 4 49
7 10 58
17 20 22
2 5 31
12 13 11
5 9 18
16 19 3
10 14 56
9 12 23
20 0 41
18 22 27
13 16 23
3 6 53
9 12 54
21 23 35
0 3 12
10 13 9
7 10 2
3 4 39
21 0 48
17 19 33
12 15 27
14 18 32
10 14 35
7 11 14
2 6 6
18 21 47
11 15 25
5 8 18
22 1 2
11 14 21
5 9 3
19 20 14
9 12 20
14 14 21
10 13 57
9 12 24
23 2 21
12 16 1
3 6 15
11 14 28
2 5 35
12 16 58
19 22 14
12 15 44
21 23 52
16 20 20
9 10 13
7 10 47
15 17 28
17 20 39
20 0 42
15 19 34
13 15 17
17 20 26
6 9 42
20 0 35
0 3 5
23 2 54
9 12 29
10 12 39
11 13 35
14 18 49
19 21 17
1 5 42
18 22 6
17 19 55
13 17 46
1 6 34
6 9 2
1 3 6
9 13 57
15 20 23
11 13 9
5 10 1
6 9 19
7 9 56
9 13 25
7 10 29
14 15 19
23 2 54
3 7 23
20 22 47
14 16 24
14 16 1
0 2 5
8 10 19
3 8 26
7 10 58
19 23 43
19 21 10
11 15 43
22 3 39
3 8 15
18 21 54
5 8 21
3 6 30
15 19 28
14 18 56
14 16 24
11 15 26
4 8 11
14 17 16
11 12 19
3 7 34
0 3 15
8 10 42
22 3 31
23 4 27
8 11 47
20 23 31
6 9 52
2 6 18
12 15 23
10 13 42
17 22 32
23 2 46
2 7 52
2 6 16
16 20 7
8 11 51
12 15 10
8 12 48
12 14 45
11 13 28
4 7 43
18 20 53
22 2 47
14 18 6
8 11 51
23 2 15
8 11 4
10 13 34
6 9 8
12 15 39
10 13 16
5 7 10
5 9 48
0 2 49
19 22 44
21 23 8
18 20 44
22 0 22
17 21 46
6 8 56
9 13 15
14 17 9
13 16 7
8 11 31
22 23 46
18 21 6
7 9 47
19 21 31
1 6 20
15 20 22
9 13 56
20 0 43
10 13 34
1 2 41
23 1 12
3 6 43
0 3 28
4 8 4
9 12 46
8 11 54
17 19 18
22 0 20
1 4 50
8 10 39
5 9 56
14 16 25
8 11 56
7 10 15
19 22 22
18 20 28
4 7 57
16 19 56
23 0 51
15 18 4
23 1 41
17 20 44
2 6 54
23 2 33
18 20 20
5 8 27
3 5 2
22 1 27
5 8 31
3 7 10
5 7 32
22 0 9
10 13 40
11 13 40
17 19 28
4 7 26
16 21 38
10 15 26
12 16 58
6 10 7
1 5 21
1 3 24
18 20 12
11 15 56
13 17 11
2 6 9
4 7 49
12 14 46
1 3 58
22 1 2
2 5 46
4 6 24
23 1 23
1 4 57
10 13 53
13 16 54
17 20 25
12 13 32
6 11 1
3 5 4
16 18 28
13 17 49
9 12 30
8 10 29
16 18 56
18 22 5
19 0 44
3 7 42
6 10 51
22 0 52
8 11 22
13 17 1
11 15 16
19 22 29
10 13 22
19 21 58
8 10 5
20 23 56
0 4 18
7 11 34
5 6 1
19 22 54
8 11 22
14 17 58
12 16 13
5 7 9
9 13 7
17 20 32
11 13 14
4 7 58
6 9 37
10 14 30
17 19 4
1 4 7
3 5 38
12 14 3
14 17 9
5 5 12
15 16 26
20 22 25
14 18 49
15 18 40
8 11 9
20 23 31
2 6 35
22 2 4
7 11 55
10 14 11
12 15 42
16 15 12
6 11 48
0 2 1
12 16 6
5 7 19
4 8 24
14 17 6
6 9 5
15 19 17
16 20 56
14 17 37
9 13 32
6 9 42
18 22 28
23 2 32
0 2 48
18 20 13
0 3 19
15 18 5
16 19 45
2 6 35
23 2 20
3 7 17
14 17 52
1 4 56
22 2 9
12 15 18
5 8 24
19 22 58
14 18 46
9 11 33
13 19 39
9 14 40
11 14 54
4 7 35
17 19 1
5 9 45
17 22 24
7 10 19
5 8 51
9 12 46
15 19 31
18 20 28
18 21 33
22 2 51
23 2 3
17 20 45
19 22 58
9 13 58
19 21 19
19 21 39
3 6 8
2 6 35
0 3 50
7 11 1
5 7 27
23 1 11
8 12 56
10 13 28
7 11 10
15 17 4
13 16 36
18 20 54
6 11 13
0 5 44
14 15 30
7 11 10
22 1 58
14 19 25
5 9 49
10 12 52
14 17 41
4 6 37
15 18 35
11 13 47
3 8 34
22 0 53
5 7 53
7 11 15
6 10 6
13 18 23
21 0 20
6 10 28
0 2 57
13 18 4
17 20 8
9 12 31
18 21 19
20 23 18
20 22 47
18 21 22
22 23 23
7 11 4
15 18 39
15 19 7
3 4 55
12 16 23
7 11 46
20 23 25
2 6 38
3 6 10
19 20 38
14 16 27
10 13 5
10 15 25
5 8 3
23 2 45
10 13 38
16 18 24
15 17 42
3 6 1
20 0 52
9 11 37
5 8 9
12 15 54
23 2 18
0 2 10
23 2 15
20 21 17
6 7 14
7 12 10
21 1 1
17 18 9
4 8 7
12 15 49
13 14 47
6 10 20
14 17 28
2 5 28
9 13 25
1 4 52
2 5 18
7 9 53
16 18 34
5 10 47
1 3 40
14 16 24
18 20 7
1 5 16
1 3 8
11 13 8
11 15 29
14 18 43
0 3 58
18 21 58
19 23 31
5 8 37
22 1 55
4 7 58
11 14 27
9 13 8
7 11 57
13 14 12
16 19 15
15 18 16
4 8 50
20 21 12
14 16 25
6 9 8
23 3 4
3 4 27
9 13 55
6 9 25
22 1 8
17 21 37
18 22 34
3 5 41
18 21 52
6 8 1
13 17 24
1 5 16
19 22 28
13 14 31
12 14 45
21 0 21
9 12 30
4 7 41
20 23 5
10 13 53
0 3 46
12 14 51
4 8 24
18 20 9
11 15 45
16 18 42
22 1 9
4 8 23
3 6 54
22 2 42
1 2 46
18 20 34
15 17 1
20 23 25
10 14 43
22 3 40
6 8 12
1 4 36
5 7 6
14 17 27
6 10 7
17 20 29
7 11 29
17 19 4
3 5 40
6 10 44
23 1 13
11 14 17
22 3 41
11 15 4
5 9 5
11 14 42
16 18 43
16 18 5
3 4 29
4 6 23
0 2 24
2 5 53
5 9 34
17 19 34
20 23 40
4 8 20
12 13 23
16 18 15
10 14 19
2 4 46
22 0 12
2 6 4
5 8 1
22 0 8
2 5 26
10 14 19
4 5 46
3 6 54
17 18 12
7 10 15
17 22 52
3 7 56
22 2 10
11 14 17
12 14 17
23 2 14
0 3 3
2 4 33
17 18 54
6 10 55
13 15 18
23 1 6
21 23 56
2 6 49
2 5 41
9 11 46
17 21 2
9 11 49
18 18 24
15 18 40
14 15 7
2 5 49
14 17 2
17 19 11
0 5 55
8 12 37
22 1 42
17 20 10
16 19 5
23 3 17
1 4 38
14 17 39
10 13 7
13 16 29
10 14 8
18 20 40
23 2 33
14 16 42
13 16 23
8 10 10
16 18 2
15 18 9
5 7 29
17 20 46
4 8 14
18 20 7
11 15 41
17 21 10
13 16 16
4 7 29
13 14 7
10 12 47
23 1 40
4 6 24
18 22 51
3 7 52
8 11 12
18 22 13
20 0 29
13 16 47
6 9 40
1 3 6
0 4 21
23 3 33
11 14 7
4 7 27
14 17 11
12 15 34
11 13 56
7 10 19
3 6 12
17 20 25
10 13 41
15 19 34
14 16 47
17 21 26
3 7 52
6 9 18
10 13 54
12 16 2
15 17 31
4 9 58
14 17 14
9 12 16
3 3 7
2 5 28
4 8 37
1 3 54
23 3 26
20 22 43
16 19 31
12 14 26
17 20 15
21 23 40
20 23 37
17 21 48
15 20 24
10 16 19
14 17 5
18 21 57
16 19 42
1 5 53
13 16 45
1 5 50
13 15 34
8 11 16
17 21 52
14 19 19
21 1 44
23 2 5
21 0 39
19 0 46
16 20 49
9 11 47
7 11 58
13 17 56
17 21 6
1 3 54
10 13 22
16 20 20
8 9 16
11 14 50
2 3 49
13 17 5
16 19 32
15 17 44
12 16 23
13 16 7
23 1 57
20 23 7
7 10 55
3 5 45
12 14 50
10 12 51
23 2 35
15 19 5
8 13 15
8 12 14
5 7 4
14 17 16
8 12 5
1 4 49
23 3 21
4 6 2
23 1 56
8 12 26
7 9 5
13 16 9
16 20 58
14 17 57
14 17 42
20 21 18
20 23 2
8 9 4
17 20 9
5 7 11
6 8 6
6 11 13
13 19 4
8 11 42
22 0 16
23 1 33
10 11 35
15 19 56
9 13 47
13 16 32
8 11 56
13 16 40
22 0 22
16 19 28
15 18 45
14 17 36
8 10 40
15 17 26
19 22 46
1 4 47
21 23 58
4 6 5
7 10 39
5 6 19
7 12 48
2 7 37
6 9 14
20 23 11
4 8 27
21 0 27
22 4 2
22 2 14
11 15 2
13 14 57
22 2 3
15 18 45
16 19 41
21 23 5
16 18 25
1 3 58
6 8 31
21 0 6
9 12 58
7 11 36
6 9 53
16 18 39
22 0 44
5 8 44
11 16 21
10 12 42
19 22 11
8 13 27
20 22 3
7 11 11
11 15 32
11 13 50
14 16 17
23 2 2
4 7 30
17 20 57
1 5 7
23 1 36
9 12 18
12 16 57
16 19 45
23 2 47
17 20 13
1 4 47
11 13 3
10 13 38
21 23 36
5 8 36
14 17 1
12 13 39
22 1 22
9 12 46
16 19 35
5 8 39
10 14 31
14 18 37
