1000 44
21 40 24 14 5 20 22 34 31 44 6 8 23 21 17 36 12 7 43 10 18 8 3 25 8 24 17 2 16 1 21 24 9 43 28 26 6 35 18 11 14 19 2 19 
13 14 32
19 21 15
0 4 26
16 19 19
12 15 4
1 3 34
15 19 15
5 10 11
18 21 3
2 6 21
8 12 39
6 8 16
13 16 6
10 13 8
23 3 1
13 17 20
5 7 22
1 6 14
16 19 23
16 20 1
9 12 10
8 11 44
3 7 12
4 7 36
13 16 18
13 16 44
17 22 42
5 7 17
21 2 15
23 1 1
10 13 42
9 13 21
16 19 43
7 9 10
22 0 4
17 22 28
11 14 24
14 18 12
17 19 34
19 21 32
12 16 18
6 9 10
13 16 24
20 22 30
0 4 3
22 1 35
0 3 20
21 0 17
1 5 5
0 3 26
8 13 32
4 7 36
5 7 32
22 0 13
21 0 30
18 20 27
6 8 4
21 0 20
15 20 12
10 13 3
11 14 1
3 6 34
0 3 35
10 11 38
20 0 35
20 23 7
19 21 18
2 7 15
9 12 41
17 22 43
4 7 23
13 17 4
2 4 3
20 0 22
14 18 9
14 18 8
22 0 26
6 9 3
13 16 43
2 6 27
3 7 31
10 14 23
22 1 4
9 12 20
19 23 28
15 17 3
2 6 29
23 1 14
15 17 16
15 17 18
17 19 14
15 18 16
10 12 25
21 23 19
16 20 15
9 12 10
16 18 9
21 1 35
16 21 26
16 20 4
4 5 8
20 0 35
8 11 30
13 15 2
21 0 42
21 1 36
4 8 23
21 0 19
10 14 22
2 4 3
4 6 19
14 16 34
14 17 30
2 5 23
6 9 43
21 1 27
10 12 44
2 6 44
1 3 30
16 18 39
9 12 13
23 2 12
5 8 7
21 1 24
20 0 33
1 4 23
15 18 34
8 12 21
9 14 15
10 12 24
17 19 13
9 13 38
16 19 6
4 8 37
9 13 8
9 13 6
19 21 34
14 19 38
8 12 8
19 20 41
16 19 6
23 3 16
20 23 43
12 15 20
12 15 36
11 14 10
15 17 6
22 1 29
2 5 22
13 18 5
11 13 6
6 9 12
5 8 11
15 20 12
8 10 38
3 6 27
6 9 4
12 13 38
21 23 7
0 3 44
14 16 43
22 0 18
3 7 36
9 13 21
2 6 33
17 19 16
4 9 29
17 22 17
23 2 28
22 1 11
3 7 43
14 19 25
20 0 4
18 19 16
3 8 4
5 9 44
18 21 28
0 3 38
23 1 8
2 6 28
0 2 3
13 15 33
21 0 35
21 0 32
5 8 43
22 2 16
9 12 38
21 2 11
19 21 37
11 15 32
14 17 34
3 6 27
14 15 41
13 16 28
22 1 8
22 3 5
8 11 14
17 18 10
18 22 28
23 2 17
8 13 3
21 0 13
9 12 4
18 21 43
3 6 6
17 20 7
22 1 8
20 0 12
5 8 15
22 2 32
5 8 17
9 12 30
20 0 1
10 14 14
0 3 4
3 7 34
7 10 23
11 14 15
22 1 12
21 23 2
2 4 21
3 9 41
9 11 6
7 10 3
7 11 41
1 4 18
1 4 18
6 11 16
1 4 35
23 2 42
21 23 24
23 1 21
12 16 36
19 22 36
17 22 30
15 18 32
16 19 29
21 22 2
3 5 18
7 10 42
2 5 1
15 17 18
0 3 5
22 2 30
18 23 32
15 18 3
22 1 22
7 10 41
5 7 43
6 8 34
3 6 35
10 12 26
5 8 31
3 7 19
9 12 27
20 0 13
11 14 39
3 6 34
13 15 22
5 9 10
23 0 35
6 9 16
8 10 39
4 8 23
3 5 16
23 1 13
10 11 26
1 5 13
3 6 42
22 2 18
15 17 21
8 10 13
14 17 2
18 21 42
19 23 18
5 8 44
20 0 23
23 2 39
20 0 6
21 0 2
6 10 19
4 6 24
18 23 37
17 22 32
14 16 32
19 0 19
14 17 17
4 8 32
2 6 5
12 15 22
18 21 25
13 16 13
9 11 28
18 20 8
13 14 34
11 12 22
1 3 23
21 23 18
18 21 37
9 13 23
6 9 14
22 0 25
6 10 38
21 0 40
9 12 33
6 7 2
15 19 5
2 5 2
2 5 22
1 3 41
22 3 3
6 9 8
14 17 6
23 4 17
22 3 9
13 17 3
23 1 13
20 1 6
5 9 10
15 18 41
4 6 20
13 16 22
20 23 17
22 2 30
5 8 33
12 14 25
1 5 3
7 12 7
7 10 34
4 8 6
11 14 4
14 16 18
11 15 41
3 6 24
21 1 1
12 15 3
3 6 14
13 15 35
5 9 35
21 0 20
8 11 3
1 3 17
22 1 15
14 19 3
12 16 18
6 9 43
20 0 25
23 2 5
18 22 14
12 15 6
8 10 39
16 19 11
22 1 1
6 8 2
16 20 43
18 22 40
21 0 14
13 16 34
6 8 9
1 6 3
18 21 23
16 20 34
11 14 14
18 20 44
1 5 15
0 4 12
13 16 39
16 19 33
2 4 29
16 17 23
1 4 27
5 9 18
10 12 27
5 9 7
19 21 24
7 10 17
10 15 24
20 23 36
22 3 41
22 0 26
5 7 23
16 18 7
1 5 2
8 11 37
4 8 41
2 5 34
3 6 14
7 9 38
22 2 17
18 19 19
20 23 28
17 20 16
17 19 16
13 16 15
15 20 19
13 16 5
13 16 41
22 1 36
2 5 3
7 10 2
9 12 41
21 0 39
10 14 4
7 10 41
19 0 6
17 20 44
7 10 3
12 16 17
11 14 41
3 6 24
4 8 27
10 13 17
18 22 26
14 17 34
18 20 12
9 13 19
9 13 22
7 10 30
3 5 23
5 6 30
2 6 40
6 9 11
0 5 37
3 6 22
19 21 38
20 22 11
0 4 11
2 6 33
10 15 5
17 18 1
5 7 27
17 20 22
11 16 34
6 10 29
5 9 22
14 18 30
2 4 2
3 8 26
15 18 39
11 15 44
18 21 29
1 4 30
19 23 21
18 21 32
3 6 29
17 21 4
7 11 3
13 16 15
6 11 38
21 23 15
22 3 7
10 14 24
8 10 31
13 16 16
5 7 17
15 18 30
15 16 10
18 20 1
5 7 40
15 16 13
22 1 30
22 2 18
21 0 9
9 12 12
6 8 32
20 0 10
9 13 20
9 9 2
18 20 30
4 6 10
22 1 21
16 19 37
23 1 27
13 14 20
15 17 27
11 14 12
8 11 18
9 13 14
4 9 8
3 5 30
17 20 9
21 23 18
4 6 41
4 7 6
3 5 12
7 10 11
22 0 24
22 0 22
4 8 42
19 22 43
4 10 32
14 18 22
2 5 16
17 20 20
3 4 1
20 23 33
8 11 34
16 17 13
3 6 22
16 19 6
15 18 27
8 11 40
16 18 26
11 15 34
21 2 44
15 18 27
4 9 7
17 19 22
17 20 27
5 7 18
21 23 13
12 13 15
14 18 20
4 8 1
17 20 18
4 7 8
9 11 31
0 4 32
18 19 44
1 2 43
3 6 6
18 22 6
8 11 15
17 19 14
13 15 8
11 13 24
3 5 1
2 5 8
17 20 13
10 12 23
17 21 23
16 21 7
14 17 40
23 4 4
1 6 7
10 13 4
23 1 1
1 4 41
2 6 9
11 15 30
21 1 39
10 11 19
5 7 4
12 14 24
3 6 22
0 2 40
3 8 22
3 8 37
9 12 40
8 11 17
8 10 17
12 15 27
5 8 29
3 7 9
3 8 3
1 5 9
16 21 20
16 19 7
7 10 30
11 16 33
18 21 39
12 16 14
20 22 21
4 5 17
4 8 22
22 1 6
5 9 38
1 4 19
22 2 10
17 19 6
3 6 13
5 8 11
18 19 15
22 2 41
3 5 33
11 15 5
21 1 4
19 22 37
9 13 41
1 2 24
12 14 17
13 16 39
20 1 26
22 1 7
7 9 3
20 0 25
2 6 30
9 12 3
8 12 1
22 1 23
18 19 36
12 15 42
0 4 43
4 9 28
16 17 38
22 3 4
13 17 41
2 6 3
11 14 21
11 14 39
14 18 44
16 20 19
6 9 38
17 22 40
9 11 7
20 23 12
20 23 15
14 18 2
9 13 23
21 21 11
20 23 26
10 13 43
16 20 19
18 22 34
6 10 25
12 16 23
9 12 20
12 15 33
5 9 32
2 4 27
3 7 2
11 14 14
13 16 12
7 10 14
7 10 10
23 1 40
11 16 23
15 17 6
8 12 21
9 13 8
8 11 13
4 9 28
17 18 11
2 5 20
18 21 34
5 9 43
5 8 20
6 10 12
22 1 24
15 19 9
9 12 41
19 22 18
6 9 8
15 19 9
0 5 35
21 22 8
17 21 22
12 13 42
20 22 44
16 19 2
5 7 28
13 16 18
22 1 43
2 6 26
1 3 2
6 12 5
10 13 44
7 11 9
10 14 29
23 3 26
0 2 37
15 19 26
9 10 34
23 1 31
19 22 5
16 19 2
8 10 23
21 1 31
19 0 28
12 16 19
18 21 23
17 20 9
6 8 40
17 20 42
5 9 42
1 3 4
4 7 19
6 10 21
5 9 34
3 6 13
10 13 22
22 1 3
5 7 7
5 7 26
13 17 13
2 4 25
1 6 11
4 5 6
3 6 10
17 21 18
16 19 27
4 8 38
16 19 22
14 16 39
8 11 29
9 11 4
1 4 40
19 23 18
19 0 43
13 15 14
17 20 42
22 2 40
16 18 23
2 6 25
9 13 23
0 1 16
12 16 2
6 8 2
0 3 42
14 17 41
11 16 21
14 18 17
8 11 39
13 16 41
21 0 13
1 2 37
23 3 25
21 0 39
9 13 6
13 17 23
4 8 23
3 7 1
21 22 2
18 21 24
21 0 23
23 2 34
11 15 42
13 15 25
4 7 16
0 3 24
18 20 20
23 3 35
4 8 19
8 9 18
18 21 25
21 0 34
2 6 27
11 14 35
6 9 13
5 8 11
16 19 10
11 13 19
9 12 8
15 17 11
6 9 9
22 1 27
12 17 21
3 5 12
2 6 35
18 21 33
15 18 12
15 17 42
11 15 18
2 7 31
1 3 22
14 18 19
19 22 27
15 17 32
14 17 44
5 8 26
17 21 31
1 5 7
9 14 22
22 0 15
12 16 2
14 17 3
8 11 41
19 0 26
3 6 32
12 17 22
0 3 41
10 15 6
11 14 15
13 15 36
1 4 36
15 18 42
4 9 36
17 20 2
3 6 8
3 7 27
21 1 16
23 2 27
20 21 12
0 2 19
2 6 34
1 5 20
11 15 5
14 17 27
16 20 12
22 1 6
14 15 17
10 10 34
0 2 20
9 11 21
18 22 30
1 4 19
17 21 20
10 13 5
19 22 3
1 3 11
9 12 21
7 11 38
9 12 6
7 9 9
17 20 26
9 11 44
5 10 3
2 5 6
20 23 5
19 21 2
11 14 13
2 4 21
14 18 27
7 9 18
3 5 34
12 15 1
17 20 10
15 18 21
21 0 29
2 3 31
16 17 4
3 4 12
14 17 38
15 18 28
9 11 7
18 19 35
19 23 15
19 22 42
14 17 37
3 4 30
14 16 35
15 18 30
15 17 29
14 18 1
13 15 33
0 2 16
13 17 10
0 3 25
22 0 6
18 20 32
15 18 4
6 10 6
1 4 12
2 6 23
21 1 23
2 3 34
16 18 16
12 15 20
5 6 25
2 5 18
0 4 2
11 15 21
4 6 2
23 2 43
18 20 25
17 22 21
14 16 18
6 9 17
18 22 24
15 18 43
9 11 32
18 22 18
17 21 15
9 12 5
4 8 25
23 3 8
1 3 33
11 14 10
16 18 5
21 3 21
0 4 16
7 10 36
18 21 3
21 0 4
21 0 13
11 14 29
2 5 13
22 1 27
0 3 37
6 11 37
6 9 15
23 3 7
14 17 37
10 13 26
3 5 16
12 14 28
23 3 43
19 21 39
15 18 5
4 8 12
1 3 28
1 5 26
3 5 25
5 10 5
11 13 8
22 1 27
1 4 43
19 21 8
13 16 12
12 14 26
21 1 8
23 4 28
11 15 12
17 20 24
3 7 30
4 7 9
3 8 43
19 0 31
17 18 11
7 13 20
22 3 40
18 22 10
21 1 4
7 10 5
4 6 34
0 4 30
23 2 1
20 23 23
11 13 32
10 12 18
3 6 18
8 11 13
12 13 32
5 8 28
15 16 16
23 2 33
21 23 6
2 6 33
0 3 17
8 11 17
3 7 10
9 12 34
14 18 44
14 17 41
6 9 8
10 11 37
3 6 39
3 5 7
20 1 30
6 9 16
7 11 1
6 8 43
10 11 34
15 18 19
3 7 41
22 23 40
7 12 39
4 6 31
18 21 25
1 4 30
6 11 9
10 14 17
12 16 28
17 21 14
10 11 14
20 22 29
9 13 1
19 23 6
11 15 42
7 10 23
7 10 34
4 7 44
21 0 29
8 11 3
15 18 14
23 2 30
1 4 1
4 7 14
14 17 16
12 14 15
4 6 24
3 6 42
16 20 41
8 12 13
11 13 40
8 12 6
20 23 22
14 16 28
13 14 7
17 20 24
12 14 39
13 18 2
1 3 17
20 0 24
4 8 24
8 9 37
1 5 38
7 9 17
22 0 19
23 1 9
12 15 3
5 9 29
21 1 15
9 11 30
13 16 40
13 16 23
0 3 9
14 17 19
8 11 35
2 4 10
