1000 12
8 12 9 8 10 12 7 2 4 11 7 1 
7 9 9
17 22 11
3 6 4
4 6 9
14 18 2
6 9 7
13 15 5
18 21 11
11 15 1
0 6 6
19 22 8
19 21 7
3 6 7
6 9 7
1 3 2
5 8 12
10 14 1
10 14 1
0 3 2
2 6 3
15 19 9
7 11 11
14 18 6
2 5 2
9 14 3
6 9 2
1 4 7
19 21 2
13 17 10
6 9 4
13 15 9
4 8 2
18 21 3
16 16 5
10 13 9
13 16 3
6 9 6
13 15 9
1 4 3
16 19 12
21 1 4
19 22 12
15 18 10
0 3 10
4 6 12
2 6 8
9 15 12
23 0 8
20 0 3
1 1 3
15 20 7
19 22 9
5 8 6
0 6 11
17 20 3
23 0 9
22 2 3
15 18 3
23 0 3
15 18 6
17 19 5
20 21 2
14 18 2
0 3 1
23 3 11
4 8 4
18 21 1
5 7 7
17 19 11
2 7 7
17 18 10
3 6 10
7 12 11
8 11 6
0 3 10
2 6 9
1 3 6
11 15 4
12 16 5
12 16 7
17 21 11
23 3 3
1 2 12
7 10 1
14 17 6
2 4 9
21 1 1
19 20 6
12 15 12
9 11 1
15 18 12
12 14 2
8 12 4
9 13 2
1 5 7
10 14 4
17 20 8
9 11 12
15 16 10
8 12 10
21 0 2
13 16 5
10 11 9
23 1 4
8 13 1
4 8 6
3 6 2
13 16 6
23 2 12
11 14 10
19 22 3
13 15 7
4 8 3
23 3 12
21 23 6
9 12 9
13 17 10
19 22 3
22 1 6
2 5 7
10 13 3
9 10 10
21 0 2
1 4 6
9 12 4
12 16 12
4 6 8
23 3 6
22 1 5
5 8 8
20 1 4
15 18 5
8 10 12
9 11 1
8 11 11
18 20 4
0 2 12
16 20 7
14 16 2
22 2 4
6 9 5
22 2 2
19 1 4
5 8 11
17 20 8
15 17 9
6 9 2
21 1 10
0 3 1
10 13 12
7 10 2
13 16 10
19 22 7
0 3 6
17 21 6
3 6 2
0 3 4
22 0 3
1 5 1
16 19 11
3 4 3
22 2 9
17 20 6
12 15 1
15 20 6
11 14 4
7 8 6
11 13 11
4 8 4
0 3 2
21 0 9
1 5 10
2 4 2
21 23 9
1 5 6
11 13 5
14 16 5
0 3 8
10 13 1
6 8 1
10 12 7
9 12 3
13 16 11
7 11 7
23 1 9
5 10 6
18 23 11
7 10 3
1 5 3
22 0 5
19 23 2
2 4 2
0 3 8
3 6 2
14 17 3
23 2 1
8 11 10
21 23 7
18 21 10
1 5 7
1 6 4
4 7 5
10 14 11
9 11 11
2 5 7
11 14 8
0 4 12
9 14 9
10 11 10
19 22 2
18 21 3
6 8 7
7 10 5
5 10 12
5 8 3
23 3 2
17 20 5
5 7 2
0 2 11
2 6 2
10 13 1
17 19 8
13 17 8
12 14 6
1 4 10
4 8 4
15 19 2
9 13 12
10 11 6
13 17 12
15 18 6
12 15 6
6 8 6
11 13 8
5 7 7
6 8 11
13 14 4
22 3 3
22 1 4
6 12 6
20 23 5
9 12 1
14 18 4
4 7 10
16 20 9
2 4 10
14 16 5
17 21 8
0 3 2
21 0 6
3 7 6
14 16 7
9 12 5
7 9 12
16 20 7
2 6 2
3 6 9
0 3 1
6 9 9
12 14 3
18 19 3
23 0 2
9 11 1
13 17 10
7 8 6
11 13 9
15 18 3
12 15 4
2 6 12
17 19 1
11 14 1
13 17 1
17 19 1
8 12 11
6 9 2
2 5 9
3 3 12
14 16 12
18 22 11
14 18 2
4 7 11
10 13 10
4 6 5
16 21 10
14 18 3
14 17 5
18 19 6
21 23 10
20 0 1
13 15 4
7 9 3
17 19 1
23 3 9
6 9 8
18 21 7
13 17 11
8 11 8
16 18 4
8 11 6
4 6 8
3 4 1
2 7 8
16 19 11
6 10 11
20 22 2
19 21 10
23 0 1
9 13 8
21 1 7
7 11 11
11 14 11
22 0 10
16 19 1
19 22 6
21 0 11
9 12 11
17 20 9
12 16 11
0 4 7
5 7 9
6 7 3
4 8 12
0 3 1
15 18 7
6 8 5
9 11 6
5 7 12
13 17 2
22 0 10
7 10 2
20 23 2
23 3 12
21 1 3
0 2 8
4 8 9
8 11 3
3 7 1
8 13 5
13 17 5
15 17 12
19 20 8
9 12 7
11 14 6
21 0 7
9 12 10
19 20 3
9 12 4
17 19 8
6 9 7
22 1 2
13 16 6
9 11 8
10 13 5
15 18 10
21 0 11
4 8 12
15 19 12
3 6 11
3 7 5
4 7 10
5 8 10
11 16 7
20 23 2
15 19 1
1 5 11
19 23 12
18 20 2
19 22 9
20 1 4
7 12 4
9 14 11
5 8 1
7 11 3
0 4 9
16 19 8
20 23 1
5 6 4
12 15 8
7 9 8
14 17 10
14 17 12
2 5 6
11 14 1
5 8 4
15 18 8
8 12 1
5 9 9
3 5 8
19 22 7
20 1 3
17 19 12
7 9 6
20 23 12
9 12 2
6 9 4
17 21 3
8 12 7
12 16 3
1 2 4
12 13 3
6 11 12
20 23 7
22 2 12
1 3 12
9 12 2
4 7 2
7 10 9
3 6 2
23 3 2
16 19 12
4 8 10
8 10 6
23 2 5
12 16 10
22 1 12
5 8 9
10 11 8
16 18 8
0 4 2
21 1 9
3 6 12
21 0 2
15 19 2
15 18 6
6 8 11
1 2 11
3 6 3
6 7 8
19 23 12
2 4 9
11 14 2
1 5 3
8 12 12
15 16 6
11 15 9
7 9 12
7 10 9
11 12 8
12 16 2
2 4 5
2 3 1
11 15 9
7 9 9
19 21 5
12 15 4
20 22 8
1 3 8
16 18 4
6 9 2
3 5 5
10 13 4
18 20 9
12 15 7
12 16 6
14 17 3
10 13 9
5 6 12
7 10 7
3 7 1
21 22 8
19 23 3
17 19 9
20 1 7
19 0 9
18 20 11
1 4 11
6 7 6
23 1 4
12 16 9
21 1 12
14 19 6
23 3 1
22 2 2
8 13 12
14 18 4
17 22 4
20 0 8
4 8 9
2 6 9
20 23 1
17 19 12
13 15 4
22 1 12
17 20 9
23 2 7
11 15 7
11 14 12
15 18 5
14 18 11
22 1 10
21 2 10
10 12 1
17 20 11
5 8 11
10 13 11
11 16 11
14 17 2
21 0 12
2 6 8
14 17 2
7 9 11
8 11 10
0 4 6
6 8 5
17 19 7
16 21 10
20 0 8
23 4 10
19 22 7
14 15 9
17 19 11
18 22 6
3 7 1
7 13 4
6 9 11
10 12 7
13 17 1
9 10 12
7 10 11
8 11 9
13 16 11
21 23 7
16 18 7
5 8 4
10 13 5
7 10 8
3 9 6
15 20 2
3 7 3
15 18 1
20 0 2
20 23 5
19 20 12
17 20 5
9 13 10
17 21 9
6 10 5
9 13 6
15 18 3
21 1 2
2 7 8
21 23 1
11 13 11
1 2 4
10 14 11
9 13 8
15 17 8
0 4 2
17 21 3
23 3 10
8 11 8
8 11 1
4 8 3
3 5 11
21 23 2
16 20 9
22 2 1
22 2 6
8 8 7
1 3 1
23 3 7
2 3 4
16 19 7
20 1 6
11 14 2
8 12 7
12 16 3
12 13 12
4 8 3
23 1 8
20 23 8
22 1 10
6 7 10
12 16 11
9 10 9
4 7 9
21 1 12
1 4 3
4 8 8
12 14 11
20 23 1
4 8 1
4 6 10
1 4 10
21 1 4
11 13 6
17 21 6
10 13 5
5 7 2
19 21 7
18 22 10
3 7 10
20 0 5
14 16 4
7 10 6
16 19 12
19 21 1
19 22 3
14 18 7
21 23 5
14 16 11
19 21 11
17 20 7
7 10 1
12 15 1
1 3 3
2 6 3
4 7 5
18 21 5
0 4 9
8 9 2
5 9 5
11 13 1
0 3 11
14 17 11
20 22 6
8 12 2
19 22 3
18 21 9
13 15 4
19 20 11
10 14 10
14 17 5
9 13 1
23 4 12
0 2 1
17 19 12
18 22 6
6 9 9
3 6 9
6 10 7
12 14 7
0 2 8
9 12 2
4 6 9
20 23 2
17 20 10
4 7 9
5 8 6
19 21 5
3 6 8
7 11 5
5 8 6
6 11 4
18 22 9
22 22 9
14 17 11
20 21 2
13 14 12
22 0 9
22 2 1
4 7 8
16 19 12
1 4 7
0 4 11
16 19 11
9 10 3
20 23 12
0 4 8
6 8 1
1 4 2
21 0 4
3 5 12
3 6 9
14 18 6
19 22 4
20 0 6
21 23 4
14 19 1
9 11 6
9 13 10
17 19 3
14 18 3
3 6 5
11 16 3
8 11 2
3 7 11
17 18 10
2 5 4
20 1 1
10 13 2
4 6 1
22 23 8
2 5 3
6 10 11
19 23 10
23 4 1
16 19 8
2 4 2
6 9 5
21 23 3
23 2 6
10 14 3
21 1 4
2 6 10
9 12 6
20 23 2
5 7 4
6 9 8
23 3 9
0 2 1
0 2 7
11 15 11
2 4 1
12 16 1
2 7 2
11 14 12
22 2 5
1 3 10
22 0 7
18 21 9
2 5 10
6 9 11
4 6 5
22 1 8
19 23 12
2 4 7
4 7 2
12 14 6
15 17 4
12 17 8
19 1 3
13 16 10
18 22 3
19 0 7
14 16 4
9 11 6
9 15 3
12 17 6
9 12 9
6 9 3
22 0 12
18 22 8
9 11 12
5 7 9
1 4 3
3 7 6
22 2 7
20 22 4
3 5 2
13 15 8
19 23 12
9 12 1
1 3 1
10 13 7
13 16 3
11 13 1
14 19 7
2 6 9
16 20 4
1 4 7
1 4 9
22 0 9
17 21 6
0 3 10
12 15 6
9 13 4
11 15 7
14 17 1
9 13 5
3 6 10
9 12 6
20 0 4
13 16 10
17 20 6
4 6 7
21 0 1
18 19 8
4 7 2
6 9 7
18 21 7
3 6 3
5 6 12
10 14 3
7 11 9
7 8 1
4 8 7
16 20 11
6 10 7
0 3 12
17 20 12
8 12 3
15 18 8
21 0 4
14 18 4
4 8 11
21 23 10
14 15 10
21 22 9
8 10 8
0 3 9
18 22 9
7 9 3
0 2 9
2 7 12
9 12 6
2 7 4
14 16 7
17 20 1
5 8 8
3 5 8
18 21 10
7 10 7
13 14 4
4 6 6
7 9 3
19 22 6
13 16 3
3 5 3
9 11 3
4 5 11
16 20 12
7 9 7
16 19 11
6 11 12
12 15 3
22 23 9
12 15 8
6 9 5
7 10 6
23 3 4
10 14 10
0 3 3
2 5 6
5 7 1
19 21 5
1 4 11
23 3 2
15 18 3
14 16 7
9 13 2
20 23 9
12 16 2
14 16 8
3 6 10
1 4 3
4 7 3
2 6 1
3 6 6
16 19 8
8 13 9
17 21 7
10 15 9
22 1 2
2 6 8
1 4 12
23 2 5
12 15 1
19 23 12
23 1 7
15 18 4
7 10 9
8 11 1
1 5 1
11 14 12
19 21 8
17 22 1
5 8 9
22 1 3
7 11 8
7 9 2
5 8 11
1 4 9
17 21 10
16 19 5
20 23 8
18 22 5
1 6 2
5 7 12
9 13 12
0 3 7
2 3 12
10 12 2
18 21 2
4 7 6
6 9 11
4 8 5
11 14 11
16 19 10
17 20 2
19 23 9
20 23 11
9 12 9
21 23 11
0 2 9
3 6 1
15 19 10
15 17 12
11 15 1
0 3 11
21 0 1
9 12 12
15 18 10
9 13 2
1 4 1
15 18 2
7 10 5
13 17 9
7 10 12
20 0 7
4 7 12
11 14 7
2 4 5
13 16 11
0 4 6
1 3 4
0 3 9
3 4 3
7 9 6
16 18 3
6 10 1
4 6 9
6 10 5
13 17 10
10 12 11
4 8 12
5 9 10
18 20 9
10 12 2
21 0 2
16 18 12
11 15 11
1 4 4
9 10 3
19 19 9
9 10 5
5 9 11
21 22 5
17 18 8
23 1 5
21 1 1
19 22 12
7 11 3
17 21 4
6 8 10
5 8 6
2 6 3
18 22 9
20 22 4
7 11 8
1 4 10
20 0 2
16 19 11
17 21 11
17 20 9
2 6 8
6 9 9
21 2 1
5 9 1
7 10 12
21 1 9
22 0 3
8 12 9
7 10 8
14 17 8
16 19 6
7 10 12
9 11 8
19 23 12
8 9 3
23 1 11
21 23 3
18 20 12
0 2 6
14 17 2
20 23 3
9 12 1
2 7 11
8 10 7
19 22 11
13 15 4
23 1 7
15 19 10
14 18 10
11 13 11
20 23 8
19 23 6
1 4 12
15 17 2
8 9 2
11 14 7
12 13 9
20 23 3
2 5 10
4 6 8
19 23 8
10 12 2
3 5 2
16 18 6
7 11 7
12 17 11
14 18 4
4 7 6
10 13 3
0 3 9
5 7 5
17 22 4
2 5 6
4 7 6
9 12 4
