1000 61
31 44 46 24 50 46 29 10 13 36 44 53 22 39 43 56 54 33 50 8 48 49 35 61 56 25 13 47 32 41 46 19 29 34 57 17 47 49 53 7 44 42 2 26 20 37 56 6 27 51 2 17 23 8 61 44 24 19 3 4 15 
14 17 53
19 20 29
10 13 41
19 23 10
7 10 32
12 15 33
23 3 20
0 4 45
13 15 1
11 13 5
15 17 13
13 17 52
19 1 28
4 7 37
6 7 7
14 16 20
11 16 46
17 19 12
7 10 48
4 6 28
15 16 21
20 23 49
16 17 55
19 23 23
17 19 46
15 18 16
19 22 18
3 6 16
5 6 8
19 22 24
0 2 54
18 20 12
2 6 37
23 1 6
7 9 17
9 13 14
18 20 35
11 13 51
0 3 53
3 5 16
15 17 16
5 9 38
10 14 20
4 8 2
16 19 9
0 3 39
11 13 18
21 23 2
2 6 30
8 12 50
22 0 58
3 5 16
21 0 34
20 22 22
11 14 24
20 23 26
21 22 17
20 23 21
10 13 41
20 22 43
5 10 1
12 14 56
2 6 10
3 8 32
10 12 35
16 20 17
10 13 42
23 3 36
6 9 47
5 8 12
19 21 6
19 23 16
9 12 49
3 4 10
11 13 24
21 0 30
20 22 40
16 20 41
0 3 14
2 6 30
11 12 28
22 1 9
14 17 28
23 2 41
21 0 43
14 17 42
23 2 12
4 7 44
12 15 7
17 19 10
13 15 13
6 10 33
0 1 36
22 23 60
22 1 40
22 2 44
21 2 31
3 6 54
12 15 33
12 16 38
1 3 3
10 12 3
22 2 40
15 17 37
8 9 8
0 1 50
10 13 18
18 22 15
6 10 39
21 23 30
7 12 46
0 2 16
10 12 36
6 9 20
10 15 41
20 0 29
17 19 50
5 8 56
5 7 34
8 12 5
20 1 47
21 23 36
18 22 41
6 9 47
4 7 38
19 21 41
21 23 13
2 5 46
15 18 55
1 5 37
1 4 31
13 17 19
18 22 27
3 7 14
23 1 25
10 14 57
7 12 38
19 21 5
0 3 36
12 16 39
13 15 56
14 17 43
22 1 53
1 5 5
11 16 24
16 19 56
19 0 28
4 8 54
19 21 21
5 8 6
21 23 14
0 2 48
8 11 15
20 22 34
12 13 48
3 5 31
16 18 59
7 10 54
10 14 59
20 22 32
18 22 10
19 21 2
11 13 11
10 12 17
5 9 46
12 16 55
8 12 30
12 16 54
19 22 36
16 19 45
16 20 24
22 0 34
21 23 43
3 6 12
7 13 32
12 13 12
2 5 14
22 0 56
17 21 59
9 12 42
2 5 21
19 23 30
10 13 30
2 4 27
14 15 3
13 17 37
20 0 41
8 10 4
9 11 17
5 6 40
8 12 58
1 5 2
5 8 46
11 13 18
16 19 39
6 9 23
17 21 33
10 13 35
2 5 40
11 15 60
15 18 44
3 6 43
1 3 51
4 7 45
8 12 55
10 13 10
5 8 16
14 19 51
16 18 47
5 9 4
7 9 44
5 8 2
7 9 24
14 17 4
16 20 22
14 18 20
17 20 60
19 22 54
21 23 3
9 14 60
12 16 52
7 9 25
10 14 38
15 19 51
17 21 10
2 6 40
2 5 46
9 12 22
6 9 14
23 2 12
2 6 60
15 18 13
16 19 7
21 0 38
13 16 5
9 12 6
9 10 22
18 18 2
21 0 51
19 22 3
21 23 51
4 7 41
1 5 49
11 13 12
1 4 7
17 20 40
17 21 13
0 4 11
11 14 33
5 9 42
7 9 31
21 0 6
0 5 32
23 1 59
1 3 60
23 4 12
22 2 30
1 5 5
21 0 15
12 15 38
3 6 3
20 0 15
7 11 8
11 15 39
1 4 10
21 22 4
19 23 17
10 13 57
3 5 9
18 19 56
8 11 59
5 8 58
4 7 17
7 11 4
1 5 35
4 8 33
12 17 16
3 5 14
23 1 19
18 19 54
13 15 34
20 23 51
19 22 28
11 14 52
11 12 14
14 18 44
8 9 26
3 6 23
12 15 9
8 11 4
5 8 61
6 10 27
11 12 10
13 15 3
6 10 8
14 18 42
19 22 40
3 5 58
20 23 29
4 7 8
22 1 3
6 9 7
18 21 24
8 8 39
20 22 37
8 12 7
22 1 49
12 14 54
17 20 47
1 5 33
16 19 12
19 23 49
8 10 21
10 14 36
17 20 15
1 4 19
5 6 8
19 21 15
10 14 45
1 3 45
23 1 40
6 8 49
12 13 60
11 12 37
20 22 52
5 9 20
19 23 26
7 10 13
6 10 45
3 5 43
11 15 46
2 5 44
9 13 40
15 19 49
20 23 50
16 20 46
9 14 59
13 16 24
17 20 49
18 21 24
17 20 34
17 22 4
2 4 21
22 0 5
17 21 38
14 17 6
20 23 45
15 17 42
7 11 14
0 3 20
2 6 5
11 13 32
2 4 7
2 5 42
21 1 22
17 20 32
1 4 16
4 7 53
3 7 41
16 20 16
17 20 25
17 18 9
14 18 57
5 8 1
23 2 39
2 5 22
15 18 30
6 8 58
11 13 20
8 11 16
9 12 2
3 6 38
11 16 16
1 4 21
17 19 2
18 20 34
20 23 41
1 3 42
10 12 13
13 18 41
5 7 59
21 0 29
17 21 52
13 15 6
21 23 28
2 7 60
16 19 34
8 10 25
10 11 10
19 23 43
14 20 51
5 7 52
17 18 49
12 15 39
4 8 29
21 0 36
23 2 38
11 14 42
6 8 34
21 0 56
14 17 4
17 18 10
4 9 20
5 7 33
1 3 9
12 16 11
8 13 31
18 18 61
5 9 13
15 19 45
17 20 56
16 20 1
21 23 17
6 10 47
5 6 13
11 14 2
5 8 20
19 0 59
2 5 31
14 16 10
18 21 2
20 0 19
4 9 18
17 21 45
4 8 53
21 0 10
16 18 61
5 8 4
20 1 61
1 4 7
17 21 44
21 23 27
4 7 40
9 11 50
9 10 39
23 3 55
3 7 3
16 17 20
13 17 53
4 7 1
5 9 15
12 15 40
5 7 19
21 1 61
2 4 30
20 23 45
11 14 2
4 8 55
20 0 24
12 17 15
23 1 20
12 12 10
16 17 32
2 5 24
1 6 36
17 20 58
16 22 47
12 15 21
20 23 61
16 21 60
13 16 3
18 20 56
18 21 22
18 19 1
23 1 61
12 13 18
17 20 35
0 2 9
2 5 57
4 6 37
2 7 42
5 8 4
20 23 61
2 4 7
19 23 3
6 8 22
0 4 12
10 12 3
7 10 24
8 12 52
1 2 40
10 13 31
5 9 48
13 17 35
10 11 29
3 6 26
10 14 28
5 7 46
2 4 47
18 21 43
4 7 59
3 7 16
13 18 7
6 10 41
16 21 55
8 11 12
13 16 48
14 17 3
10 12 19
21 0 50
12 16 38
0 3 43
20 0 20
23 2 7
22 1 54
1 4 19
13 15 53
20 22 43
21 1 43
20 0 51
22 3 24
9 11 30
18 21 30
11 14 22
1 6 54
15 18 7
15 17 48
9 13 40
6 9 45
20 23 52
2 6 51
20 0 15
2 7 2
11 13 8
20 23 24
18 20 59
6 10 39
14 17 4
4 7 16
12 15 51
14 16 20
1 4 51
1 2 55
19 22 56
22 0 57
22 3 4
5 7 25
5 6 4
13 15 9
3 7 23
12 15 11
4 9 24
16 18 35
8 11 21
4 6 28
2 6 50
16 20 9
22 23 38
11 15 41
8 9 45
1 3 7
21 0 5
2 5 20
11 15 14
10 16 16
17 21 6
21 0 60
3 5 1
17 21 48
19 21 59
8 12 31
3 5 49
23 3 31
14 18 59
7 10 44
3 7 8
4 7 17
21 1 25
3 4 16
8 11 9
18 22 56
17 21 61
12 15 5
10 13 42
10 15 10
22 0 23
16 20 11
8 11 19
10 13 21
4 7 9
9 13 10
2 4 49
10 13 21
20 0 11
10 14 56
21 0 34
19 21 3
11 13 42
17 20 8
12 16 46
14 19 58
6 10 21
12 15 22
2 6 23
20 0 47
3 5 48
17 20 56
10 11 35
21 0 49
3 6 13
13 15 46
10 13 13
1 5 18
4 8 10
0 2 45
4 7 43
7 9 12
18 22 43
16 20 1
12 15 8
15 15 3
5 7 53
14 17 58
13 17 6
11 15 49
18 21 35
2 6 11
17 20 19
17 19 58
2 6 50
13 16 57
10 14 7
6 10 6
2 5 21
21 1 25
23 0 7
14 19 36
20 23 47
1 4 20
6 8 50
12 17 46
17 20 45
10 12 7
7 10 5
16 20 31
1 2 28
23 2 25
12 16 13
1 4 52
10 12 37
11 15 58
7 13 45
18 20 28
23 2 42
11 15 8
18 23 22
15 18 30
10 12 19
6 9 60
19 22 18
8 10 39
7 10 50
17 21 8
0 3 41
4 8 18
21 23 46
2 3 50
22 2 40
19 22 52
16 20 14
22 2 21
10 11 28
0 5 42
12 14 39
7 9 43
4 8 12
0 4 31
8 12 12
4 7 23
15 17 13
2 5 10
5 8 7
21 23 27
16 18 43
2 5 50
5 9 58
7 10 14
11 14 10
13 15 20
13 15 28
18 21 32
22 0 40
10 14 52
11 13 12
18 20 39
16 18 2
17 22 4
12 15 11
15 20 13
14 18 56
5 7 11
4 7 7
2 5 26
15 18 6
15 18 48
8 11 49
3 7 40
5 9 3
4 7 31
8 11 33
3 7 29
9 11 20
23 4 23
21 1 5
16 18 21
11 14 47
21 1 35
14 15 19
13 16 57
20 23 18
5 8 24
16 17 7
21 0 10
2 6 6
20 21 52
3 6 20
6 9 19
1 5 40
6 10 2
4 9 46
1 3 53
19 21 43
0 2 52
22 0 3
4 5 16
8 10 9
11 16 8
9 13 46
6 7 47
6 8 57
22 0 61
18 22 18
10 11 29
21 23 6
7 10 14
11 14 32
20 0 10
5 6 48
0 2 27
11 13 18
5 8 51
13 16 8
12 15 35
13 15 7
10 15 40
2 6 52
23 1 12
8 11 42
21 1 35
6 9 14
5 8 3
5 9 54
22 1 54
23 3 35
13 16 41
6 10 49
12 14 12
22 0 3
5 8 34
21 23 13
11 15 37
19 22 7
0 3 23
2 5 28
12 15 40
8 12 53
14 16 19
3 5 47
3 5 54
11 14 13
0 2 8
11 16 5
15 18 4
14 16 40
22 0 11
15 17 41
10 13 5
16 17 14
0 3 56
16 20 29
14 16 14
22 1 43
17 20 36
13 17 1
11 16 61
15 17 43
1 3 27
20 23 41
14 17 24
13 14 48
7 9 60
15 18 12
9 12 37
8 11 22
1 2 45
19 21 54
8 12 27
22 1 54
8 12 11
23 1 10
20 0 48
9 13 41
13 18 12
3 7 40
15 19 18
2 5 31
5 7 15
4 9 45
10 12 49
14 19 59
9 12 35
9 14 21
1 5 4
6 10 57
1 3 13
1 5 45
20 0 37
5 8 59
8 11 44
6 10 5
4 4 38
9 12 60
22 0 46
19 21 52
12 15 28
20 21 39
7 10 15
15 18 56
20 23 18
12 14 20
5 8 24
2 5 55
4 8 46
13 17 27
17 20 17
4 8 17
1 4 31
23 2 28
17 19 14
5 9 49
3 6 54
14 17 2
8 11 37
8 11 28
5 8 3
8 12 18
5 9 56
7 10 3
0 5 31
22 0 56
6 9 30
1 4 45
6 7 24
17 20 8
21 0 38
12 16 50
9 13 19
12 14 26
23 1 53
8 11 12
7 9 54
4 9 15
2 4 6
12 14 22
5 8 16
10 12 5
11 13 14
14 17 61
6 9 50
3 5 29
18 22 27
5 9 5
18 23 51
4 5 3
11 14 24
12 17 6
2 6 9
7 9 2
12 14 48
6 7 59
16 18 6
15 17 4
0 4 28
17 21 21
0 3 57
18 20 31
22 0 7
2 5 4
16 18 16
17 20 33
13 14 31
15 18 48
22 22 40
8 10 39
17 20 41
2 5 48
18 22 32
21 23 3
20 22 36
9 12 58
13 18 29
10 13 27
16 19 59
0 2 47
8 9 57
3 8 20
6 11 23
22 2 29
22 1 42
6 10 44
23 2 40
12 14 20
5 8 22
23 2 54
9 12 37
7 11 8
17 20 19
7 8 49
16 19 12
15 20 13
22 1 44
9 12 10
3 7 50
6 9 37
7 10 47
2 4 55
22 0 6
13 16 18
5 8 40
14 17 11
1 5 22
19 23 51
5 9 6
19 20 12
5 9 25
23 4 53
9 12 37
20 21 28
22 1 33
16 18 18
2 4 4
1 6 23
12 14 33
16 19 6
15 18 4
23 2 48
7 8 45
2 6 14
1 4 24
5 9 4
9 11 56
12 15 42
16 19 1
7 12 51
19 22 38
2 5 41
13 16 24
5 8 39
18 20 16
23 3 14
7 11 41
1 5 61
14 17 38
23 3 37
19 20 10
5 9 26
3 6 7
10 13 61
1 5 61
2 4 56
20 0 41
5 9 9
5 9 3
19 22 10
5 8 12
0 3 40
0 3 60
1 5 2
2 7 31
22 3 27
21 1 2
21 1 40
6 8 44
18 22 52
18 20 19
17 20 47
2 5 31
20 22 40
22 2 42
6 8 17
9 11 24
9 12 37
22 2 22
4 6 9
23 3 51
12 16 9
20 0 22
8 12 49
12 13 50
9 13 43
