1000 81
38 10 57 39 31 51 70 65 61 51 14 5 27 76 12 78 11 28 26 30 20 54 53 63 46 31 1 81 60 62 33 2 78 50 38 49 16 50 72 30 44 53 81 57 36 51 74 21 17 17 36 59 37 1 54 68 22 30 47 36 77 57 4 2 52 76 49 44 26 44 16 45 77 38 47 40 10 66 1 11 59 
14 16 51
10 12 69
19 22 31
17 21 77
0 3 23
17 21 32
11 13 24
23 2 6
11 15 34
19 0 11
6 8 40
12 15 20
15 18 37
4 6 31
17 20 18
10 12 26
3 6 51
21 0 8
0 2 29
9 13 23
9 11 72
0 4 26
8 12 67
0 4 1
15 18 39
2 6 78
3 6 20
14 18 31
2 4 5
12 13 30
3 7 43
23 2 41
19 23 15
7 10 38
16 19 65
17 20 3
9 12 2
0 2 42
8 11 8
18 20 58
17 19 5
12 15 10
12 17 5
1 4 15
17 21 5
8 10 74
10 12 62
22 0 25
21 1 30
7 10 14
15 19 21
21 0 15
19 20 21
7 7 63
9 12 6
5 7 31
9 12 7
20 0 72
15 17 39
11 15 8
8 13 72
5 10 63
14 16 33
18 20 47
15 16 28
14 16 66
12 13 26
14 18 71
2 4 62
22 1 47
19 21 14
4 8 74
9 12 61
9 12 53
21 0 6
8 13 17
10 15 68
0 2 12
20 0 47
14 17 17
9 13 4
17 22 19
18 22 1
23 2 11
5 9 33
19 21 55
23 1 26
3 4 14
15 19 56
12 15 36
0 3 54
16 18 35
10 12 78
19 22 81
19 22 68
12 14 63
0 5 34
12 15 72
18 20 2
21 2 49
2 5 72
14 16 61
17 21 41
8 11 49
8 10 47
23 3 15
21 0 44
11 16 10
11 14 16
12 15 54
12 16 18
14 16 64
7 11 9
4 8 14
13 17 60
5 8 7
21 0 74
3 6 7
10 12 73
1 4 69
21 1 10
23 2 19
16 18 13
3 6 27
21 23 68
4 8 40
13 18 65
4 6 52
8 11 9
2 4 46
13 15 2
2 5 21
19 22 76
11 14 55
5 7 7
22 1 49
11 15 72
10 15 25
12 13 26
17 20 40
8 11 34
19 23 70
19 21 78
12 13 46
6 9 33
11 14 62
18 21 44
7 12 76
6 8 46
3 6 58
10 12 43
19 22 74
19 21 24
17 21 67
18 22 78
8 11 33
18 21 60
9 11 74
7 10 54
4 9 26
18 22 15
8 11 56
13 15 9
15 17 47
9 12 78
8 11 35
0 4 27
1 3 48
17 22 24
8 9 18
21 0 65
17 19 27
23 2 55
2 5 18
0 4 28
12 15 53
2 4 13
17 20 47
11 15 19
4 6 22
14 17 4
23 3 59
19 23 37
1 5 61
16 17 69
12 15 8
7 9 20
18 22 31
18 20 56
1 5 59
0 4 65
3 5 58
5 8 81
18 20 31
22 1 78
15 17 44
5 9 18
20 21 19
21 1 21
16 19 49
7 9 19
4 7 39
6 10 67
17 19 79
16 20 60
2 5 19
17 20 80
19 23 57
12 16 76
2 4 34
13 16 16
4 6 55
4 7 64
5 8 39
4 7 51
8 10 11
14 17 6
6 11 41
6 9 14
18 22 30
13 15 53
8 13 80
15 17 76
7 10 41
1 5 8
19 22 44
11 13 23
6 9 68
21 22 13
22 1 27
5 10 73
7 10 33
12 15 4
1 4 10
6 11 21
13 15 71
7 8 60
4 7 59
17 20 40
15 19 14
18 22 74
18 21 37
15 16 5
19 22 25
11 17 40
11 15 46
9 11 30
0 3 6
17 19 60
20 22 36
11 14 53
18 22 44
3 6 66
23 1 62
8 10 14
14 19 57
2 5 70
9 13 79
18 20 46
0 1 48
2 4 37
7 9 6
7 10 58
18 22 63
4 6 7
16 18 23
7 9 11
7 9 47
15 18 61
22 1 17
10 14 21
10 12 17
2 3 35
10 12 45
5 7 62
8 12 2
2 5 16
20 23 66
18 20 72
22 1 44
9 13 81
13 15 76
3 8 25
20 22 21
6 10 70
9 11 73
0 3 15
16 20 5
7 9 50
10 13 50
22 0 69
22 1 14
9 13 24
23 2 65
9 12 73
5 9 66
3 5 18
21 23 42
19 23 74
22 0 14
17 21 13
20 23 55
21 0 72
23 2 4
11 15 21
22 1 58
7 10 17
23 1 6
9 12 37
21 0 37
5 5 72
6 8 5
9 11 9
22 2 61
14 17 7
19 22 18
9 12 37
11 14 63
12 15 26
9 12 6
10 13 14
22 22 65
18 21 8
4 8 11
0 2 64
16 18 77
5 9 42
9 12 62
21 23 45
23 1 31
22 2 3
18 23 70
14 19 34
17 21 65
2 5 47
6 8 28
8 11 71
7 9 48
19 22 65
19 0 37
17 21 50
15 19 52
1 4 60
21 23 47
12 14 52
22 2 29
4 7 80
22 0 17
5 9 4
11 14 46
6 9 62
10 13 22
14 15 74
22 1 31
22 1 49
2 5 61
22 0 64
21 0 6
3 6 62
10 14 20
4 9 45
8 13 49
19 0 68
13 15 45
9 11 67
23 1 70
23 1 63
8 11 77
17 22 47
0 2 2
4 8 48
2 4 47
16 19 10
13 17 55
0 3 76
18 23 49
19 22 2
0 3 33
4 8 27
1 5 69
16 20 16
18 21 41
9 12 66
3 6 29
21 23 38
8 13 46
7 11 50
2 6 10
19 22 42
21 0 55
11 15 12
8 12 39
1 4 71
14 18 53
23 4 45
0 2 58
2 4 19
17 20 49
0 4 63
15 19 79
23 2 48
15 19 27
22 2 66
20 23 51
23 1 78
5 7 38
18 22 14
3 6 45
17 21 66
0 3 12
0 3 80
7 11 55
19 23 52
22 1 10
21 0 7
13 15 49
11 13 31
2 5 54
18 22 38
13 16 22
19 23 56
19 23 53
22 3 48
6 9 66
21 0 71
13 15 14
11 13 66
7 11 77
11 13 70
5 8 23
13 16 76
10 13 22
5 8 80
9 12 44
19 20 17
20 0 45
18 21 6
3 8 14
5 6 50
6 8 36
3 4 77
13 16 20
7 9 68
3 6 70
20 0 23
18 21 6
17 19 25
1 3 43
22 1 69
11 15 46
20 21 73
12 15 10
2 5 64
6 11 13
6 8 76
20 23 67
19 22 33
12 14 43
1 3 66
7 11 26
11 15 60
8 12 17
19 20 80
14 17 62
12 13 18
3 6 37
7 11 73
4 8 20
12 15 40
1 4 43
22 2 2
3 7 67
2 6 13
23 3 77
17 18 50
20 0 67
23 2 79
18 20 7
8 11 46
19 22 76
10 13 62
14 16 80
15 19 75
17 20 47
7 9 80
6 8 4
4 7 44
2 5 1
12 16 69
0 2 4
4 6 47
13 15 27
0 4 16
11 13 33
3 5 60
14 17 5
11 15 49
2 4 54
19 0 50
3 5 39
5 8 17
3 7 48
13 17 7
20 22 43
2 6 37
10 10 41
21 2 10
6 9 14
6 8 29
8 11 27
11 14 24
21 22 64
2 5 47
3 5 27
6 9 35
2 4 49
8 12 32
22 1 47
16 17 10
13 15 35
5 8 78
7 10 6
13 15 10
19 22 66
4 7 40
15 18 1
11 14 68
7 10 25
13 16 40
18 20 54
15 18 64
20 22 50
22 0 80
2 7 2
22 0 49
5 7 29
13 17 58
9 13 75
8 12 62
7 10 74
18 22 5
2 5 40
6 9 13
22 3 52
8 12 20
12 14 53
23 3 68
11 12 35
5 8 81
23 2 73
15 17 5
16 19 78
4 6 11
7 9 1
4 5 69
7 11 32
9 12 46
23 2 42
5 8 57
10 12 60
6 10 25
22 2 20
5 6 40
17 20 66
18 20 78
18 21 32
10 13 42
12 15 53
12 15 1
1 5 1
10 12 45
15 17 79
16 21 2
19 21 33
16 20 32
13 16 12
18 20 80
18 21 18
6 11 34
12 16 12
20 23 7
12 16 73
14 17 5
1 4 61
17 18 58
20 0 6
3 6 67
2 4 10
16 19 72
23 3 31
3 5 77
0 1 29
21 1 71
14 17 22
8 11 37
8 12 81
20 22 51
22 0 58
19 23 20
23 2 10
16 19 71
11 14 9
12 14 76
3 6 67
8 11 54
14 18 57
2 5 31
21 1 21
16 21 36
20 23 32
8 12 79
15 18 78
9 13 19
7 9 12
18 21 77
15 18 38
11 14 76
3 6 77
5 8 79
22 23 71
19 23 46
15 18 22
10 13 45
18 20 45
20 23 70
2 5 66
4 7 57
19 22 71
18 21 68
23 3 66
4 5 30
17 19 9
4 5 46
19 22 39
20 1 30
20 23 20
6 9 10
0 3 3
16 19 79
19 22 13
9 13 24
1 5 46
17 20 5
11 15 81
13 17 20
16 20 69
21 1 21
8 11 49
10 13 37
1 4 81
10 13 27
20 23 40
9 11 57
9 11 4
3 4 29
1 5 33
0 1 25
1 5 66
3 6 10
8 10 17
10 12 63
12 14 45
3 8 17
20 21 23
21 2 31
21 0 76
6 9 26
9 12 13
4 9 30
11 15 5
21 1 50
2 5 70
6 10 50
15 17 30
17 22 10
13 16 61
23 3 43
6 9 68
16 18 72
16 17 65
23 3 45
12 17 78
3 6 72
7 9 36
19 0 35
1 4 46
15 17 21
8 9 75
4 7 34
1 3 43
13 17 59
20 23 74
23 3 5
22 2 72
23 1 72
0 3 10
19 21 1
9 14 10
3 5 32
16 19 13
16 19 67
21 0 76
2 3 2
15 19 30
15 16 45
20 23 71
9 12 37
11 13 3
17 19 12
22 23 19
19 23 43
17 20 32
1 3 68
14 17 9
19 22 64
11 12 12
10 12 68
15 19 50
2 6 67
6 9 23
16 21 32
9 11 78
7 11 28
22 1 21
11 13 8
2 4 76
22 1 3
0 6 67
14 17 7
23 3 1
23 1 15
9 13 45
11 16 50
14 17 7
11 12 69
21 0 60
10 14 11
0 3 46
8 10 46
23 2 55
12 15 56
16 19 60
0 5 41
2 4 2
13 16 34
6 9 42
1 6 66
22 0 80
4 7 1
4 7 65
11 11 53
16 19 20
2 5 59
3 8 24
6 9 76
0 3 13
17 20 44
9 11 8
1 6 21
2 4 23
8 11 48
0 3 48
20 20 56
4 7 40
14 16 71
6 9 45
5 8 32
22 0 74
9 12 63
3 5 35
19 23 68
5 9 78
23 2 15
17 20 63
14 19 46
7 11 49
7 9 15
10 14 56
7 11 43
0 4 45
21 23 58
4 6 34
5 8 52
3 7 22
11 15 19
6 9 40
3 6 6
20 22 7
8 11 62
22 0 8
6 8 32
21 1 54
16 17 78
13 17 57
11 15 54
13 16 77
23 4 38
8 10 51
10 12 51
13 16 81
13 17 43
18 19 45
18 20 7
5 9 57
5 9 2
9 13 48
8 10 7
5 8 41
11 13 41
7 12 38
4 6 19
23 2 42
20 23 17
14 16 55
22 1 43
14 17 12
2 6 60
18 22 43
17 22 33
21 0 61
10 13 47
17 20 44
18 22 20
0 1 39
10 12 43
14 17 45
7 9 76
23 2 57
4 6 81
0 3 48
13 16 49
18 20 32
17 19 13
15 19 53
9 14 51
9 13 18
2 2 32
13 16 35
1 5 22
0 4 62
18 22 45
5 8 47
5 8 29
15 17 61
18 20 16
0 3 18
17 19 40
18 20 73
2 6 34
18 21 38
23 3 38
7 10 29
4 5 13
9 13 46
8 9 13
4 7 48
13 14 8
7 9 13
7 11 72
2 5 33
19 22 35
8 11 11
3 6 42
21 0 26
0 3 43
10 13 47
19 23 53
18 20 13
12 15 29
18 20 9
1 3 61
16 20 28
18 23 74
16 17 75
7 10 49
23 2 30
2 3 64
21 1 71
4 7 29
17 21 32
7 10 56
8 11 60
17 19 9
10 11 10
9 11 18
4 6 68
23 2 19
8 11 42
5 9 48
10 15 77
6 7 21
21 23 80
13 16 57
8 11 63
20 22 57
18 22 68
4 8 43
16 18 68
16 19 65
4 7 47
15 16 77
23 2 9
22 2 66
14 17 11
6 9 36
3 6 78
13 18 72
6 9 15
4 8 53
11 13 9
8 11 42
11 15 30
2 4 80
22 23 39
1 2 22
15 17 9
20 22 16
16 19 17
11 14 72
8 8 59
20 0 73
15 17 47
19 0 76
17 19 36
15 18 74
4 5 4
21 0 44
4 9 12
0 3 78
15 17 27
14 16 46
21 0 63
3 6 71
13 17 79
9 12 44
10 13 3
6 10 74
23 3 7
16 19 27
11 14 58
6 10 81
13 17 68
0 2 64
3 5 56
22 0 58
6 8 74
11 15 53
18 20 30
14 17 9
18 20 77
9 12 10
21 2 29
14 16 19
1 4 58
2 5 58
23 3 70
18 21 51
13 17 67
19 23 31
21 1 77
9 13 2
23 2 79
8 12 43
8 12 30
16 20 43
16 18 57
13 15 24
23 2 72
9 12 81
21 0 61
17 20 77
10 12 40
13 16 60
19 22 33
23 2 61
21 1 40
8 12 4
9 12 66
23 3 13
3 7 29
22 2 64
22 0 28
18 22 5
15 17 50
7 11 72
11 14 72
20 0 58
9 13 6
3 7 35
9 13 46
1 4 11
8 12 32
6 8 20
15 18 81
14 17 67
19 23 63
0 2 61
5 6 40
10 13 20
7 9 24
