1000 90
42 66 66 61 61 53 25 69 84 26 54 35 15 42 18 73 9 84 11 12 13 47 37 72 81 2 40 89 25 48 51 18 43 64 71 89 65 43 24 49 90 16 38 25 85 4 49 27 21 15 42 25 74 37 50 32 61 53 46 5 24 41 56 33 47 14 90 27 72 79 43 74 84 89 4 40 42 53 11 55 9 20 11 59 38 50 9 27 22 77 
1 4 65
14 17 30
13 17 20
0 3 81
2 5 29
13 16 57
2 7 35
13 16 1
1 4 13
11 13 36
2 5 51
9 14 9
8 11 79
4 7 19
8 10 22
9 13 43
6 8 69
10 12 40
13 17 52
0 3 67
13 16 77
13 16 29
1 3 58
17 20 72
19 22 62
23 2 40
1 4 52
21 1 61
14 15 1
16 19 88
11 13 27
19 22 30
18 20 43
19 20 50
11 14 27
13 17 80
14 16 63
15 18 85
13 17 17
13 16 89
14 16 29
14 18 82
19 21 41
1 3 36
12 15 6
17 20 23
15 18 47
2 6 78
1 5 71
9 13 17
17 19 56
14 16 72
6 8 26
2 6 13
23 2 72
11 14 62
8 12 79
18 19 87
13 16 39
18 21 27
2 6 66
8 12 70
18 21 70
3 6 37
1 5 48
0 3 77
19 0 46
21 23 35
12 14 58
6 9 41
12 16 69
23 3 38
18 21 79
5 8 88
0 2 82
4 7 40
22 1 31
11 12 20
9 11 63
5 8 74
3 4 86
6 10 40
2 7 54
14 17 42
2 4 53
3 6 75
8 10 34
23 0 77
23 3 41
18 21 58
8 11 39
1 4 65
3 7 11
6 9 63
14 18 42
17 20 15
3 6 12
12 15 54
12 14 25
3 7 59
17 19 58
17 21 2
11 15 23
23 4 17
17 21 88
12 13 53
1 4 11
5 8 49
0 4 9
16 20 83
14 16 67
3 4 47
6 9 67
9 13 83
3 6 39
20 0 68
7 9 60
16 18 83
14 17 14
17 20 67
8 12 72
17 21 67
21 23 81
15 17 16
18 21 85
0 3 64
13 15 57
1 4 79
5 9 20
19 23 84
17 19 85
4 7 74
1 3 48
20 1 4
7 10 90
18 21 45
6 9 83
9 12 49
7 9 24
5 7 67
7 9 3
19 21 21
0 1 84
11 16 51
2 8 20
16 19 41
7 10 51
3 5 15
23 2 3
20 23 85
12 16 14
23 1 7
12 15 26
0 2 52
20 22 17
23 3 30
22 2 79
1 5 35
7 9 29
9 11 15
20 23 33
10 13 23
18 22 30
23 3 17
4 7 82
11 14 14
16 18 41
5 7 18
9 12 27
10 13 14
20 0 43
3 7 73
12 14 9
7 12 87
23 3 71
8 11 1
9 12 49
5 8 35
14 17 60
21 0 26
18 20 17
10 14 78
11 14 56
18 21 60
5 7 3
11 14 63
14 17 45
13 15 84
3 8 61
21 0 48
1 4 12
16 20 34
4 8 32
22 2 68
3 5 83
12 15 3
11 14 5
11 13 81
20 22 10
13 18 37
7 9 68
22 1 17
3 8 65
12 18 34
12 15 43
11 13 18
21 0 14
7 10 90
12 15 46
12 15 23
19 21 18
10 14 9
6 9 15
15 17 71
9 12 75
23 3 59
23 1 20
3 7 77
1 3 13
14 18 20
8 12 49
20 22 10
10 14 90
3 7 12
18 20 42
3 5 87
6 9 22
1 3 19
22 0 66
7 9 30
4 7 7
22 1 72
15 16 48
1 5 90
23 2 47
10 11 58
2 5 47
0 3 13
17 18 17
12 14 48
0 4 50
4 7 13
14 18 65
16 22 4
3 6 37
12 14 3
13 17 77
17 22 70
23 2 87
6 9 66
19 1 39
5 7 14
7 10 29
6 8 25
23 2 52
15 17 72
17 20 63
21 1 46
11 13 12
9 11 83
9 10 58
10 12 89
9 12 21
12 15 18
20 22 36
7 9 35
8 12 62
2 7 32
14 16 3
13 16 81
21 1 87
20 23 79
11 14 88
7 9 5
5 6 8
15 20 23
14 18 55
19 21 37
8 11 12
5 8 14
9 14 11
11 14 50
12 14 64
9 12 64
11 13 76
4 7 32
17 19 8
19 23 13
23 3 32
22 0 63
16 19 70
13 18 32
19 23 69
1 5 76
14 15 75
1 3 13
5 5 10
13 17 13
18 22 74
3 7 50
12 15 82
9 12 67
5 10 80
5 8 31
22 1 13
2 5 17
4 9 73
9 12 53
19 23 70
6 10 48
16 17 84
3 5 87
21 23 77
0 3 14
8 11 78
20 23 56
16 19 26
9 12 85
3 5 59
11 13 5
8 13 55
1 3 69
16 18 33
3 5 5
9 11 58
14 17 40
14 16 36
12 16 23
10 13 66
5 8 8
11 15 71
20 23 88
8 10 12
11 15 81
20 21 80
12 15 85
4 8 63
7 9 55
19 22 27
1 4 63
16 18 34
18 22 28
1 3 1
7 9 31
15 18 81
10 12 61
9 13 86
10 14 45
22 1 3
9 12 40
15 18 33
2 4 26
16 18 7
10 12 44
9 14 64
15 18 47
15 18 24
0 3 52
16 19 19
8 12 13
13 17 27
3 7 29
4 8 32
9 11 14
17 20 3
4 7 62
18 20 34
15 19 20
18 21 47
4 8 16
8 10 64
4 9 86
9 11 20
8 9 10
23 2 15
21 1 44
2 5 79
23 2 77
7 11 88
14 16 46
23 3 55
5 9 18
14 17 88
3 3 39
22 1 89
6 9 47
12 14 36
8 10 55
17 19 87
13 17 49
15 18 74
17 20 5
5 7 1
14 16 61
10 14 2
0 4 64
9 11 52
9 12 87
19 22 12
21 1 19
1 5 47
4 5 32
8 11 8
0 3 6
0 3 80
23 1 45
20 23 86
1 6 9
10 11 89
16 19 16
14 17 21
5 10 54
4 7 23
4 8 48
21 23 80
23 2 73
15 16 13
10 14 2
18 21 6
1 5 52
15 18 19
18 20 34
19 21 4
0 2 39
0 1 9
18 23 15
14 16 32
17 18 62
23 3 6
1 4 76
5 8 36
18 21 83
15 18 6
21 0 56
18 19 63
11 13 30
20 23 84
17 19 71
5 8 2
6 10 19
19 21 81
12 15 47
14 16 14
14 19 90
18 21 66
10 13 34
20 0 87
6 11 74
17 20 59
3 6 66
1 5 72
18 19 25
5 8 89
9 12 23
21 0 8
19 0 31
9 14 6
19 23 46
13 16 36
3 7 45
17 19 17
1 5 89
17 20 64
1 4 64
19 22 86
13 18 77
12 15 61
6 9 15
2 4 77
1 3 82
17 19 29
1 3 85
7 8 27
0 3 47
14 18 58
21 23 21
15 17 43
3 6 71
4 8 71
22 2 33
17 22 4
3 7 74
16 19 52
1 5 90
12 16 71
20 22 87
20 23 15
18 22 81
12 16 81
0 2 86
21 22 3
20 22 45
22 1 77
22 23 82
14 16 52
2 4 27
12 16 29
13 15 75
21 1 37
12 15 22
3 6 56
23 2 5
1 5 58
0 3 87
12 16 25
17 20 6
14 17 46
22 1 85
5 7 55
20 22 51
17 20 60
5 8 9
2 5 66
5 10 84
2 6 5
7 10 25
15 17 64
12 15 31
18 21 90
18 21 37
9 12 87
16 18 35
3 5 59
20 0 23
12 15 34
21 2 25
23 0 49
8 11 12
11 13 50
8 12 52
19 0 70
1 5 68
16 18 54
6 7 39
5 6 26
3 4 73
17 20 85
0 2 12
17 20 84
18 21 38
18 21 2
20 23 50
19 22 68
0 3 27
12 15 39
12 15 72
10 15 31
14 16 74
10 15 4
13 16 68
0 4 26
14 17 70
1 4 85
14 16 43
13 16 11
15 19 20
13 15 26
2 4 56
2 4 49
22 1 79
6 10 83
22 0 72
4 8 48
17 21 76
5 10 1
1 4 27
17 19 2
9 12 2
14 16 57
17 22 67
15 18 7
17 19 74
20 23 28
7 12 78
14 16 82
14 17 64
7 9 79
14 18 55
1 2 16
14 15 21
18 21 77
4 8 81
9 12 88
5 7 5
19 23 54
11 14 82
7 10 16
14 17 70
21 1 69
16 19 22
23 2 3
16 17 73
19 22 58
18 18 18
12 17 80
21 0 38
22 0 76
9 12 86
16 20 15
9 13 30
2 5 83
21 0 43
5 8 59
20 22 54
19 21 53
14 17 1
13 17 57
10 14 44
22 1 84
20 0 89
9 12 20
1 3 36
17 20 6
8 13 20
7 12 15
0 5 57
15 17 49
15 18 59
12 15 39
20 23 61
5 9 14
1 4 64
3 3 28
10 14 38
5 8 66
20 22 25
17 19 27
13 16 53
15 19 43
20 23 3
13 17 54
20 0 34
23 2 81
15 18 89
8 13 18
20 0 29
19 22 84
8 10 55
18 21 80
18 20 77
4 8 68
1 2 49
4 8 72
1 5 17
12 15 65
16 19 37
4 6 78
7 10 20
15 17 64
6 7 43
21 1 83
12 16 64
17 20 21
1 3 9
15 19 5
17 20 81
6 10 22
13 15 80
11 15 18
2 5 74
2 4 59
18 21 58
19 22 87
9 13 78
9 12 60
2 6 13
1 5 30
7 10 60
9 11 32
3 4 63
15 18 28
9 12 49
16 19 77
6 10 87
0 3 27
13 15 26
8 10 22
3 7 43
1 5 33
11 15 70
21 2 20
2 5 37
4 7 65
21 21 35
2 4 67
18 22 21
14 17 74
0 4 52
10 13 57
11 14 89
1 4 87
12 15 25
18 22 19
17 22 33
1 4 67
19 21 16
14 17 54
21 1 30
3 5 74
21 0 58
9 12 20
6 9 85
6 8 87
22 2 62
13 16 33
13 18 51
7 10 49
14 18 4
9 12 53
2 5 72
8 13 80
23 3 24
13 16 57
6 10 60
7 11 33
22 1 88
7 8 55
20 23 58
12 15 72
0 4 58
16 19 14
3 6 9
2 4 29
4 6 21
2 5 63
13 16 55
5 8 71
7 10 75
8 11 13
16 18 89
11 13 56
19 23 65
21 23 87
0 4 55
12 14 67
1 2 1
16 20 52
21 1 73
12 15 25
0 4 33
12 16 85
11 15 7
6 9 24
23 1 22
13 17 14
4 5 23
11 13 40
15 18 18
17 20 35
15 20 59
0 4 49
4 8 78
16 19 9
19 23 63
13 16 33
16 19 9
10 11 87
15 18 13
5 9 47
20 0 85
20 22 54
12 15 87
9 11 88
11 14 37
1 5 83
4 8 74
14 18 56
13 17 26
14 16 55
9 14 77
4 9 37
1 5 31
15 19 20
12 15 18
14 17 56
22 1 48
7 10 20
8 12 67
20 21 79
5 8 68
15 19 28
8 11 74
7 11 79
17 19 31
3 7 69
15 18 54
21 23 4
11 14 15
20 0 28
1 4 8
1 4 10
8 10 86
9 13 6
3 5 68
3 5 41
0 3 66
17 21 66
2 5 56
21 23 16
17 19 52
18 21 4
21 0 2
15 18 9
8 12 5
16 20 74
5 6 38
20 22 18
18 20 30
18 20 75
17 21 16
6 9 51
5 9 88
3 5 18
23 3 35
12 15 46
19 23 44
19 23 16
9 12 87
7 10 23
15 17 73
10 13 31
18 23 11
8 10 17
17 19 6
6 10 3
8 11 50
4 4 80
7 10 63
15 16 87
10 13 3
22 1 21
8 11 59
22 0 21
22 1 8
2 4 20
6 10 86
17 21 37
5 5 18
5 9 77
23 0 40
2 5 81
15 18 66
9 12 40
3 4 11
12 14 76
4 7 70
22 1 39
14 17 53
2 4 42
3 7 1
22 1 23
23 2 28
4 8 21
15 17 37
3 6 80
2 5 54
3 5 51
7 11 78
6 10 22
9 14 64
2 4 20
23 3 66
16 18 61
12 14 46
15 18 3
18 21 10
4 7 83
15 18 64
19 21 59
2 6 10
9 12 42
13 15 22
21 1 32
8 11 76
11 15 29
4 8 49
2 6 64
16 21 47
19 0 8
1 4 51
20 23 81
17 19 36
7 11 19
15 17 74
9 13 57
4 7 81
2 6 67
16 20 53
1 3 53
15 17 68
23 2 84
12 14 58
17 20 21
21 0 42
11 14 49
19 23 36
11 15 43
5 9 4
2 6 73
0 2 36
9 9 64
23 1 74
1 4 38
3 5 27
8 10 87
0 3 28
19 22 27
9 13 5
5 7 8
2 5 76
12 14 49
19 22 35
18 22 7
3 8 33
4 9 84
12 16 10
21 2 21
22 1 42
17 21 54
13 15 76
11 14 81
18 20 4
23 1 63
10 12 88
23 1 41
8 10 80
14 16 83
9 11 52
11 15 37
13 15 22
10 12 76
12 15 44
16 18 31
15 18 85
2 5 60
21 23 85
3 5 27
5 9 83
5 8 62
18 21 78
11 12 89
9 13 72
20 0 45
0 4 48
9 13 81
8 11 56
12 16 41
3 7 30
2 5 20
17 20 62
2 6 46
5 8 32
13 17 42
6 9 63
1 3 57
5 9 66
15 19 29
4 7 77
22 2 17
13 16 39
17 22 82
18 22 19
5 9 89
20 0 35
19 23 60
11 16 19
8 11 84
18 19 81
17 19 83
3 5 9
22 23 86
2 4 46
4 7 46
22 0 17
10 13 26
1 6 73
19 22 74
17 18 11
18 22 59
17 19 59
1 6 21
14 17 83
2 6 7
6 8 51
16 18 39
5 8 12
11 14 6
5 9 57
4 8 81
10 13 86
11 12 90
9 12 7
22 2 81
1 3 11
17 21 18
9 12 22
18 21 72
9 11 17
22 0 23
3 7 84
