1000 11
10 1 6 2 4 5 8 4 2 3 4 
13 16 5
0 3 3
15 20 4
4 8 2
16 18 4
2 4 5
15 16 9
20 23 11
7 9 9
14 16 2
6 9 1
13 17 10
15 18 6
17 21 7
14 19 9
2 6 8
22 0 6
6 10 10
5 8 9
14 16 3
15 16 6
14 19 7
7 9 5
6 9 8
20 23 4
8 10 10
7 11 4
13 16 5
0 3 4
22 0 3
20 0 1
11 12 2
17 20 4
11 14 5
8 11 8
11 16 7
20 22 2
14 18 2
3 7 11
16 17 9
6 11 1
23 2 11
1 5 10
2 5 5
3 6 5
14 17 6
8 10 5
14 17 3
10 14 4
18 22 6
0 4 6
8 12 8
19 22 11
15 19 1
10 15 4
1 3 2
18 20 5
1 4 5
18 20 2
10 13 8
2 7 4
23 2 7
15 20 10
2 5 7
13 16 7
4 8 9
1 3 10
10 14 8
20 1 1
11 14 11
3 5 10
9 13 5
23 3 5
13 15 4
20 0 11
21 1 4
21 23 5
12 13 2
12 16 10
13 15 6
8 10 3
6 8 4
14 16 6
7 11 8
20 23 8
8 12 7
19 22 10
15 19 4
2 5 4
22 3 9
17 22 5
1 5 11
5 9 1
17 19 10
2 3 8
6 9 9
6 9 8
1 5 8
9 12 4
2 4 7
7 12 11
19 23 6
11 15 6
22 0 8
18 22 11
5 7 11
21 0 5
4 6 3
16 18 5
23 4 2
16 18 2
0 3 2
21 2 3
23 1 9
9 13 11
18 20 8
9 13 1
17 20 5
5 8 4
8 12 3
5 6 10
16 19 11
19 23 4
3 6 1
18 21 7
14 17 2
18 22 9
19 22 1
14 17 11
22 0 6
5 8 3
0 3 4
2 6 11
4 7 3
8 11 4
1 4 3
2 6 5
17 22 11
2 5 9
16 18 4
4 7 4
8 11 5
3 5 1
18 21 1
18 21 10
9 13 2
10 13 9
14 17 3
4 8 2
2 4 9
1 4 7
20 0 6
2 4 6
23 2 6
1 3 6
23 3 7
18 20 2
7 9 7
13 16 8
6 7 4
6 9 1
10 13 6
17 21 9
21 1 9
3 5 9
18 21 2
11 14 7
7 9 11
21 1 10
11 14 11
0 6 2
3 6 4
18 21 4
5 7 1
19 21 9
22 2 1
16 19 4
21 1 3
11 14 8
19 22 7
19 21 10
5 8 7
23 2 7
15 18 4
21 23 1
21 0 8
4 6 11
10 13 11
22 2 1
16 18 1
14 16 4
19 22 10
10 13 3
19 23 3
7 10 7
16 18 6
6 10 7
16 18 2
14 18 4
4 7 8
13 16 5
12 16 10
12 14 5
0 3 9
11 14 2
15 18 11
3 6 4
13 15 10
12 15 8
8 12 7
4 8 5
10 14 5
13 19 2
10 12 6
14 16 8
2 4 4
15 19 11
0 1 1
18 21 11
18 21 2
2 5 8
1 5 2
7 9 2
6 9 1
2 5 2
3 9 2
7 10 5
14 18 3
18 20 6
9 12 8
2 4 11
3 7 1
23 4 6
5 9 5
2 6 2
11 16 1
16 19 7
6 10 2
22 0 9
15 19 2
17 19 2
10 14 4
6 9 7
1 5 4
16 18 7
2 5 10
3 6 6
11 15 5
8 12 4
13 19 11
10 13 9
23 3 3
18 22 1
5 7 10
7 9 3
2 5 11
6 9 4
12 17 8
8 10 1
13 17 8
11 16 10
23 2 9
10 14 3
16 18 2
20 23 6
6 9 2
15 18 7
8 11 10
9 12 7
1 5 8
1 4 4
19 0 10
2 6 8
23 2 4
14 18 6
17 20 8
9 13 6
13 16 9
17 20 5
18 22 1
21 0 4
18 22 9
23 2 6
5 9 11
12 15 9
22 1 4
2 4 6
6 10 9
22 1 3
0 2 10
22 1 4
10 13 7
23 2 2
1 4 5
17 20 9
18 21 6
2 5 3
0 1 5
19 21 8
5 8 11
2 4 6
11 14 9
6 10 9
9 11 8
8 12 5
8 11 10
13 16 8
21 1 11
22 1 4
23 3 11
20 22 10
9 12 8
17 21 10
19 21 4
19 0 2
3 6 9
1 4 3
13 18 10
0 4 9
6 8 8
22 0 2
0 2 4
21 3 8
9 13 6
19 21 10
6 9 1
4 7 3
8 11 8
6 10 6
22 0 10
13 17 1
16 19 9
14 17 5
1 3 10
11 14 9
3 6 3
18 20 7
19 21 3
6 7 9
5 7 11
22 1 7
11 13 10
9 11 7
12 16 8
4 6 10
15 19 3
13 14 6
14 16 3
15 17 11
21 0 11
23 3 11
23 1 6
6 11 8
8 11 3
5 8 5
14 15 4
3 6 5
11 15 11
8 12 5
17 19 9
9 14 10
4 7 3
22 2 8
12 13 1
5 7 1
13 16 10
19 23 4
14 19 6
23 3 6
12 16 11
2 4 9
14 15 5
19 20 8
19 20 8
12 14 10
7 9 3
12 14 8
4 5 4
11 15 4
22 0 11
2 4 4
8 9 7
15 18 7
1 4 4
19 20 4
4 7 1
15 19 3
19 22 8
21 23 9
5 9 2
18 21 10
16 18 6
6 9 4
19 21 8
7 11 4
6 9 3
19 22 8
11 14 4
9 11 11
5 9 10
19 22 2
18 21 11
15 17 10
1 1 8
16 20 4
10 12 8
1 4 9
3 5 8
10 13 3
11 13 1
3 7 2
20 22 3
1 4 9
16 20 8
3 7 3
12 14 1
5 10 7
10 12 5
15 18 11
21 0 11
18 22 9
18 23 10
23 2 1
6 8 1
2 6 2
16 19 6
22 3 11
6 9 1
1 4 8
21 2 7
2 4 1
14 16 8
20 2 9
16 20 10
23 2 1
13 15 10
13 15 11
23 3 4
19 23 4
1 5 2
0 3 1
12 14 8
13 16 6
13 18 8
12 16 10
18 22 4
7 11 10
10 14 7
11 13 2
20 0 9
11 14 6
17 20 8
8 10 3
0 3 8
18 19 9
3 6 7
12 14 6
15 18 1
17 20 7
11 16 9
0 3 9
17 20 4
20 23 10
9 11 1
21 23 11
19 22 1
11 14 5
9 13 5
16 19 5
18 21 11
12 14 4
1 2 11
12 15 1
14 19 1
23 2 8
20 1 7
1 4 3
9 12 9
1 4 5
3 9 5
11 13 6
4 7 3
6 9 4
0 3 7
1 3 8
1 3 8
8 11 5
5 8 3
6 8 3
0 3 2
1 3 10
21 1 6
8 13 2
10 13 11
5 7 5
4 7 2
13 18 8
20 0 11
9 13 6
5 8 5
9 10 6
13 14 5
11 14 1
19 22 3
2 6 6
10 13 10
8 9 7
6 9 8
17 19 11
9 12 4
6 9 4
21 22 1
5 10 1
10 12 10
22 23 3
3 6 5
10 14 9
9 11 3
17 18 2
21 22 3
21 22 4
12 15 11
13 16 6
19 21 10
1 4 9
3 6 11
21 23 3
9 11 8
19 23 5
9 13 10
18 19 3
14 17 1
14 17 5
1 5 6
17 19 4
5 9 5
23 3 9
6 8 5
21 2 2
17 19 6
2 5 4
20 23 11
5 8 4
6 7 6
12 14 3
7 9 1
21 0 3
7 10 10
9 12 7
20 21 11
21 1 9
16 20 9
23 2 2
19 23 7
3 6 10
16 21 11
11 13 6
16 19 7
3 5 3
5 10 7
17 19 11
23 3 8
22 2 11
5 9 8
21 0 3
10 14 5
7 8 10
19 22 5
12 15 11
10 13 6
3 5 2
7 11 1
19 21 9
18 21 5
3 5 11
19 23 11
10 15 11
5 7 9
2 4 9
20 23 3
2 6 5
15 17 6
8 11 10
10 12 6
21 0 6
23 2 10
2 5 4
13 17 5
16 18 11
2 3 1
12 12 1
12 16 7
20 0 4
15 19 9
23 2 10
10 13 7
4 8 4
21 21 2
8 10 3
12 16 10
11 13 6
3 6 3
7 9 5
21 1 11
8 13 9
3 7 8
12 15 7
1 3 2
20 21 8
16 18 5
23 0 11
20 23 3
17 20 3
21 23 2
14 18 9
11 13 2
19 0 1
12 15 6
18 20 8
18 18 10
20 23 3
16 18 11
1 4 6
9 12 10
16 18 8
15 16 9
13 18 2
1 3 7
3 6 8
4 7 9
4 8 7
14 15 5
9 13 9
5 6 6
19 22 8
19 22 10
5 8 11
3 7 7
4 7 7
16 19 11
19 21 3
4 8 5
21 0 11
16 19 8
22 1 4
16 20 7
18 22 2
15 19 11
3 7 1
12 16 3
20 22 2
6 9 3
21 2 7
9 12 1
16 19 3
6 9 8
15 18 8
15 18 8
9 11 6
9 12 1
12 14 8
22 23 1
7 7 9
7 10 10
5 9 2
15 19 6
15 19 8
14 17 1
21 0 2
22 3 1
13 14 5
7 10 7
15 18 4
8 11 1
10 13 8
13 15 5
16 19 9
19 22 3
8 12 10
10 11 10
1 2 9
18 19 2
12 15 10
23 1 6
4 7 11
5 9 1
0 2 8
11 14 4
13 16 5
9 13 6
9 13 6
14 14 9
0 4 8
5 7 3
5 8 5
0 3 1
20 23 2
23 1 1
6 9 9
2 6 3
15 17 3
15 18 6
22 1 8
21 0 3
3 7 1
10 12 4
5 10 8
5 7 7
2 7 8
0 3 1
17 22 3
18 21 4
20 23 5
6 10 6
3 5 6
16 21 10
7 10 3
8 9 6
12 14 9
0 2 9
1 4 1
12 13 10
18 20 2
15 18 3
22 1 9
16 20 6
1 4 6
22 23 7
4 8 6
9 13 6
16 17 11
1 4 10
0 2 9
21 0 10
21 22 6
7 11 11
19 21 5
15 17 1
19 22 2
3 5 8
21 0 8
11 14 4
9 13 4
23 1 8
20 22 4
16 18 8
21 0 2
19 22 8
3 7 2
8 10 6
21 0 10
1 4 8
6 8 4
0 1 5
16 20 9
3 6 2
0 3 6
23 2 7
7 9 11
18 20 10
5 9 9
5 9 6
4 9 10
13 17 5
17 18 5
12 15 1
9 13 1
15 17 2
5 9 9
10 13 6
23 2 4
17 20 1
23 3 8
13 18 2
2 6 1
18 21 10
16 19 4
23 2 5
18 21 6
3 5 9
4 5 4
9 11 8
16 20 10
15 18 5
11 14 11
3 6 5
20 23 8
14 17 9
13 17 5
12 15 7
5 7 5
16 19 1
16 18 4
17 18 4
22 3 7
1 4 11
16 19 6
2 7 5
16 19 10
9 12 11
9 13 4
3 5 4
10 13 5
13 16 1
10 13 2
7 9 5
23 1 1
1 4 9
15 16 11
7 12 4
9 15 9
8 13 11
23 2 6
20 23 3
23 2 8
4 7 8
17 18 10
11 13 1
3 4 4
22 0 9
18 20 4
14 16 5
7 10 9
22 0 1
1 4 9
2 6 4
22 1 11
9 13 6
19 23 10
6 8 3
8 10 7
17 21 9
15 18 8
14 16 4
0 3 6
14 15 9
14 17 8
13 16 8
12 15 10
0 3 3
3 8 7
2 6 5
23 2 7
13 14 1
20 23 11
2 5 6
12 16 7
20 21 9
16 19 3
22 2 5
15 19 8
15 18 4
15 20 5
15 20 1
19 23 10
19 20 4
22 1 8
17 19 1
15 18 11
19 22 9
5 7 7
3 6 9
11 15 9
0 3 11
5 8 4
15 18 11
5 9 10
5 4 3
7 9 11
16 19 3
22 22 11
12 17 11
8 12 6
8 10 7
23 2 4
1 3 9
8 12 8
15 18 7
16 18 7
14 19 1
14 18 7
18 20 1
4 8 11
4 7 8
19 22 9
3 6 3
13 15 2
21 1 8
7 11 9
12 13 9
16 19 10
2 5 9
17 21 4
19 23 11
21 0 10
18 21 2
6 11 11
22 3 5
23 1 10
15 18 4
1 3 10
11 14 2
15 18 11
13 15 11
16 20 7
7 11 2
20 23 3
3 6 10
18 21 1
4 6 10
1 4 4
16 20 4
0 4 3
8 12 4
13 15 8
22 2 10
8 11 3
20 23 3
18 21 4
11 11 3
5 9 10
19 21 7
2 5 10
10 13 5
17 20 8
8 12 10
14 16 4
6 8 4
17 20 9
3 6 4
14 18 9
18 23 9
20 23 2
1 4 2
23 3 1
9 12 10
11 14 4
4 7 3
12 16 10
21 23 7
2 2 10
17 22 6
13 16 10
15 19 6
22 1 6
17 20 4
20 22 10
9 12 7
8 9 3
14 16 10
8 10 5
19 22 1
17 20 5
1 4 9
10 13 9
22 23 4
14 17 3
7 12 11
2 6 4
9 13 4
21 22 5
6 8 10
13 15 5
13 16 3
3 6 11
17 21 4
1 4 3
6 10 4
4 7 5
15 16 4
2 3 10
13 17 3
5 8 6
14 17 9
23 4 8
7 10 9
2 5 5
14 14 3
19 22 8
19 22 9
21 23 6
15 18 5
0 3 1
10 12 6
7 9 7
0 1 11
3 7 6
20 0 10
2 5 2
7 11 11
21 1 2
1 4 11
23 3 4
6 11 10
13 16 11
18 20 2
5 8 2
21 23 6
5 9 1
0 4 1
