1000 91
74 63 85 6 44 87 77 32 83 13 67 55 63 10 4 79 32 73 6 8 59 42 57 85 50 26 30 76 82 90 55 40 9 54 86 76 82 87 73 35 66 88 61 73 88 65 21 13 61 68 53 21 65 62 1 28 71 39 6 73 54 31 55 72 49 84 84 28 49 82 61 12 82 58 42 29 39 78 91 75 15 86 52 40 61 40 50 62 1 20 40 
7 10 57
20 0 71
15 20 50
17 21 36
21 0 84
19 21 28
0 3 69
11 14 74
0 2 70
0 5 26
23 1 64
20 23 47
8 12 26
16 19 22
2 6 30
9 12 17
21 2 36
23 1 12
0 5 34
3 6 76
15 19 11
3 5 10
3 5 32
13 16 61
4 8 27
12 15 87
18 21 50
21 0 7
22 2 70
14 17 39
4 8 42
7 10 61
0 4 73
13 15 81
4 6 11
23 2 28
5 8 4
22 1 5
6 7 63
1 5 42
2 4 85
2 6 73
14 15 10
18 21 32
5 8 76
8 11 21
15 18 60
11 13 63
5 9 9
0 3 38
2 5 33
15 19 66
20 23 19
3 5 8
18 21 55
22 3 70
18 21 87
1 5 1
19 21 56
14 15 14
2 4 29
1 4 62
1 5 87
2 5 18
16 19 24
4 8 77
21 23 65
19 23 2
6 8 2
20 22 44
18 20 59
23 1 66
10 13 15
6 9 21
8 9 39
21 0 10
13 15 10
0 1 76
6 10 69
3 6 33
11 14 11
7 11 11
6 7 15
6 10 89
17 20 13
12 14 17
5 8 65
0 2 72
21 1 39
16 19 81
7 11 45
17 19 61
2 5 78
8 13 26
12 14 30
4 5 43
3 5 5
11 15 43
10 12 84
17 20 6
1 3 29
9 11 34
19 21 72
21 1 64
9 12 29
7 10 18
7 9 59
8 11 63
6 8 82
16 19 46
6 11 82
13 15 52
14 17 30
21 0 86
2 6 90
8 11 79
13 15 72
2 5 41
5 7 27
21 2 48
18 20 77
22 2 73
13 16 31
19 21 44
14 16 64
23 2 6
14 18 48
12 15 58
19 22 12
5 9 51
10 11 27
2 6 59
13 17 68
19 22 36
19 23 63
15 20 43
11 15 88
18 21 5
3 7 72
17 19 78
14 17 11
15 18 16
9 12 33
18 19 87
6 8 4
21 1 44
5 8 6
1 2 38
19 22 89
3 6 46
2 7 80
2 5 9
19 21 48
1 5 47
19 22 55
19 22 36
17 20 51
3 5 27
22 22 48
22 1 9
5 9 66
17 20 84
19 23 71
21 22 29
2 5 53
13 17 25
9 13 74
11 14 81
2 5 61
3 6 3
7 11 22
14 18 40
13 15 35
20 23 40
14 16 43
5 8 44
10 13 54
9 14 5
2 4 27
11 11 85
3 6 5
0 5 59
3 6 11
8 10 81
12 14 68
18 21 71
12 14 62
14 18 68
2 6 27
15 18 49
12 14 76
1 2 42
1 2 79
18 22 62
19 23 12
11 14 50
3 7 41
1 3 58
18 22 16
23 3 34
2 5 9
18 21 45
2 6 50
4 7 86
13 16 53
14 16 67
3 7 26
7 11 87
14 16 40
10 13 9
21 0 68
5 7 27
18 21 6
6 9 82
13 17 60
14 17 67
16 18 46
12 15 51
6 9 66
18 20 34
6 9 75
4 6 74
16 20 40
5 7 34
3 6 42
17 20 11
6 9 85
21 0 69
3 6 18
9 13 80
15 20 47
8 11 49
1 3 38
9 11 22
8 11 75
22 1 29
12 16 61
4 7 47
13 17 52
1 4 75
16 19 88
2 4 36
23 0 46
19 23 9
15 19 11
21 1 77
2 4 43
23 2 48
16 18 84
1 4 4
14 18 47
16 21 29
12 14 68
21 23 52
21 22 52
22 22 89
20 0 6
13 16 29
22 3 17
9 13 81
15 19 73
20 23 2
11 14 69
1 6 50
10 12 31
19 21 22
18 23 70
9 12 25
15 19 36
9 12 31
19 21 36
7 12 49
19 22 20
0 4 23
11 14 42
23 2 58
12 14 59
1 5 27
2 5 2
11 15 42
17 19 8
5 5 25
10 13 38
8 13 75
6 10 28
21 23 18
9 11 61
0 2 64
13 16 7
6 6 47
15 19 27
21 2 29
22 22 63
23 2 48
11 14 11
11 14 37
8 11 52
20 23 5
4 6 20
8 10 58
3 7 11
6 9 30
17 20 65
20 23 68
13 16 19
15 19 33
3 6 70
23 2 80
23 2 66
13 16 59
5 9 31
0 3 32
19 0 75
18 21 11
3 6 34
8 11 40
22 2 45
20 0 71
10 11 54
21 0 55
10 12 67
5 7 75
14 16 30
19 22 78
7 11 71
18 21 59
8 11 52
1 4 18
13 16 24
19 20 27
17 19 10
21 23 13
10 14 85
22 2 59
17 20 45
13 17 61
5 9 89
20 23 24
12 15 83
23 4 20
7 9 42
9 13 86
5 6 29
23 3 54
6 10 71
21 0 8
22 2 39
14 19 37
9 12 1
0 2 76
4 8 50
3 5 54
9 11 73
16 20 24
13 16 30
8 11 20
13 17 3
11 13 47
22 1 29
7 11 13
11 14 81
14 17 72
23 2 80
18 23 87
23 1 8
10 14 68
10 14 37
11 14 20
3 5 1
9 12 7
1 3 58
14 17 81
3 5 16
16 22 76
6 8 76
18 21 69
16 19 62
15 18 24
17 19 17
19 21 3
15 20 29
9 11 90
4 6 22
11 12 23
2 5 73
11 15 33
23 1 24
23 1 22
16 19 41
17 22 22
9 13 23
11 15 39
23 3 33
18 21 42
22 2 74
16 18 1
13 15 49
11 13 46
7 10 77
21 23 5
5 7 47
18 21 20
22 1 29
2 4 63
18 22 61
19 21 4
21 2 63
1 3 17
19 22 80
5 9 74
14 17 82
3 5 53
21 1 37
14 16 17
4 8 49
9 13 48
6 11 44
2 5 23
13 16 74
19 0 79
6 7 76
14 16 9
4 6 16
22 2 87
17 19 34
1 4 62
21 23 27
12 12 9
15 19 50
5 8 74
20 0 24
9 11 22
8 12 77
6 8 1
18 21 18
11 13 32
5 8 83
13 16 77
10 14 61
3 6 59
12 14 52
4 8 76
22 1 42
7 9 23
5 9 2
22 0 11
0 4 77
23 3 12
5 9 3
10 13 53
7 10 64
14 16 28
19 23 2
1 6 59
13 16 46
22 2 14
12 13 59
0 3 54
3 4 78
22 3 38
1 5 43
8 9 18
6 8 59
19 21 70
21 23 7
16 20 67
5 8 18
1 5 42
10 12 69
20 23 74
12 15 90
18 20 75
10 14 86
14 18 23
15 18 76
9 12 76
0 4 72
20 23 6
1 3 82
1 5 22
19 21 81
1 5 43
16 19 75
18 20 72
19 20 66
18 22 3
14 17 24
17 19 26
7 10 30
16 20 82
7 11 37
0 2 72
13 14 17
4 10 12
0 4 54
19 22 37
14 17 47
6 9 27
21 0 12
17 19 14
23 1 22
15 18 47
8 11 39
14 19 52
14 17 6
18 20 47
13 16 26
11 12 70
13 15 85
12 15 25
6 9 80
5 9 31
4 7 40
6 9 58
0 2 58
20 22 41
15 19 76
4 8 58
3 7 4
5 7 47
9 11 10
8 10 61
0 1 48
14 18 3
9 13 67
4 8 75
17 20 81
13 15 74
22 2 55
12 16 89
21 0 43
3 6 2
2 6 7
4 9 89
23 2 33
21 23 83
11 15 27
18 21 63
11 14 19
4 8 12
21 23 86
14 18 70
16 19 28
11 13 21
1 5 76
10 14 80
17 20 4
8 11 25
14 18 19
11 14 87
12 16 14
15 18 33
4 4 77
19 0 82
20 22 30
15 17 48
6 9 20
16 19 10
7 8 60
16 17 52
0 3 32
1 6 43
11 13 54
2 6 79
5 8 54
0 2 44
0 3 57
7 13 60
6 9 82
4 6 62
13 16 86
3 7 34
4 6 57
0 4 59
6 7 25
5 8 89
17 20 89
19 21 60
13 15 73
0 3 2
4 7 87
22 2 50
12 14 41
2 5 65
4 5 71
10 12 62
7 9 67
6 9 71
19 21 58
21 0 48
1 3 43
6 9 90
11 14 72
6 9 13
5 8 85
10 14 37
17 19 88
17 20 41
11 14 29
3 5 34
17 20 37
0 4 85
17 19 73
11 14 18
8 10 61
12 14 55
23 1 34
16 18 39
16 20 66
17 20 58
0 4 55
0 3 50
5 8 71
9 14 1
21 23 90
4 6 35
8 13 55
21 2 34
12 14 32
6 9 35
14 17 61
9 13 13
8 11 82
17 22 44
13 15 81
1 3 78
5 6 32
16 19 82
9 12 82
0 3 86
2 5 36
8 12 52
21 1 18
12 14 35
19 23 70
15 19 3
22 1 71
15 17 61
16 20 71
1 5 80
13 16 82
9 15 60
1 5 89
7 10 16
17 21 70
6 10 23
10 11 23
15 17 57
8 11 35
16 19 46
6 9 90
17 20 73
18 21 3
23 2 37
3 7 19
1 4 63
18 21 52
21 23 55
16 19 62
5 8 57
10 12 62
22 2 10
14 15 29
21 1 70
2 6 61
16 18 31
20 23 11
12 14 17
19 21 91
4 7 73
0 4 7
10 14 74
5 6 10
14 17 26
17 19 56
2 4 14
4 8 70
16 21 87
20 0 23
7 12 64
2 8 8
4 7 84
16 19 13
4 7 85
19 0 61
7 9 52
15 19 18
13 16 73
9 11 74
5 9 55
21 23 27
0 3 50
21 23 41
17 20 25
0 2 42
22 3 51
9 12 6
2 5 56
10 12 52
7 10 11
17 18 50
13 14 48
5 9 5
20 1 12
0 3 71
10 14 28
16 20 68
15 18 76
12 15 20
23 3 49
5 7 34
6 8 43
16 18 12
12 16 47
12 15 75
19 23 75
21 1 71
16 19 43
15 19 69
21 0 28
3 5 28
9 12 82
17 22 5
23 3 47
4 7 5
13 18 77
10 13 49
6 9 19
14 15 44
8 11 90
19 22 14
10 13 70
20 22 23
22 2 9
6 9 53
1 4 32
10 12 68
17 21 81
8 11 62
18 21 70
6 9 1
16 19 7
15 18 24
22 2 85
0 3 6
4 6 75
22 2 4
9 13 41
20 22 23
0 3 55
7 9 16
10 13 13
17 19 45
16 21 12
23 2 75
4 7 59
6 9 72
23 2 1
12 15 87
22 1 5
10 14 73
12 15 71
12 13 77
0 1 23
23 2 12
11 15 20
16 19 29
11 15 58
20 23 55
19 23 36
5 9 66
1 4 11
21 1 10
17 19 25
11 14 20
5 8 25
6 9 14
20 22 83
17 20 33
9 11 81
21 0 46
14 17 86
14 17 43
13 18 71
2 6 36
16 20 46
17 21 45
4 7 37
16 19 26
4 6 65
11 12 76
14 16 20
22 2 31
11 14 13
7 11 83
8 11 27
12 16 40
3 6 22
0 2 86
21 1 9
6 9 34
20 23 91
15 16 58
5 8 5
4 6 74
2 6 45
14 18 91
10 14 86
21 23 83
22 0 4
20 22 57
23 2 15
1 3 34
18 23 29
22 1 79
17 20 20
13 14 68
14 16 87
12 15 79
11 13 51
9 14 72
20 23 76
22 2 75
8 12 40
9 11 8
23 2 26
15 18 1
18 20 60
12 14 35
2 4 24
6 10 22
17 21 79
5 8 59
8 11 80
13 16 2
13 15 73
16 18 77
1 5 11
9 11 27
5 7 54
19 21 80
23 0 56
3 5 85
0 3 57
14 18 25
13 15 62
9 12 88
22 2 77
12 16 66
12 16 69
11 14 19
17 19 65
15 17 57
2 4 49
14 16 6
5 7 65
1 4 73
7 11 55
14 17 29
19 22 24
15 16 22
18 23 56
12 14 64
6 10 47
11 13 25
5 7 50
4 8 70
7 10 81
8 10 47
12 16 59
6 10 89
9 12 77
17 20 36
13 16 19
21 1 21
0 3 45
14 17 33
2 6 48
0 2 12
12 14 49
6 9 41
12 15 77
14 16 17
8 10 43
16 19 48
9 13 60
20 23 57
0 2 77
1 5 24
8 12 40
7 11 33
1 3 52
1 4 32
8 12 89
3 5 21
4 6 83
23 0 72
22 0 66
5 7 34
3 8 1
9 12 50
5 9 91
2 7 37
11 14 80
8 12 10
0 4 16
6 8 79
9 11 80
12 14 84
1 5 10
3 7 50
6 8 50
17 21 82
14 16 11
22 0 72
1 2 76
21 0 24
22 1 81
8 11 9
23 23 46
12 16 10
1 5 51
22 0 23
11 14 58
11 15 4
15 18 61
17 20 42
19 23 23
23 3 39
7 12 88
6 8 68
5 7 77
2 5 12
4 6 27
3 6 75
3 6 18
8 12 10
11 16 60
1 7 68
23 2 6
10 14 38
12 16 84
20 23 6
16 21 8
13 17 71
6 7 27
17 18 49
17 19 45
21 0 15
3 5 80
3 5 53
13 16 83
7 10 91
21 23 32
13 16 77
4 7 51
12 15 50
20 1 3
22 23 85
3 8 33
3 5 88
2 5 34
17 23 21
23 3 77
13 17 2
19 23 83
2 6 3
14 17 23
17 21 32
17 20 36
21 1 2
22 1 44
0 2 52
0 3 43
21 0 2
10 13 88
20 21 7
0 4 74
14 16 88
7 9 15
18 22 90
12 15 86
5 8 50
17 19 21
3 6 45
21 0 69
16 19 70
20 0 65
15 18 72
4 6 53
9 10 10
8 12 43
21 23 41
2 5 8
21 1 18
20 23 11
15 19 1
0 3 38
17 19 61
23 2 47
