1000 71
5 65 70 6 65 12 59 9 38 65 7 18 17 16 49 41 52 60 62 41 62 62 35 15 59 37 36 28 50 69 57 34 32 57 23 21 61 12 63 13 20 36 27 66 17 27 48 56 6 5 33 55 42 11 41 7 15 71 60 27 53 3 60 61 35 17 10 45 57 38 68 
10 13 37
4 6 41
8 10 1
23 1 4
22 1 35
15 18 47
17 19 21
6 9 51
5 8 20
7 11 5
3 6 47
21 1 10
7 9 2
0 2 18
9 13 23
1 4 63
2 7 7
9 10 8
9 12 26
11 16 64
17 20 41
21 0 36
4 9 56
6 10 58
21 0 33
0 5 21
17 20 63
1 3 21
8 10 49
12 15 22
20 0 60
14 16 43
3 6 27
16 20 29
20 23 8
18 21 57
13 15 69
13 15 1
16 20 65
11 15 50
9 14 67
13 15 63
0 5 11
7 9 25
12 14 43
19 20 60
6 10 33
19 0 63
4 7 53
19 23 17
16 17 7
5 8 54
0 3 34
20 22 23
15 18 65
14 18 4
23 1 30
23 4 25
9 12 25
13 16 19
10 11 22
19 22 60
15 19 22
6 8 27
21 23 28
7 10 16
12 14 44
2 5 13
13 17 67
16 19 46
1 4 41
4 9 2
2 2 15
2 6 37
2 4 14
19 23 5
0 2 13
3 5 40
16 18 32
4 8 23
6 8 58
7 9 1
9 11 50
21 0 49
0 3 21
17 21 65
8 12 54
14 17 43
8 13 55
9 14 32
3 8 4
14 17 43
22 3 8
0 4 38
11 14 37
20 0 19
10 14 2
18 20 63
2 6 1
18 20 3
21 0 36
5 8 21
8 8 39
13 16 4
6 9 17
14 17 9
16 18 30
20 23 59
20 22 7
0 4 53
18 21 31
20 22 71
3 4 19
5 6 56
1 5 17
13 16 14
0 2 16
17 20 18
6 12 22
7 10 2
22 0 40
12 16 30
1 4 46
7 9 70
9 12 69
9 13 46
14 17 16
7 10 65
18 21 66
18 21 64
3 5 62
21 23 1
1 6 28
15 18 48
7 10 4
7 10 67
3 6 39
21 0 34
0 3 25
3 5 16
19 22 3
9 12 66
2 6 70
2 6 49
3 7 61
19 22 55
11 14 25
22 0 2
16 18 70
17 20 39
6 7 55
8 10 63
17 20 57
1 4 3
17 20 52
6 10 11
16 19 45
5 7 31
23 1 48
22 1 14
9 12 65
14 18 12
14 17 17
14 16 2
2 5 65
18 21 42
21 0 12
20 1 20
3 6 20
20 0 20
21 23 47
17 20 12
13 17 64
21 23 55
9 12 41
19 22 65
0 2 69
23 2 30
1 4 11
2 6 37
7 10 45
23 2 20
16 19 50
13 16 50
6 9 4
1 5 2
11 16 29
3 7 2
15 18 56
21 23 8
20 0 14
18 21 41
9 11 62
13 16 43
22 0 21
4 6 15
21 1 50
15 16 29
13 16 48
4 6 35
10 13 49
14 19 1
11 13 67
19 20 17
19 21 9
11 15 66
12 14 9
16 18 70
23 3 17
18 22 71
19 21 44
21 0 25
6 10 50
18 22 62
18 21 55
2 6 28
14 16 29
23 2 17
8 11 30
5 9 21
7 8 30
9 13 17
17 20 2
1 4 11
12 14 71
10 12 71
7 11 49
17 20 53
12 14 25
23 2 54
1 3 41
13 18 3
10 13 9
2 4 24
11 15 28
8 11 12
2 4 71
23 0 27
8 12 13
20 22 1
3 5 30
6 10 10
9 12 53
6 9 12
4 9 19
16 18 26
2 5 70
19 23 26
2 5 7
8 11 33
18 18 31
4 8 57
12 15 45
2 6 13
0 2 23
17 20 50
21 0 10
13 15 65
3 5 31
17 19 26
9 12 69
3 8 52
1 5 27
10 13 52
21 23 13
15 19 32
16 20 32
1 3 57
11 14 31
2 5 28
17 20 49
19 22 68
23 2 9
23 0 71
1 3 56
10 13 51
12 15 70
11 14 45
19 23 51
4 6 68
8 12 37
15 16 4
19 23 58
7 12 34
12 15 63
5 7 59
19 20 69
20 21 10
5 8 71
13 17 14
11 12 56
1 2 20
12 14 27
20 23 64
8 10 60
21 22 7
18 21 19
7 10 70
23 1 45
21 0 20
1 4 11
10 13 58
0 4 15
0 3 36
0 3 25
17 19 27
10 14 37
11 16 54
2 5 12
18 19 11
8 11 15
1 3 66
23 2 22
2 4 51
11 13 6
20 22 19
21 0 62
4 8 33
7 10 19
12 15 30
7 9 61
15 16 55
4 7 49
4 8 51
11 14 49
15 18 8
22 1 61
8 14 46
23 2 26
4 7 4
4 9 22
17 20 5
0 2 13
18 20 62
14 17 1
13 16 49
17 19 54
13 13 37
4 5 35
21 0 36
5 7 57
21 23 37
23 0 12
23 0 48
9 13 43
1 5 18
7 11 32
1 4 50
11 13 24
3 6 59
7 10 47
11 15 50
8 12 28
21 2 19
0 0 12
15 19 25
15 20 22
22 2 33
14 17 71
12 16 47
13 16 1
23 3 32
17 22 64
13 15 38
8 11 34
14 15 50
23 3 60
16 19 58
1 5 16
2 5 70
5 7 37
9 11 37
22 2 57
3 6 19
16 19 32
20 0 59
21 1 26
6 7 34
9 13 26
8 11 1
8 11 58
9 10 50
16 18 60
7 10 43
1 4 33
8 12 62
7 9 5
7 12 53
23 0 34
18 20 55
6 9 6
0 3 30
17 20 43
17 21 36
17 22 18
18 21 32
15 18 12
7 11 57
16 17 66
23 3 23
21 23 29
7 9 5
14 17 70
12 16 54
9 10 62
9 12 65
20 0 3
15 19 47
20 22 47
11 14 21
2 5 22
11 14 19
7 10 22
6 6 26
7 11 36
13 16 61
11 14 20
8 12 54
21 23 51
21 1 38
4 7 29
7 12 44
17 20 64
11 14 28
6 8 15
4 8 41
23 3 43
4 7 63
11 15 12
0 4 29
7 10 56
14 17 35
9 12 46
19 23 53
18 22 2
8 11 31
20 23 41
4 7 17
3 5 16
8 9 12
17 22 42
8 11 27
17 22 2
16 19 29
9 10 50
14 17 11
13 15 37
0 2 27
2 7 5
14 17 12
7 12 45
1 4 51
22 2 33
4 8 59
14 15 43
14 16 60
19 23 17
15 18 19
19 20 42
5 6 8
0 4 62
12 15 32
11 16 55
7 9 7
2 5 28
2 4 20
19 22 10
18 22 31
2 5 26
3 6 40
20 23 2
18 21 48
3 7 28
17 20 13
16 19 52
20 23 55
8 11 48
10 12 33
0 4 52
7 11 23
19 22 33
1 4 16
22 3 26
9 14 61
23 1 26
3 7 54
4 5 4
23 2 8
3 6 50
0 4 60
19 22 35
2 2 24
13 17 27
23 2 64
14 16 57
0 4 3
16 18 26
4 9 8
4 7 3
17 20 35
9 13 64
22 1 18
5 9 18
9 13 38
0 2 70
15 18 18
15 18 22
5 8 48
2 5 19
3 6 38
11 16 71
9 11 54
22 0 9
0 3 54
17 19 2
22 0 3
18 19 55
19 0 10
7 9 44
17 19 4
19 23 2
12 15 38
9 12 17
10 12 65
13 18 8
5 10 38
11 14 10
19 22 16
19 0 71
11 15 58
3 6 30
21 1 54
18 21 41
0 3 31
1 4 5
23 3 5
1 4 10
11 14 56
23 2 14
15 19 24
10 12 30
0 5 56
13 17 56
2 5 40
3 6 22
18 21 39
13 17 58
21 2 27
5 6 69
11 13 24
13 17 3
7 11 30
19 22 14
18 20 27
7 9 57
2 5 55
3 8 30
21 0 38
7 10 5
11 15 37
15 19 36
16 18 65
6 11 64
18 21 61
23 2 57
15 18 31
12 17 47
16 19 12
3 7 63
13 16 49
2 4 53
10 13 9
16 19 10
13 16 50
6 10 32
12 14 23
14 18 61
11 15 21
7 11 59
12 16 2
2 5 19
8 12 60
3 6 60
10 14 50
19 21 61
5 9 14
9 13 60
17 21 45
20 22 70
7 10 36
16 20 28
21 0 6
12 15 68
21 22 43
19 23 52
3 7 5
11 15 63
21 0 26
19 23 53
22 2 43
5 8 16
15 18 50
22 1 45
1 4 56
10 12 11
2 5 50
5 6 59
8 11 1
21 1 27
16 19 17
18 21 66
6 8 14
9 12 67
19 21 55
18 20 56
22 1 53
6 8 47
6 8 34
17 22 25
13 17 1
4 6 1
3 6 66
2 5 20
7 10 26
3 5 67
18 20 64
8 12 61
11 16 36
23 2 56
15 17 39
6 10 34
15 17 62
19 23 47
18 22 29
0 4 3
7 9 42
9 11 17
14 17 43
13 16 30
0 4 46
11 13 19
12 15 71
21 23 13
15 17 60
8 12 37
22 1 44
9 12 48
17 19 52
12 18 54
20 23 2
13 15 29
14 17 41
21 0 30
11 14 29
2 4 57
0 2 22
5 8 47
12 15 57
9 12 70
22 1 42
3 7 11
0 0 65
7 10 62
0 5 67
23 3 66
18 23 18
4 7 67
18 20 5
16 18 60
6 10 38
7 11 11
18 21 12
19 22 25
14 17 23
3 6 64
6 9 64
1 3 29
3 7 40
2 7 24
15 16 60
6 9 65
15 19 69
10 11 9
8 11 55
4 9 63
21 23 39
8 10 46
23 2 12
18 22 36
0 4 39
5 9 25
13 17 28
23 1 58
15 17 26
12 13 39
12 15 31
20 23 49
17 19 50
12 15 37
21 23 6
4 7 40
0 2 14
10 12 60
19 21 49
4 7 8
20 0 33
9 13 62
14 18 3
18 20 53
6 10 13
9 12 2
20 23 60
19 23 65
13 16 5
2 6 71
1 5 38
14 17 19
11 13 7
20 0 13
3 5 33
23 1 37
10 12 62
5 8 33
0 2 37
12 16 56
0 4 3
22 2 21
8 13 54
0 3 71
15 18 4
3 5 68
12 14 17
9 12 16
13 15 67
21 23 37
18 21 56
20 0 21
18 21 20
1 5 17
4 7 49
13 16 45
5 8 66
3 6 8
10 12 41
20 23 50
13 14 12
4 8 42
23 0 24
21 0 42
5 7 3
6 9 43
7 12 25
19 21 23
15 17 47
22 2 38
8 11 50
7 9 63
3 8 12
23 2 6
23 2 1
4 7 23
15 17 45
6 8 41
0 4 27
6 8 48
20 23 27
14 19 22
23 0 62
20 23 37
2 4 38
4 8 29
14 17 61
21 0 39
15 18 30
3 6 24
5 8 51
3 6 29
20 23 13
3 6 33
22 1 39
19 23 39
7 10 48
14 18 56
21 1 56
2 5 12
0 3 57
23 2 43
14 16 62
23 3 15
6 8 3
10 13 68
9 12 42
5 8 45
8 12 24
17 19 46
18 21 21
18 22 45
2 6 20
3 5 52
23 3 62
0 5 11
16 19 61
23 2 44
5 7 40
11 13 41
13 14 38
15 16 3
8 12 29
17 20 24
6 9 2
14 16 66
19 22 24
8 10 15
2 5 45
15 18 62
18 21 44
4 6 16
3 5 47
0 3 70
15 16 66
17 20 46
22 1 14
15 16 28
3 4 23
12 16 50
12 13 8
5 7 43
15 19 47
20 23 28
13 16 51
17 20 57
6 10 43
19 22 29
3 6 28
12 15 52
23 22 57
9 14 38
14 16 50
3 6 13
7 10 29
7 9 55
14 17 8
20 1 48
8 10 65
5 10 67
0 5 62
15 18 64
16 18 47
1 3 39
8 10 17
17 21 49
1 3 1
7 10 27
2 7 19
22 0 24
13 15 66
10 12 24
5 7 2
14 17 30
15 20 6
12 15 61
19 21 11
22 4 2
10 12 66
14 18 9
4 6 67
5 9 67
9 12 59
14 17 23
0 2 45
21 23 58
5 7 33
12 15 17
5 8 24
12 16 10
12 16 2
6 8 17
23 1 26
1 6 58
14 18 57
2 4 32
17 19 14
7 8 64
15 18 12
0 2 12
14 18 57
6 8 15
20 23 48
4 5 48
7 10 63
5 8 29
1 3 43
11 14 39
5 7 17
7 10 70
2 4 70
20 20 32
17 21 48
14 17 62
15 17 63
15 18 68
6 7 1
19 23 21
17 19 70
12 16 42
18 22 68
7 10 67
7 10 13
3 7 39
2 6 45
15 17 52
2 5 43
21 0 63
21 0 38
1 4 28
11 15 33
0 4 57
3 7 31
19 21 62
8 11 49
3 5 6
19 23 8
8 9 17
18 21 51
11 15 4
17 19 17
19 22 34
7 11 1
4 7 47
23 1 21
6 9 60
13 18 14
18 22 3
11 14 51
16 19 13
10 12 34
18 22 43
19 21 59
17 20 48
3 7 38
1 3 48
15 17 20
9 12 35
4 7 54
14 17 61
8 12 56
10 12 61
0 3 71
6 9 55
2 5 23
17 20 26
6 6 60
17 20 4
1 5 62
14 17 19
1 4 1
3 5 57
21 23 54
4 6 17
1 6 65
2 4 35
16 21 37
23 2 45
9 11 2
9 10 18
5 7 50
18 20 32
4 7 54
7 10 18
21 0 46
6 9 51
14 18 70
17 19 42
13 17 56
3 6 59
21 0 56
19 1 70
19 20 69
0 3 32
15 15 41
18 20 20
21 1 48
18 20 27
0 4 53
21 0 64
16 19 54
6 10 55
2 5 15
19 22 61
9 11 23
5 6 47
20 22 66
21 1 40
17 20 59
2 5 16
15 18 12
10 13 46
23 2 41
7 10 51
20 0 60
