1000 30
15 1 19 12 4 7 25 28 9 13 2 28 30 26 12 8 6 1 1 1 29 15 19 3 20 14 13 17 16 1 
7 9 2
11 15 22
17 21 24
23 1 13
18 18 18
14 15 8
6 9 29
12 15 5
18 21 12
20 0 15
5 8 18
16 21 30
17 19 28
22 1 22
13 16 15
1 2 30
0 2 14
20 1 19
12 15 16
1 3 21
9 12 21
6 8 5
13 16 20
13 15 4
3 7 27
20 23 14
12 16 1
13 16 29
0 3 8
22 3 19
20 22 30
7 10 5
20 22 9
21 23 10
10 12 19
14 17 7
0 4 21
17 20 25
15 17 6
15 20 2
10 13 24
10 13 14
20 23 6
1 4 14
12 14 18
20 1 12
6 7 6
0 4 13
9 12 23
12 15 23
18 21 23
7 9 5
17 20 25
16 19 9
12 15 17
9 10 9
5 8 8
10 13 3
3 6 5
6 10 6
16 19 5
9 12 26
13 19 17
22 0 8
18 20 5
3 6 12
10 13 11
2 5 11
7 10 9
7 11 25
22 0 6
11 14 4
11 13 11
23 3 16
3 7 22
17 20 19
7 10 12
11 14 11
18 21 1
3 8 24
2 4 17
3 6 3
6 9 11
6 8 20
5 6 11
2 5 6
2 3 19
12 16 9
7 10 12
12 16 7
6 9 29
7 11 22
21 23 14
14 17 23
11 15 10
20 21 19
8 11 13
20 0 23
9 11 13
3 6 10
15 20 5
23 3 21
23 3 16
13 16 1
8 11 19
11 14 17
11 14 3
9 13 27
5 7 12
7 10 10
12 16 25
9 12 2
3 7 12
3 6 13
19 22 3
6 10 9
4 7 6
16 19 22
19 23 22
22 1 5
12 15 21
8 11 18
21 0 6
19 23 24
12 14 3
16 20 14
23 1 5
13 17 1
10 13 16
22 0 3
7 12 17
3 6 5
21 1 25
22 0 8
6 10 17
5 9 7
4 8 28
7 9 20
19 21 5
3 7 25
19 21 26
21 1 30
1 3 14
2 4 17
18 22 18
21 0 3
8 12 23
4 8 13
23 3 21
7 9 30
11 14 17
8 11 3
17 18 8
16 21 2
16 20 8
15 17 14
15 17 22
23 2 11
8 12 18
15 17 10
2 6 23
6 11 20
17 20 4
2 3 2
5 8 4
6 8 25
12 16 26
10 12 27
13 16 7
12 15 27
19 20 12
16 19 1
13 15 20
0 3 9
18 21 28
17 21 10
13 17 30
5 7 28
9 12 11
7 9 5
17 21 16
3 6 21
3 7 7
18 22 29
21 23 16
7 12 19
0 3 9
11 14 30
1 4 16
14 17 17
10 13 20
6 8 16
14 18 1
6 10 11
4 7 19
2 6 20
15 17 18
19 23 23
4 7 14
3 6 22
3 6 8
13 15 24
16 18 17
7 9 22
18 21 7
11 13 9
14 17 17
16 19 18
23 3 6
4 7 18
15 18 13
6 8 30
9 12 21
8 12 18
17 20 6
13 17 17
11 13 8
9 13 1
3 6 15
8 11 3
2 5 18
7 11 8
21 22 16
0 3 23
21 0 23
1 3 3
22 1 17
5 7 7
19 20 12
8 11 1
13 14 26
2 5 10
19 22 3
22 1 5
4 7 23
19 22 19
15 19 9
13 16 29
6 9 18
14 17 5
10 13 18
1 3 30
5 8 7
11 13 22
16 18 1
8 11 1
5 8 20
11 18 4
23 2 8
8 10 3
4 8 16
12 15 18
15 19 7
12 14 19
16 19 20
20 0 28
2 5 23
6 7 22
6 11 30
16 18 7
13 16 25
10 11 15
9 11 22
11 14 28
16 19 15
14 16 15
23 2 29
20 23 16
19 23 26
3 6 22
9 12 11
14 17 21
6 8 2
17 21 29
2 5 27
13 16 27
14 18 11
9 12 6
11 15 12
7 10 22
2 7 1
7 10 5
20 0 20
13 16 22
12 14 13
12 14 18
14 17 16
1 3 2
19 23 18
23 1 28
20 21 15
0 3 2
11 14 14
2 5 19
16 21 30
10 12 17
14 17 27
19 23 11
22 2 18
12 14 29
22 0 3
14 17 14
23 4 17
20 23 15
5 9 4
19 23 22
0 5 18
1 4 9
23 1 13
10 13 15
2 5 2
3 6 14
13 16 11
14 17 11
14 17 27
18 20 12
10 15 21
3 6 6
1 4 16
15 18 13
17 19 21
9 11 29
9 11 11
17 21 24
8 10 18
5 9 18
10 11 11
17 20 29
0 3 2
17 20 3
13 17 28
15 17 9
4 10 19
12 15 14
5 11 30
22 0 11
19 22 24
13 15 10
10 13 11
21 1 18
2 4 13
19 23 16
11 15 22
0 3 10
12 16 22
22 1 24
17 18 30
20 22 9
9 13 13
5 7 29
2 4 30
20 22 18
10 13 11
18 22 23
19 23 3
9 11 18
0 4 15
19 21 18
3 4 12
16 18 2
12 14 30
3 4 22
12 14 19
7 11 6
4 7 7
2 3 22
12 14 28
23 0 18
2 4 5
5 7 23
7 11 13
18 21 12
12 15 27
23 3 19
4 8 14
6 9 20
21 0 21
1 5 3
13 16 21
12 15 3
3 7 25
14 18 26
12 15 12
2 4 19
17 20 17
17 21 27
5 6 6
18 22 21
20 0 28
8 9 15
21 23 7
10 13 27
17 21 22
19 23 1
18 21 5
19 22 10
14 18 26
5 9 11
19 21 3
14 17 2
7 10 27
14 18 10
6 9 23
16 20 27
8 10 20
11 14 14
4 8 3
2 5 22
1 2 27
10 14 15
9 14 1
16 18 14
19 23 25
22 0 2
5 8 5
11 13 29
18 22 8
13 15 29
23 3 22
4 8 19
4 6 6
17 22 4
21 0 27
1 5 18
18 22 5
18 21 29
1 4 23
3 8 25
10 15 7
4 7 27
8 11 11
8 10 22
16 19 10
6 9 17
8 10 19
15 18 27
18 19 19
0 3 29
14 19 19
17 21 7
6 9 23
8 11 9
17 19 1
12 16 23
21 0 26
18 20 30
13 16 29
15 17 14
7 10 11
3 7 3
20 22 28
19 22 12
20 23 30
23 4 24
9 12 11
3 7 23
7 10 6
19 23 3
2 7 4
9 10 30
6 10 29
18 21 21
12 16 21
22 0 5
10 14 15
18 20 19
5 9 15
1 3 12
13 14 5
13 17 1
7 10 12
6 10 22
13 17 21
22 1 15
22 1 19
0 4 4
1 3 12
2 7 13
5 8 8
15 19 7
5 8 26
20 22 25
20 0 18
20 0 22
11 12 23
1 3 13
18 21 11
18 21 11
11 14 18
9 12 9
3 6 11
13 16 7
17 21 10
13 16 27
16 18 5
0 4 29
6 9 18
13 16 3
19 21 12
12 16 14
0 4 17
2 6 7
16 18 2
7 10 9
4 8 15
8 10 3
23 1 25
21 1 18
9 12 10
8 13 23
9 11 2
17 20 12
4 6 27
21 23 27
19 22 25
16 19 8
16 17 18
11 15 26
19 1 26
4 5 6
18 22 15
17 21 23
14 17 2
15 17 18
7 11 9
18 22 24
6 9 13
20 0 18
20 22 14
9 13 26
4 8 10
15 18 15
21 1 3
10 13 1
19 23 26
17 18 11
10 12 2
4 5 26
15 18 4
21 22 11
18 22 13
18 21 7
9 12 9
2 5 17
17 20 4
7 9 16
15 17 10
5 8 28
15 18 13
21 23 2
19 22 13
17 20 15
23 4 10
9 12 27
8 13 11
7 9 13
3 6 23
7 11 13
16 20 17
6 9 6
12 16 22
16 19 3
17 20 29
8 10 22
9 12 29
17 21 7
17 20 25
9 11 27
1 3 4
15 18 26
9 12 21
9 11 27
17 22 9
13 16 22
4 8 30
19 22 21
18 22 20
7 11 30
20 21 15
11 13 24
23 1 14
21 23 26
14 18 30
18 21 14
3 6 11
17 19 30
19 22 22
10 13 15
3 5 17
19 21 28
3 6 24
14 17 14
16 18 30
6 10 16
6 8 11
10 13 29
0 2 7
8 11 18
16 19 21
20 0 20
9 14 21
22 2 12
14 18 30
0 5 29
4 6 5
18 23 27
8 9 22
13 16 5
11 14 9
7 11 13
11 14 13
18 21 1
4 6 14
1 3 14
7 10 18
9 13 2
14 18 17
11 13 21
0 4 19
2 4 11
18 22 23
16 20 21
23 2 15
5 7 23
14 17 9
2 6 7
12 15 20
19 23 14
3 5 19
1 2 23
1 3 25
14 17 20
11 15 22
1 5 23
20 0 13
0 4 16
17 19 30
2 7 1
16 19 25
1 4 29
19 22 9
15 18 29
22 1 4
5 9 10
17 19 26
5 8 7
0 4 2
2 5 14
9 12 19
10 13 21
8 11 18
13 15 8
8 10 28
22 2 13
18 23 25
6 10 10
6 8 2
20 22 17
17 20 4
0 3 1
11 14 28
5 8 28
7 11 21
8 11 27
2 7 14
22 1 20
5 8 19
5 10 10
11 15 19
0 4 16
23 3 17
14 17 10
4 6 20
7 11 12
14 17 20
0 4 23
14 16 4
16 19 27
12 14 9
1 5 23
12 15 25
2 5 9
20 23 25
20 0 24
5 9 5
21 0 26
2 5 17
18 21 5
17 18 17
4 8 4
2 5 24
9 12 28
21 0 16
3 5 12
1 4 13
19 20 1
9 12 13
7 9 20
15 18 7
6 8 12
17 21 18
6 8 10
7 12 29
16 21 14
18 21 26
4 7 28
21 2 11
7 10 24
17 19 16
12 16 5
21 1 26
4 6 19
9 12 30
17 21 25
8 11 26
1 4 14
8 12 20
3 6 27
6 10 13
16 18 18
5 8 3
0 3 19
22 1 11
8 12 26
21 0 11
12 12 18
0 4 30
0 2 7
10 13 17
1 3 22
2 4 19
18 21 8
12 16 10
13 14 17
16 19 22
13 15 28
6 10 2
1 5 6
9 13 12
23 1 23
11 13 30
22 0 7
10 12 28
6 9 4
2 5 29
7 10 26
17 19 15
8 10 21
17 22 15
3 6 22
15 16 12
15 19 18
15 19 3
8 11 15
13 17 22
20 0 4
20 23 2
0 3 11
22 1 1
13 17 13
16 17 4
8 11 14
6 10 9
20 0 6
19 23 7
13 14 17
7 11 21
5 8 11
22 1 14
7 11 13
4 8 16
2 5 21
0 4 10
1 5 3
2 4 19
11 14 1
9 13 14
3 6 9
11 14 2
22 1 3
13 16 26
14 16 15
21 1 6
0 4 2
5 6 13
7 10 6
8 11 23
17 20 28
9 11 1
1 3 25
6 12 6
20 21 27
0 3 27
21 23 15
14 17 2
14 15 3
10 13 30
11 13 3
8 10 20
14 16 6
23 2 5
22 0 28
2 4 18
1 5 12
17 19 7
17 20 8
15 18 22
13 16 13
9 14 1
23 1 3
20 22 1
6 9 18
19 21 3
3 6 16
22 1 4
1 5 7
9 13 4
12 14 4
1 3 20
3 7 30
1 5 1
17 19 26
8 11 19
9 12 7
7 10 22
7 7 21
16 18 23
22 2 26
11 12 16
12 16 7
23 2 11
19 21 2
15 18 2
20 23 26
22 2 13
12 16 17
20 23 4
17 21 25
21 0 19
17 21 16
5 10 25
3 6 30
5 10 24
18 22 4
9 12 27
7 10 15
16 20 25
14 16 29
13 17 26
18 20 21
23 3 10
12 14 4
5 8 21
4 7 14
19 21 24
9 13 21
18 21 18
19 22 29
13 17 14
8 12 2
0 2 2
9 13 6
1 4 15
6 10 26
22 2 15
3 6 20
23 2 25
9 12 29
16 19 8
15 17 13
21 1 9
1 4 6
7 11 12
20 0 20
3 5 8
1 4 9
12 15 10
8 10 5
3 7 10
0 5 29
1 4 20
10 14 11
9 13 8
4 3 25
8 12 19
17 20 19
16 19 6
6 9 11
9 12 27
17 20 3
19 22 26
4 5 9
8 12 29
10 12 17
17 20 28
22 2 13
13 14 26
7 10 5
16 20 27
20 0 19
23 1 26
13 16 30
15 18 10
14 17 4
11 14 16
11 15 30
15 18 19
11 15 1
6 9 7
11 15 25
0 3 20
20 23 19
10 12 14
18 21 16
15 18 27
4 7 5
17 19 8
12 14 4
22 0 4
17 19 26
12 16 9
13 17 17
7 10 12
18 20 20
4 7 3
7 10 27
10 11 5
4 8 25
4 7 15
20 22 2
19 21 29
20 0 16
1 2 7
9 13 22
21 22 11
16 18 19
13 15 5
14 17 27
3 6 3
3 7 11
15 18 19
22 1 19
15 19 27
14 15 28
11 14 13
22 0 10
11 13 4
21 23 15
16 19 2
18 22 15
17 20 23
15 20 17
23 2 6
3 7 24
2 6 26
15 19 1
14 16 15
8 11 1
8 10 16
2 6 30
18 21 7
21 23 25
11 15 18
14 16 11
5 7 19
2 5 25
4 8 9
13 13 6
19 23 15
15 18 15
14 17 13
1 3 23
3 6 11
1 4 11
8 12 16
0 5 22
16 19 11
16 20 3
22 2 5
9 12 4
2 5 11
12 17 2
13 16 7
3 5 18
20 23 7
5 7 1
3 5 4
8 9 7
20 22 28
14 18 24
17 20 25
6 8 25
15 20 15
22 0 27
13 16 2
12 15 20
9 12 22
15 17 2
19 22 2
11 14 19
