1000 83
49 40 68 13 76 20 62 53 7 80 58 36 32 20 73 52 61 58 61 75 20 31 74 83 36 26 54 70 31 2 8 14 74 15 58 29 35 43 76 11 35 20 47 83 72 37 4 30 70 29 20 10 5 79 20 82 24 32 17 77 5 65 35 65 28 65 66 65 5 34 35 48 55 28 45 26 71 79 75 65 4 52 17 
22 1 24
23 1 44
21 1 15
16 19 34
17 18 3
22 2 34
18 21 19
17 22 66
18 23 57
10 12 13
21 1 50
12 16 33
6 10 5
8 11 83
0 3 76
18 22 66
19 23 9
12 13 15
11 13 70
17 21 23
6 8 53
6 9 24
23 2 62
10 14 51
13 17 70
9 11 35
21 23 25
22 0 72
20 23 66
19 23 22
4 8 41
9 12 1
17 21 83
7 10 68
16 18 13
0 5 14
19 22 18
9 13 47
7 9 31
11 17 15
5 7 12
4 8 40
9 14 76
4 8 55
13 14 62
5 9 20
13 15 55
17 20 10
22 0 66
13 16 46
4 8 2
22 2 17
8 11 44
4 8 43
23 0 55
13 18 48
10 13 19
21 0 21
13 17 28
7 10 47
18 21 68
17 20 56
12 15 17
6 9 66
12 16 80
17 21 13
10 12 69
1 5 31
19 0 80
22 2 36
12 14 75
16 19 23
18 19 34
8 11 56
20 21 40
4 8 17
21 0 33
10 14 33
15 18 26
8 11 6
21 0 41
14 17 52
4 6 4
1 4 24
4 6 22
11 12 61
0 3 14
9 12 47
21 23 64
2 5 11
21 0 50
19 21 65
6 8 6
9 12 76
2 6 50
7 8 30
16 18 47
13 15 35
20 23 68
10 13 10
6 9 2
8 9 58
11 14 66
20 23 7
11 14 16
19 22 47
7 10 69
22 0 13
23 1 23
20 1 13
17 23 5
17 19 9
11 14 5
21 23 81
10 14 1
12 15 7
0 2 53
10 11 33
22 2 1
4 7 61
15 17 15
21 23 82
9 14 57
4 8 77
7 12 46
8 10 77
14 17 22
22 1 26
9 11 71
1 4 56
9 13 7
23 3 6
21 0 33
20 0 53
21 2 71
22 1 2
22 1 70
20 22 74
22 0 51
3 5 44
17 20 43
15 18 7
3 5 68
15 18 49
21 2 54
17 21 62
0 3 61
6 10 79
18 20 40
8 10 22
15 18 61
17 20 81
7 9 7
2 5 38
13 17 16
5 10 62
8 11 14
8 11 83
15 18 57
18 20 11
4 7 63
21 23 69
9 13 44
3 5 33
12 14 77
9 12 18
1 5 72
11 15 48
11 14 5
20 22 51
9 11 37
17 19 52
14 18 4
4 6 31
6 8 24
1 3 43
15 18 48
3 8 27
10 12 13
18 21 82
5 8 24
11 12 64
14 19 14
20 1 43
19 22 54
5 10 27
22 1 33
7 10 67
11 14 33
16 21 75
22 2 8
20 0 26
12 15 46
3 6 4
10 12 63
8 10 64
12 14 13
2 5 29
5 8 80
19 23 15
19 21 40
4 5 47
9 12 27
16 20 62
16 20 34
18 20 82
15 18 60
20 22 55
14 17 83
4 6 44
1 5 26
14 18 56
2 4 80
17 20 27
23 2 26
20 23 39
11 15 38
17 18 77
1 6 19
9 13 79
1 4 25
5 8 59
10 14 15
20 0 21
0 4 48
12 15 21
8 12 53
13 15 56
15 18 6
3 6 36
21 0 54
3 6 15
16 18 81
21 2 60
3 6 23
15 17 64
14 18 69
9 11 78
10 15 80
12 18 11
17 20 75
5 8 42
2 4 36
9 13 32
2 6 49
22 1 12
3 5 10
11 17 46
6 7 3
4 10 59
19 23 27
22 2 28
21 23 5
7 10 83
6 10 67
15 18 14
3 6 12
19 23 60
20 22 57
12 15 13
5 8 77
0 3 10
22 1 11
22 1 17
20 22 49
8 9 13
13 17 46
4 7 14
5 7 36
11 15 4
12 14 80
5 9 66
11 13 61
18 21 83
16 22 81
16 19 6
5 8 15
14 17 83
13 15 31
21 0 68
15 18 18
16 18 62
6 10 43
22 1 54
15 19 16
12 14 71
2 6 45
17 21 61
20 22 43
0 3 69
8 12 5
4 7 15
21 0 63
2 5 79
7 11 43
18 20 42
22 0 14
12 15 54
12 14 58
13 16 68
6 8 15
21 1 31
0 2 33
14 17 17
16 20 57
19 21 78
6 9 3
4 7 21
20 21 7
7 9 78
3 6 40
17 20 79
6 8 27
20 0 35
16 20 12
16 19 30
16 18 67
19 21 60
5 9 67
8 12 58
11 13 50
12 15 79
0 2 43
4 8 44
6 9 16
23 2 59
16 19 43
5 9 16
20 22 52
4 8 63
11 14 19
12 14 20
15 20 2
21 0 82
12 16 77
13 15 82
2 5 72
11 13 11
10 14 54
15 16 23
4 5 14
23 1 43
16 18 44
2 4 7
16 20 63
6 8 16
7 9 20
21 0 56
11 16 37
3 7 29
9 11 80
19 21 79
7 12 7
15 17 39
2 6 42
11 13 38
14 17 61
18 22 8
21 23 67
12 16 1
23 2 49
21 1 76
9 14 23
19 22 30
8 12 20
14 17 39
21 23 26
1 5 72
13 16 25
13 16 28
17 20 32
6 9 8
20 23 55
7 9 4
11 15 36
10 14 29
10 14 65
12 16 82
7 8 32
22 1 43
9 12 14
17 20 70
2 5 43
10 13 35
5 8 74
7 12 32
8 13 6
13 17 22
21 23 31
21 1 25
10 13 12
0 3 6
16 19 33
19 23 68
1 4 8
20 22 39
0 3 52
10 13 41
10 13 18
12 15 36
20 22 56
0 4 24
3 6 66
14 18 67
23 3 49
21 0 6
3 6 26
1 2 25
7 10 80
13 17 18
14 16 21
10 15 16
12 15 10
23 2 48
1 4 56
23 4 56
13 18 2
23 1 25
0 3 37
2 4 8
10 13 8
14 17 44
18 23 56
18 22 16
3 4 11
14 20 53
14 15 55
1 3 34
23 2 76
9 12 28
23 1 34
13 15 15
10 12 4
11 14 71
17 19 79
23 3 21
12 15 7
16 19 5
17 20 43
6 10 67
7 11 3
5 7 62
3 6 23
10 14 56
7 10 32
21 0 9
12 16 66
7 10 63
13 15 37
8 11 37
5 8 42
21 22 9
9 13 60
20 23 60
4 6 27
23 3 58
13 16 32
22 3 71
11 15 12
3 7 54
0 2 14
3 5 6
11 14 7
6 8 46
5 9 28
22 1 21
16 19 82
6 9 37
17 21 17
15 16 47
7 10 6
20 23 28
18 20 4
22 0 64
19 23 11
15 18 12
5 8 79
10 15 39
11 13 63
10 12 68
16 20 82
10 14 77
12 16 32
3 7 43
7 10 79
12 15 27
13 13 31
8 13 44
22 2 39
9 13 20
6 9 77
13 15 10
5 10 16
15 19 17
1 4 55
7 11 83
12 15 32
23 2 55
7 10 74
20 0 1
13 16 3
4 7 33
1 4 68
18 20 66
7 8 35
15 17 24
10 13 13
17 21 2
8 11 78
5 9 14
3 8 44
19 20 60
9 11 65
9 12 35
21 23 81
6 10 43
18 23 16
17 21 2
19 22 79
6 10 26
5 8 71
6 9 2
22 1 24
19 23 27
13 17 10
6 10 18
21 0 63
12 15 81
6 8 45
8 10 30
9 13 77
10 14 71
20 23 35
5 8 30
9 14 52
13 17 46
5 9 20
19 22 12
1 4 69
10 12 6
9 11 29
2 5 40
0 4 78
17 19 17
13 17 29
3 7 32
10 15 44
1 5 25
7 9 41
14 17 49
20 23 29
5 9 15
16 18 6
9 12 69
12 13 80
5 7 8
22 2 61
16 21 55
17 20 5
18 22 65
7 10 7
11 13 40
8 11 56
18 21 35
23 3 64
17 21 1
19 22 47
23 1 43
16 18 37
16 17 45
22 2 79
4 8 17
2 5 36
8 12 28
0 3 31
0 4 62
3 7 59
23 3 76
4 6 67
1 4 11
3 4 5
9 13 6
7 10 83
16 20 2
4 6 49
5 8 2
3 7 35
21 1 45
5 8 12
4 6 74
22 1 54
1 4 28
23 2 18
14 17 37
10 10 20
3 5 13
18 22 60
20 22 62
19 22 64
7 9 12
22 1 67
13 15 41
9 14 67
23 2 56
11 14 10
6 9 23
15 16 41
13 17 76
15 18 2
5 7 32
0 2 69
12 15 76
14 16 24
18 20 46
21 23 56
8 12 82
5 6 23
21 1 29
15 18 43
11 14 33
6 10 45
16 20 17
18 22 75
16 21 29
7 11 82
1 5 74
3 5 71
21 0 55
0 4 22
2 6 58
18 21 78
11 15 46
23 3 22
9 14 36
13 17 2
20 22 25
16 19 46
8 12 70
16 20 3
21 23 81
21 22 30
19 22 58
15 18 17
19 23 14
18 20 22
4 7 36
7 10 31
6 10 47
22 1 15
12 16 60
14 18 59
19 20 26
3 7 30
3 6 70
3 6 54
10 13 75
21 1 7
13 16 16
18 21 41
2 5 26
16 19 47
17 22 17
19 22 46
5 8 15
23 2 38
8 10 5
3 6 60
6 10 21
5 8 26
19 20 75
6 7 1
18 20 9
7 11 78
14 16 62
19 22 39
8 11 46
3 6 38
14 16 53
11 14 13
15 18 56
19 21 33
20 22 69
20 23 21
20 21 52
5 9 4
20 0 5
20 23 75
22 2 14
13 17 17
16 20 43
6 8 60
10 15 78
14 17 65
13 15 51
10 14 62
4 7 43
18 21 15
0 3 16
19 20 53
2 6 68
20 22 74
17 21 37
12 16 41
5 8 36
12 17 73
8 10 75
14 16 35
16 18 23
23 1 81
23 5 79
13 18 69
1 6 76
2 6 12
8 12 22
8 12 79
11 14 20
12 15 66
12 14 79
21 23 81
17 18 68
17 20 42
0 1 43
16 21 24
10 13 77
9 13 19
13 16 79
23 3 75
18 18 6
18 21 60
11 15 82
18 21 73
11 12 56
7 10 73
18 21 15
15 18 50
10 12 65
10 14 2
11 15 14
11 15 23
17 18 18
19 22 6
6 7 67
21 23 25
4 7 81
5 9 16
14 16 16
16 21 55
4 7 48
4 8 26
22 0 67
14 16 1
20 23 34
0 4 38
10 14 75
3 7 44
22 23 21
14 16 35
16 21 78
12 16 50
13 17 33
0 3 69
8 12 49
8 10 71
11 15 42
20 21 23
6 10 17
1 4 60
18 22 19
20 23 64
16 20 67
20 23 24
11 14 62
8 12 11
15 18 82
5 8 69
6 10 76
20 22 33
18 20 82
4 7 42
14 18 29
12 14 47
4 6 55
21 23 78
8 11 8
21 1 41
16 19 77
3 6 26
7 8 41
2 5 15
12 15 23
20 21 7
18 21 80
1 6 26
18 22 23
20 22 23
9 13 54
0 1 65
13 16 15
7 9 55
23 2 68
19 23 12
1 5 48
9 12 44
23 2 51
1 7 14
2 6 22
18 20 56
14 16 49
0 3 57
23 1 81
0 2 76
20 23 28
13 15 5
18 20 63
17 22 16
0 4 68
4 8 80
8 13 78
6 10 10
5 8 15
11 12 32
0 3 47
18 21 31
1 6 80
13 17 23
0 3 32
5 7 12
6 9 25
12 17 56
14 16 43
6 10 67
22 0 18
18 22 33
4 5 44
13 16 7
17 20 25
1 5 32
14 17 5
0 3 27
20 22 34
9 12 78
16 18 60
7 12 52
9 12 81
0 2 52
4 5 27
13 17 55
6 9 35
16 19 14
23 1 62
0 4 43
15 17 2
13 15 39
15 18 46
15 16 39
18 21 32
21 2 15
17 19 73
9 11 62
9 14 73
0 2 40
11 13 18
0 3 31
23 2 29
7 12 39
14 18 63
20 23 25
17 19 65
3 6 48
14 18 6
17 19 12
14 17 53
7 9 66
12 14 79
22 1 6
2 5 9
6 9 41
17 21 41
0 2 38
15 17 71
20 0 23
16 18 30
20 22 51
19 23 45
12 15 68
19 22 36
2 5 72
23 0 29
12 15 31
12 16 20
5 7 50
22 1 63
3 5 8
21 0 22
8 11 28
14 17 50
15 18 81
15 17 30
23 2 23
14 15 43
20 23 70
12 16 28
14 17 46
12 15 27
2 6 38
8 12 63
5 9 55
1 4 22
0 2 63
22 0 55
15 17 9
12 16 24
1 5 12
0 4 26
23 0 11
5 7 37
18 21 24
0 4 37
8 10 27
13 16 61
20 21 78
3 4 22
10 14 21
12 13 42
14 18 72
0 3 71
13 17 70
9 11 37
5 10 21
14 18 55
6 8 22
4 7 46
11 14 82
10 13 14
17 20 18
5 9 64
22 1 46
18 21 39
23 2 53
9 10 28
5 8 14
22 2 11
22 0 37
6 9 79
23 2 59
9 13 82
15 19 9
12 13 73
19 22 67
1 3 3
9 11 2
13 17 50
6 8 80
23 3 29
2 5 66
2 6 8
19 23 71
18 21 1
20 22 52
18 22 62
15 18 56
16 20 50
18 21 9
6 10 12
4 5 27
16 20 1
0 3 35
4 9 53
10 12 44
3 6 3
15 18 9
6 8 49
2 3 28
16 17 78
11 14 81
6 8 23
20 0 20
21 0 67
17 20 27
11 13 71
5 7 2
16 20 31
0 1 49
6 8 81
1 3 42
3 6 15
14 17 21
3 7 81
19 21 67
13 15 16
5 7 19
14 17 57
22 0 26
2 6 15
9 11 44
14 18 18
0 2 8
22 0 20
18 22 32
5 7 68
