1000 96
12 31 22 52 95 41 85 71 4 67 2 66 59 82 96 59 39 64 85 43 62 36 38 11 20 76 53 24 9 89 27 42 88 56 52 95 91 20 5 61 82 53 89 61 86 74 48 89 24 43 65 78 78 35 16 88 62 31 58 47 57 80 42 71 53 90 11 55 35 89 25 35 95 25 51 68 77 84 38 32 91 22 60 87 19 37 22 85 71 56 70 87 79 65 65 94 
20 23 82
14 16 2
2 7 6
8 10 79
10 12 64
11 14 3
17 20 77
15 19 13
17 18 52
16 20 90
4 7 44
6 9 64
22 2 92
4 6 39
15 17 78
17 20 43
15 18 93
17 21 69
22 0 74
14 17 22
6 9 69
12 16 72
3 5 96
3 7 89
17 19 35
19 20 44
5 8 93
20 22 71
1 4 66
10 13 92
16 17 4
13 17 41
20 21 28
14 18 58
20 0 88
21 1 29
22 23 62
2 4 38
23 3 84
23 2 89
3 8 85
12 16 79
4 7 70
21 0 66
17 19 8
4 7 87
18 21 50
4 8 61
14 18 58
1 4 57
5 8 23
13 16 79
18 20 85
15 19 73
11 14 70
17 21 23
15 17 74
11 14 19
23 1 24
20 23 95
8 11 76
10 14 71
7 9 80
13 16 62
5 8 62
4 7 65
7 10 86
21 22 57
17 20 29
16 19 39
17 20 93
14 19 89
10 13 68
19 22 3
1 7 55
3 6 74
3 6 27
10 13 94
17 21 59
2 5 79
10 12 30
6 9 16
18 21 30
21 0 29
4 8 7
22 2 50
21 23 77
15 18 54
9 11 12
3 5 50
0 2 33
11 13 20
23 3 16
1 3 77
3 7 77
10 14 13
16 20 52
14 19 62
23 1 25
9 10 88
11 12 3
12 16 94
16 18 77
17 21 33
21 23 96
0 4 50
17 20 27
0 3 94
5 6 43
20 23 74
13 16 24
23 4 43
18 21 56
7 10 73
15 16 79
7 12 61
7 11 15
14 18 39
11 15 33
16 19 1
13 15 89
5 7 12
21 23 91
16 19 84
6 9 74
17 20 41
5 7 20
17 21 21
6 9 58
2 4 83
3 7 80
18 22 77
9 11 7
19 23 20
10 13 19
10 13 34
23 2 90
0 2 70
3 6 14
18 22 23
17 19 62
17 18 51
5 8 27
1 5 90
18 21 73
19 23 39
21 1 15
19 23 68
0 4 50
14 17 88
15 18 92
16 17 29
10 12 91
6 9 73
21 1 29
12 15 78
22 1 17
0 3 19
13 16 5
5 7 39
4 8 17
1 3 90
3 5 74
12 15 6
6 8 2
5 9 58
21 0 58
18 21 2
8 10 52
13 18 45
1 4 17
23 3 4
0 4 49
7 12 48
2 7 18
16 20 60
14 19 73
6 9 32
18 20 84
3 5 35
15 18 3
14 18 31
22 2 74
4 7 49
19 22 36
19 22 36
0 3 48
13 16 77
12 14 91
1 3 61
9 13 32
9 11 39
0 4 90
18 21 20
20 0 14
23 1 5
6 10 28
19 23 77
20 0 23
23 2 44
18 22 55
17 18 43
22 0 7
21 23 26
22 0 62
21 0 16
8 10 67
20 2 15
10 15 49
14 18 62
23 0 54
12 13 52
13 17 16
16 18 90
0 2 94
3 8 30
10 14 57
19 21 48
6 10 31
0 2 15
0 2 36
11 16 72
20 23 95
21 23 79
8 10 4
12 14 7
19 23 32
20 23 35
22 1 86
3 6 63
11 13 36
15 18 28
13 15 77
23 1 15
22 23 37
12 15 55
6 8 62
22 0 86
23 1 81
23 2 51
21 0 18
23 3 71
13 15 35
0 4 62
2 4 70
0 4 14
3 5 71
20 23 16
16 20 85
10 14 44
2 5 48
6 8 21
13 17 44
18 21 27
7 8 59
15 20 22
6 9 88
15 18 41
18 22 5
6 9 78
3 5 57
5 7 9
0 2 50
11 13 41
9 9 8
7 11 14
17 20 96
8 12 16
5 7 63
6 9 29
9 12 18
6 9 38
7 10 90
10 12 15
16 19 20
14 17 71
13 16 9
10 15 13
14 18 57
12 14 4
22 1 40
4 7 39
23 3 12
7 10 60
22 1 6
2 5 11
17 20 21
14 16 60
10 13 29
19 23 24
2 2 28
15 19 92
18 20 66
5 9 11
19 22 41
20 23 24
0 2 89
1 3 11
18 21 78
1 4 21
18 22 57
9 12 96
15 18 22
10 11 4
4 5 38
18 20 21
16 18 55
12 16 40
17 21 64
17 21 66
15 17 63
13 17 15
8 10 54
10 15 3
12 14 21
7 9 35
23 2 74
19 0 86
23 3 83
10 13 78
4 8 80
11 13 64
16 19 51
20 22 23
14 18 1
15 16 7
12 14 25
15 17 75
16 20 48
11 15 68
12 16 61
23 3 26
14 18 50
13 15 81
10 12 4
14 17 19
21 0 30
9 13 25
2 5 29
12 15 39
6 9 11
2 6 64
1 5 38
12 15 46
13 15 70
21 22 9
19 0 96
4 7 27
6 9 59
17 20 11
8 9 8
22 2 78
15 19 30
17 21 12
1 4 47
11 15 60
12 15 6
15 17 8
6 10 24
21 23 35
20 22 24
16 20 67
18 22 96
1 5 75
5 9 75
20 0 46
4 6 86
8 12 34
9 12 9
13 17 36
10 14 36
0 2 54
15 19 33
10 11 71
9 12 21
18 21 36
6 9 24
19 0 51
0 3 42
7 10 22
0 3 24
5 9 93
14 18 60
6 11 58
0 2 90
1 3 5
8 11 93
22 0 5
23 3 26
23 1 94
17 19 54
22 1 50
22 2 73
1 5 5
14 18 58
4 7 10
23 2 54
19 0 3
8 11 65
17 22 5
12 16 65
15 17 46
14 18 93
22 4 18
9 11 33
14 17 65
13 19 71
19 23 88
10 12 57
4 8 69
23 3 64
17 22 8
8 11 73
3 6 46
13 17 55
18 21 50
15 17 89
16 19 49
21 0 25
1 5 92
6 9 25
17 20 67
12 14 53
11 15 14
6 10 85
17 21 49
18 20 85
5 8 4
15 19 52
23 0 67
11 16 12
3 7 90
15 19 10
7 10 72
6 10 69
18 21 37
8 10 76
6 10 11
8 10 84
21 1 93
21 0 1
6 8 13
18 22 56
7 9 54
7 9 45
6 8 17
21 22 86
14 18 13
4 7 68
13 17 77
6 10 72
8 13 31
22 1 73
21 1 6
7 10 2
20 23 21
18 21 75
16 19 37
3 6 5
6 11 77
22 1 19
10 14 73
15 18 84
3 7 41
9 13 80
11 14 59
14 16 5
20 23 52
19 0 50
20 2 39
16 19 78
12 14 57
6 11 91
19 22 46
19 21 63
17 21 63
21 23 50
21 0 19
3 6 21
9 10 39
4 7 79
12 16 74
1 4 88
21 23 67
1 4 63
5 7 15
15 17 67
9 12 27
14 18 73
9 10 13
10 14 3
4 6 33
3 6 34
20 0 24
17 18 93
22 2 63
23 2 70
23 2 33
12 15 14
15 18 31
8 12 70
11 14 32
5 6 13
18 21 57
12 15 51
1 3 36
9 11 93
21 0 15
15 19 69
21 2 49
6 9 41
7 11 73
12 16 7
7 8 88
1 4 4
3 5 29
20 22 59
12 14 5
6 11 33
0 3 55
13 17 47
10 13 93
14 16 76
6 8 62
4 7 46
23 1 81
9 15 49
9 12 86
23 2 1
9 14 75
12 15 33
18 21 90
16 20 14
23 2 27
12 13 4
15 19 49
14 16 67
17 19 85
3 5 76
20 22 5
0 4 38
18 20 40
5 7 68
10 14 76
20 23 57
11 12 25
17 20 44
15 18 53
20 1 39
11 13 86
18 21 75
7 10 67
3 7 40
0 1 81
21 0 86
18 20 75
8 11 62
17 20 38
4 8 15
23 1 34
4 6 85
0 3 55
15 19 63
6 10 83
3 6 14
17 21 37
22 0 23
21 23 1
13 17 70
8 11 51
23 0 91
22 0 14
18 22 37
20 22 91
22 1 93
14 16 15
9 11 24
3 6 51
20 23 22
2 6 21
2 6 71
2 6 22
3 6 69
4 6 86
9 11 20
5 7 60
8 9 74
9 10 20
2 5 69
13 16 53
9 12 20
6 8 38
19 22 55
12 17 10
13 15 6
11 15 85
11 14 54
18 21 62
18 21 31
5 9 36
17 20 43
9 15 1
23 2 56
23 2 82
10 12 63
7 11 48
12 15 27
21 1 78
5 6 65
8 12 94
7 10 63
22 2 52
18 21 20
23 3 64
9 12 77
14 19 29
20 23 7
8 12 10
1 3 49
0 1 91
7 12 92
2 6 87
3 6 58
9 14 1
8 12 29
0 2 78
1 5 24
2 5 58
15 19 88
19 22 94
1 6 14
10 14 30
5 9 94
14 17 83
12 17 67
15 18 91
11 12 11
5 9 36
7 9 27
6 7 56
19 21 13
7 11 36
20 0 62
1 4 30
18 21 24
2 4 79
16 18 31
9 13 82
23 0 63
7 9 54
23 2 42
3 6 78
18 20 69
3 6 34
11 15 13
0 2 96
15 18 72
9 12 6
14 18 59
11 14 1
6 9 41
3 5 55
8 13 36
22 2 55
6 8 87
15 19 8
13 16 79
1 5 85
2 3 65
6 9 12
0 5 1
20 23 84
4 5 24
3 7 32
4 9 24
19 21 55
6 8 78
12 16 48
5 8 11
14 19 4
3 6 33
9 11 31
5 10 44
0 3 37
7 10 3
11 14 16
23 2 48
13 16 15
18 21 59
9 12 43
17 22 3
0 2 91
1 4 85
23 1 85
1 4 70
0 4 12
0 4 29
4 7 25
4 7 75
22 1 80
17 21 43
20 23 40
3 7 83
13 19 12
23 4 14
12 15 87
19 23 78
7 10 62
8 11 84
1 5 80
14 16 49
14 18 71
19 22 95
8 10 18
17 22 10
18 22 16
4 4 60
13 16 45
22 2 61
20 22 49
12 15 61
0 2 7
15 20 67
13 15 77
5 6 32
6 9 3
4 6 41
19 23 46
0 2 11
3 5 62
11 15 16
13 17 87
8 12 85
19 21 41
19 21 43
2 3 30
13 16 7
0 4 86
5 7 94
13 17 27
0 4 31
22 1 37
0 3 59
19 22 67
13 16 19
5 6 78
4 7 1
6 9 4
21 0 24
4 6 62
1 3 66
20 22 21
3 6 8
20 23 4
1 5 86
10 13 38
9 12 83
15 18 5
17 18 60
23 3 10
12 14 53
23 3 76
15 17 45
18 21 49
17 19 77
2 6 55
11 14 21
20 22 16
15 18 79
9 12 61
17 20 32
15 17 27
3 5 59
1 5 24
4 7 54
16 19 47
10 13 67
20 23 59
0 3 81
19 20 45
7 10 28
16 20 18
22 1 96
10 16 76
6 7 94
3 7 6
20 23 83
18 22 35
20 22 91
18 19 10
10 14 42
21 1 69
22 1 7
1 4 30
4 9 90
17 20 66
8 12 10
3 5 13
22 1 14
14 18 60
7 9 40
11 13 37
2 5 67
13 17 55
0 3 52
11 14 37
22 0 78
13 16 85
5 8 39
12 14 37
11 14 66
1 3 61
15 18 7
23 2 33
23 2 1
0 5 42
16 20 3
1 3 70
22 1 9
0 1 34
9 12 91
14 18 36
7 10 40
17 22 14
8 11 41
4 8 26
17 20 18
19 22 73
19 21 51
16 18 24
20 23 31
4 8 51
15 17 12
1 4 26
18 21 85
15 19 25
16 21 47
7 9 70
0 3 28
21 23 32
21 23 70
16 19 57
10 14 95
10 11 15
2 6 45
15 17 53
15 18 53
20 23 88
17 18 65
12 16 84
23 3 23
4 5 40
21 23 86
9 12 95
1 3 56
11 12 30
0 3 92
10 13 8
19 22 80
16 18 8
16 18 33
1 4 70
13 17 37
16 17 52
4 7 82
10 13 14
4 7 74
3 7 24
23 3 41
1 3 36
16 19 76
1 4 9
1 2 52
23 3 20
11 15 24
19 22 78
4 7 25
5 6 77
16 18 74
9 11 9
6 8 71
23 1 63
18 21 68
8 11 87
17 19 11
22 1 63
5 7 39
20 22 56
9 12 52
20 0 68
16 18 66
14 17 74
19 23 49
20 0 9
10 13 41
22 1 93
9 14 68
6 10 28
13 17 42
19 22 7
20 23 88
22 1 67
6 10 13
16 18 56
2 6 38
11 14 59
20 23 12
15 17 39
6 10 2
16 18 6
21 22 14
18 19 64
20 0 32
15 18 1
10 14 57
2 4 7
19 22 68
22 3 32
19 22 34
12 16 4
13 15 29
20 22 39
0 4 35
5 7 39
16 19 43
5 10 74
2 4 37
22 1 51
23 2 55
21 23 59
20 22 11
22 1 36
15 19 96
23 0 80
13 16 83
15 18 18
18 22 55
12 16 24
13 15 82
0 3 19
17 20 22
9 12 30
22 1 27
23 3 3
11 14 80
12 15 55
17 19 6
6 7 81
12 13 94
21 22 85
0 2 67
22 23 55
22 1 32
16 19 36
8 13 72
6 10 88
22 3 8
1 4 24
10 13 2
6 9 45
20 22 35
23 23 48
11 14 11
13 16 8
8 10 55
7 8 35
22 1 31
22 1 10
11 13 22
12 15 95
8 12 63
10 12 93
2 6 23
11 14 83
14 15 71
3 7 31
11 12 85
17 19 34
0 3 53
19 22 26
21 1 66
16 20 76
5 8 58
16 19 41
3 5 75
11 12 74
23 2 8
3 5 15
10 13 36
2 5 17
15 17 35
22 0 9
19 22 62
15 18 90
19 23 15
11 15 43
20 1 86
20 22 63
22 0 69
23 3 66
