1000 66
16 32 41 63 14 40 29 58 65 45 63 53 28 53 38 45 38 23 62 18 21 40 31 9 61 22 14 35 24 15 58 64 16 43 7 2 9 35 64 34 12 6 1 62 52 35 13 26 7 62 28 23 54 42 6 47 59 17 48 22 47 9 32 62 51 63 
4 7 66
18 21 57
8 11 20
3 6 53
16 17 32
1 4 9
15 18 42
20 23 11
10 13 50
4 8 14
16 20 46
14 17 14
11 14 39
18 21 58
4 8 54
14 18 36
4 6 61
5 8 41
14 19 21
17 18 1
5 9 62
14 18 20
21 23 7
8 10 18
18 22 1
7 10 41
6 10 49
9 12 14
11 14 16
5 9 43
15 18 1
15 18 30
0 4 26
18 21 25
15 17 21
17 20 45
11 13 39
11 14 6
11 13 41
19 22 34
8 12 53
10 13 14
9 12 44
13 17 51
22 0 65
1 4 22
22 1 60
21 1 8
20 23 9
6 9 58
17 20 39
15 18 24
10 12 15
11 15 60
6 10 62
21 0 12
17 19 57
1 4 18
21 23 8
12 15 64
19 21 9
20 1 11
1 5 12
2 5 8
8 11 36
2 5 47
18 22 62
18 21 59
4 7 1
14 16 58
11 15 5
16 19 10
22 1 60
12 14 55
15 19 4
6 8 26
8 11 22
0 4 29
17 19 11
7 10 2
7 12 15
15 18 23
0 3 21
3 7 6
12 14 21
5 8 66
7 10 3
22 1 58
3 8 37
23 1 18
3 6 63
21 23 29
14 16 21
7 9 46
0 3 61
17 19 47
13 15 36
21 0 29
13 14 48
1 2 13
16 19 3
13 16 1
6 8 31
14 17 52
4 5 10
18 21 61
18 21 20
2 6 42
12 15 58
15 18 23
5 9 32
5 7 9
22 0 12
5 9 45
10 13 51
23 4 21
4 9 64
8 12 60
10 12 38
6 9 29
1 4 3
23 4 22
5 9 22
16 21 62
14 17 63
0 2 61
10 11 48
17 20 11
6 10 2
4 8 54
2 7 65
10 12 59
21 2 40
14 19 16
17 19 9
13 16 29
20 22 11
15 18 62
1 3 52
15 19 52
19 21 31
15 18 54
16 20 23
20 0 49
3 5 25
12 15 11
7 10 4
7 10 4
5 9 55
12 14 58
22 23 27
17 20 11
12 14 3
18 20 34
12 15 64
14 16 9
1 4 34
9 14 14
2 4 35
2 6 3
0 3 32
13 16 66
6 8 62
8 12 66
17 22 19
5 8 17
20 1 29
21 22 15
16 19 10
7 12 65
20 1 19
10 16 1
20 0 48
3 7 38
20 23 18
17 19 58
13 15 32
2 4 47
3 4 4
2 5 55
1 4 25
3 5 35
9 12 6
11 14 59
3 4 19
21 1 45
4 8 15
10 13 28
21 1 65
0 3 55
3 8 8
0 3 22
13 17 22
13 14 9
1 4 18
9 13 51
15 19 42
4 9 14
15 19 62
19 22 4
11 14 24
5 9 46
3 5 47
1 3 36
13 16 19
12 15 2
22 1 26
20 0 15
13 16 38
19 21 1
9 13 58
4 7 33
12 14 18
7 9 38
9 12 37
1 3 1
20 22 62
17 21 49
14 16 29
4 8 9
4 8 39
8 11 33
14 17 13
13 15 24
4 7 35
7 10 2
13 18 63
9 13 20
9 12 38
1 4 52
6 9 11
21 0 50
20 23 52
5 6 51
19 21 64
18 21 5
3 6 26
11 13 26
16 19 40
14 18 58
12 14 31
8 10 52
1 4 18
17 20 55
23 4 36
17 20 56
12 15 23
23 2 31
4 7 10
6 10 39
12 17 22
12 15 28
17 19 66
19 23 28
12 16 46
2 4 7
9 13 38
13 17 2
1 5 44
11 14 32
7 10 42
2 5 38
11 15 55
17 19 12
18 20 1
17 22 51
3 6 47
5 8 5
13 17 9
4 5 60
5 8 46
18 22 38
16 21 46
12 14 39
21 1 21
11 14 59
21 1 64
10 14 33
4 9 27
20 22 21
20 22 19
19 21 26
4 7 19
17 19 46
2 5 64
23 1 54
13 15 47
22 3 2
13 15 12
10 12 3
12 15 64
23 2 53
16 20 24
4 7 11
11 13 24
7 11 61
14 16 55
10 13 56
5 9 58
14 15 44
20 22 27
3 5 42
4 8 65
15 19 11
1 5 37
13 16 9
16 20 59
7 10 7
15 19 53
7 9 37
16 17 34
7 12 28
14 17 47
23 0 27
17 21 55
22 3 13
15 17 44
7 8 43
16 18 57
23 2 13
19 20 61
23 3 10
13 16 15
16 19 58
10 12 28
23 3 27
8 11 16
20 1 53
17 19 16
9 12 53
8 12 64
6 9 33
15 19 34
22 1 56
2 5 30
16 20 48
0 3 29
21 23 26
21 23 48
11 13 14
9 11 47
22 1 47
22 1 46
8 13 8
21 23 27
2 2 6
6 9 39
13 14 10
8 14 54
14 18 18
16 18 8
13 17 1
2 3 35
18 22 12
0 4 54
2 5 51
19 0 57
3 9 18
23 2 20
2 5 32
18 20 66
20 23 21
4 5 10
19 23 33
18 19 23
17 19 30
2 3 14
8 11 15
18 21 21
11 12 29
2 5 53
7 8 55
5 7 8
9 12 35
20 0 64
8 10 1
3 7 62
7 10 50
21 0 9
0 1 37
1 5 65
18 20 12
20 0 12
16 19 29
7 12 7
22 1 6
3 7 56
4 8 53
0 1 56
21 23 21
22 1 42
17 20 11
4 6 51
18 23 7
1 5 16
18 22 49
17 21 20
5 8 27
9 11 1
21 0 35
16 19 2
7 12 65
0 2 30
14 16 8
0 2 29
10 12 54
10 13 14
0 4 12
7 12 11
14 17 49
6 10 53
13 17 58
9 12 24
23 1 26
9 11 51
23 2 25
16 18 34
1 4 57
12 14 6
18 22 52
16 19 20
15 17 51
16 20 37
9 10 50
9 11 63
14 16 27
19 22 65
9 11 2
14 16 20
17 20 11
2 5 39
18 20 46
20 23 48
7 12 45
18 22 55
12 16 41
5 7 24
0 3 48
13 17 15
13 14 55
9 12 44
18 21 42
5 8 8
19 0 65
9 13 25
9 12 10
14 15 65
3 6 38
5 9 15
1 3 44
4 6 59
11 15 24
10 12 53
7 10 50
23 3 22
19 21 6
3 6 55
16 19 60
5 9 21
4 6 58
5 7 47
9 12 14
22 2 63
3 5 59
5 9 16
8 14 36
0 2 23
6 6 64
13 18 38
0 3 55
20 1 64
9 12 35
18 21 8
4 7 66
17 22 21
0 4 55
8 11 6
21 1 21
3 4 51
17 20 50
12 13 37
12 16 15
0 3 16
16 16 15
5 9 16
20 22 57
10 12 15
2 6 37
19 22 50
5 8 62
21 0 12
9 13 43
15 15 13
19 23 64
9 10 35
8 13 29
15 18 11
4 5 35
21 0 10
0 3 41
3 7 16
9 12 23
20 22 14
13 17 65
11 14 35
21 23 3
11 14 43
20 23 60
18 21 29
15 18 49
1 4 53
17 21 58
18 22 4
22 2 6
11 15 41
19 21 13
18 20 1
22 2 61
18 21 6
1 1 39
12 17 58
9 10 30
11 13 28
1 4 6
3 5 46
8 10 24
10 14 48
19 22 8
23 1 64
17 19 9
11 14 27
17 20 54
1 5 27
13 18 42
5 8 22
1 3 20
23 2 8
21 1 61
0 3 39
21 1 61
14 18 49
10 12 7
7 8 50
2 4 3
23 1 16
7 9 60
18 21 2
6 9 50
3 9 22
20 0 23
19 23 45
14 17 36
22 2 16
10 12 48
18 20 5
6 9 21
13 17 12
21 0 29
22 1 52
0 1 28
12 15 9
5 6 10
21 0 26
7 9 41
9 14 19
8 11 17
0 1 38
19 22 59
20 0 6
1 5 20
0 2 30
7 9 61
7 12 10
1 3 63
10 14 65
21 0 39
0 2 32
9 12 50
3 6 22
10 13 2
23 1 46
5 6 54
8 11 57
20 0 31
7 12 49
4 7 26
16 19 57
4 8 51
21 23 56
19 23 39
20 1 3
16 19 64
22 2 10
18 21 63
5 7 42
4 7 29
21 0 57
6 9 10
7 10 28
2 4 42
12 17 23
11 14 49
16 18 49
0 4 60
16 19 33
20 22 49
11 12 49
22 0 59
17 18 26
3 5 43
0 4 37
4 7 52
16 20 41
7 11 3
8 10 47
23 1 64
23 2 47
14 19 32
20 23 47
23 2 21
23 1 36
16 18 9
21 0 25
15 17 25
9 12 25
23 2 59
0 1 28
2 6 35
7 7 34
20 1 15
17 20 33
15 17 43
14 18 49
7 11 55
18 22 19
13 16 17
1 4 18
15 18 48
15 18 17
21 0 27
7 9 43
6 8 51
4 9 40
15 18 35
6 11 32
15 18 26
14 16 6
23 1 32
6 9 45
21 1 65
19 21 57
18 22 55
22 1 19
17 20 24
16 19 10
0 3 4
22 2 6
11 13 20
21 1 37
18 21 12
8 11 65
22 23 56
14 16 4
9 12 36
18 22 1
16 18 45
4 8 35
17 21 61
10 15 58
15 17 15
9 11 60
23 3 46
6 8 52
5 8 62
5 8 59
2 4 49
7 11 34
8 13 23
19 0 40
16 20 45
21 23 28
7 10 5
0 4 44
2 6 33
18 21 13
11 15 33
22 1 17
16 20 15
6 10 39
17 19 29
1 5 23
3 6 6
20 22 24
22 1 34
23 0 61
8 11 54
18 21 3
23 4 21
5 7 53
4 9 54
15 19 36
16 17 44
0 2 19
18 19 66
7 9 7
14 17 59
8 12 58
3 6 23
2 6 48
19 0 37
20 0 45
2 4 15
11 14 29
17 21 1
20 22 54
0 4 35
7 9 7
11 14 2
15 20 49
1 4 48
20 23 53
15 20 40
4 9 13
23 4 3
2 5 61
4 8 28
19 21 17
21 0 48
2 6 40
4 8 57
18 22 52
15 19 8
13 16 62
18 22 10
7 9 14
9 11 9
4 7 28
11 14 32
2 5 10
5 9 46
18 20 64
20 0 13
3 6 43
14 17 12
21 2 62
19 19 34
15 19 26
22 1 62
0 3 47
21 23 16
14 17 33
11 14 37
17 21 66
13 14 1
23 2 11
16 18 42
12 16 46
1 5 46
4 8 1
23 2 22
7 9 14
3 7 24
1 3 52
1 4 28
4 8 2
13 17 32
15 16 6
9 13 36
23 5 60
22 1 63
22 0 57
1 4 51
19 22 55
1 2 31
0 3 9
19 22 14
12 15 31
11 13 55
11 14 8
3 5 57
5 7 42
21 0 55
18 21 38
7 11 58
0 5 29
18 21 51
7 10 37
21 1 34
15 20 20
5 8 18
0 3 39
21 0 44
0 3 6
6 10 5
3 6 44
4 7 66
23 1 66
20 23 18
1 4 31
22 0 48
2 4 31
7 11 55
21 1 34
19 0 54
15 18 30
20 22 5
18 0 40
12 15 38
2 4 30
6 9 38
14 17 15
5 7 23
21 1 25
9 13 64
18 21 25
9 12 15
9 11 50
7 11 7
21 1 23
20 23 5
9 13 4
0 3 4
20 22 36
7 9 8
21 0 65
4 5 61
18 21 25
15 18 65
3 6 23
4 7 61
20 0 35
1 5 57
16 19 2
8 12 61
20 21 38
5 8 23
1 4 12
18 22 25
22 2 36
8 11 4
7 11 35
9 11 65
1 4 38
20 23 1
15 18 3
20 1 28
12 16 12
20 23 35
2 6 15
8 10 16
1 1 35
17 22 23
17 19 17
13 15 44
22 0 29
10 14 64
10 12 8
1 6 63
21 1 27
3 8 8
14 16 26
20 22 43
21 23 29
9 13 50
2 6 25
19 22 56
22 1 36
16 18 36
16 18 39
5 8 49
0 3 11
5 9 13
10 14 57
23 3 58
7 9 30
11 13 25
16 20 9
15 19 36
8 10 59
10 13 47
9 12 21
21 0 12
11 16 18
13 15 44
20 22 61
22 2 39
8 11 48
12 14 22
12 14 38
10 12 1
0 2 48
12 15 33
17 19 31
18 20 20
4 8 50
14 17 35
11 14 29
8 11 48
23 3 34
22 2 2
1 4 15
15 19 21
6 10 61
14 18 24
12 14 42
8 10 42
15 18 59
8 11 20
17 20 49
11 15 44
17 19 34
8 10 65
16 19 25
0 4 61
6 8 36
22 0 49
22 0 5
12 15 1
6 9 13
17 21 7
17 19 13
21 23 36
14 17 61
2 5 8
7 9 6
0 3 39
19 20 49
3 8 26
13 15 47
0 3 12
3 6 17
0 2 25
7 9 40
8 11 50
22 1 24
15 18 60
13 16 46
3 6 12
5 7 21
12 15 14
4 8 29
2 7 51
15 20 14
16 18 16
20 22 47
12 14 2
2 5 15
22 1 19
6 8 48
23 4 28
8 11 24
17 20 53
17 19 65
2 5 1
9 11 26
2 7 3
0 2 34
19 20 55
19 21 9
20 23 41
5 8 64
2 3 24
9 12 56
17 20 25
18 19 63
8 11 47
20 0 30
9 12 6
2 4 8
0 1 29
12 16 63
15 17 13
5 7 55
18 21 10
0 3 21
23 2 14
17 18 15
21 22 3
7 9 14
8 10 26
18 21 17
0 4 53
1 4 8
20 0 49
4 6 11
10 13 25
8 10 8
6 9 6
14 18 2
5 8 6
11 14 57
21 0 58
11 15 49
21 23 59
1 4 51
10 13 48
16 17 2
20 1 64
10 15 44
10 13 26
