1000 60
38 34 26 35 20 13 13 45 27 51 36 50 4 13 35 59 31 7 41 4 58 25 2 35 28 13 29 58 20 20 12 35 15 49 40 55 32 11 43 3 41 46 16 43 24 43 32 25 10 4 8 31 48 36 51 9 58 45 38 27 
16 20 14
18 19 11
7 9 39
6 8 41
2 5 35
3 5 58
16 18 25
2 5 54
2 6 31
5 9 16
4 6 53
6 8 31
14 17 3
8 12 43
8 11 47
3 7 52
18 21 54
5 8 46
3 5 46
7 10 41
20 0 39
6 9 14
14 19 16
19 0 50
8 10 8
15 18 17
13 15 41
23 4 6
22 23 17
10 14 9
1 5 59
16 19 8
6 9 31
6 9 60
15 17 22
3 6 16
2 5 30
22 2 51
7 10 39
20 23 49
3 5 41
3 5 36
15 18 7
20 1 21
19 23 38
12 15 30
0 3 1
2 6 8
10 14 52
13 16 32
23 1 33
4 6 44
5 9 57
14 16 2
9 12 11
15 19 7
16 19 53
8 10 7
4 7 45
15 19 57
4 6 20
23 2 12
6 10 35
22 2 36
18 20 7
15 19 5
12 15 13
1 5 58
6 9 19
19 23 28
5 8 41
16 19 59
4 7 22
15 17 32
0 3 20
4 7 19
11 13 43
16 18 18
22 2 12
23 3 6
23 2 38
0 4 16
12 16 52
4 6 36
12 14 49
2 5 22
21 0 15
12 14 59
23 2 5
9 11 28
9 12 34
9 10 10
13 15 1
5 10 49
17 20 19
19 20 2
12 15 48
21 2 19
4 6 45
2 6 55
18 21 55
11 13 43
12 15 41
23 2 38
10 15 31
0 2 14
19 21 55
10 12 25
5 8 48
0 2 28
13 17 22
18 20 58
14 17 29
19 21 58
23 2 4
14 17 36
11 14 31
4 7 32
21 22 38
17 19 47
13 16 38
18 22 53
12 16 56
2 4 51
22 0 49
1 4 21
16 20 15
16 17 39
17 19 9
23 0 26
3 6 13
4 5 23
19 22 21
6 7 49
13 17 36
2 5 50
6 9 42
13 17 26
14 18 40
1 5 49
22 2 50
16 20 57
17 20 36
1 3 29
1 4 58
22 1 7
1 4 49
6 10 21
17 19 40
14 18 28
8 11 50
20 23 45
7 10 10
13 15 49
21 1 3
23 2 46
18 22 34
14 16 4
11 14 11
3 6 22
2 5 19
2 4 44
3 7 58
5 9 9
17 21 31
9 14 46
21 23 53
23 2 54
10 11 17
7 10 45
7 11 42
5 7 54
11 14 9
6 9 22
13 16 35
0 4 49
9 11 8
22 23 59
16 21 19
3 5 58
15 18 57
22 0 10
5 9 46
6 10 58
3 5 23
11 16 16
19 20 44
11 14 51
1 4 30
3 7 48
21 23 36
19 21 28
16 21 12
11 14 35
15 17 38
11 12 28
22 3 8
14 16 18
20 0 52
23 2 38
1 5 50
21 0 29
17 20 17
8 11 24
7 9 27
20 22 10
1 3 39
15 19 38
19 21 23
2 3 49
20 1 45
15 19 4
3 7 46
23 2 2
20 22 33
16 17 15
9 11 24
18 21 10
6 7 11
9 11 45
7 13 1
9 12 40
23 1 22
8 8 38
10 13 36
20 1 51
4 8 33
21 1 39
20 23 26
8 11 9
10 12 51
17 20 28
2 4 30
4 6 13
14 18 46
4 8 58
19 23 43
20 22 17
11 15 23
11 14 19
0 2 50
13 16 45
14 18 35
2 6 38
2 5 50
5 9 58
8 10 28
14 16 57
22 0 7
4 6 40
15 18 59
6 10 41
0 3 30
1 4 4
11 14 11
8 11 30
14 18 10
1 3 12
18 22 9
6 8 48
11 15 6
18 23 38
17 21 28
10 14 46
3 6 43
17 21 52
19 22 11
11 15 1
12 15 36
1 4 21
23 2 43
16 19 11
19 0 4
13 15 48
19 23 58
18 21 17
21 0 30
8 11 38
22 23 53
6 10 37
11 16 30
11 14 7
6 8 60
0 3 45
2 4 36
16 20 14
21 0 5
8 10 39
22 1 39
19 21 16
21 22 33
22 0 44
3 6 12
15 17 18
20 22 6
11 13 10
5 9 50
16 19 35
17 19 10
21 23 21
23 1 26
6 10 12
22 2 8
2 7 50
1 5 8
19 22 23
7 9 27
19 23 56
7 11 30
6 10 28
0 3 22
19 22 11
15 18 35
3 5 59
1 3 16
9 13 10
17 19 25
11 13 33
18 20 8
2 5 12
12 15 36
19 23 58
23 1 24
4 8 23
2 5 44
4 7 27
9 12 2
21 2 58
14 15 9
1 3 8
1 5 31
10 12 33
23 3 16
12 14 24
19 21 31
5 7 35
17 22 11
6 9 47
8 9 4
6 9 37
18 20 22
0 2 21
23 1 38
13 17 52
5 9 14
21 23 15
12 15 30
21 0 36
0 5 18
9 13 8
4 7 9
22 1 1
22 0 40
16 20 2
10 14 60
16 20 51
18 22 35
21 1 22
17 19 53
18 22 37
19 23 27
19 22 10
10 12 1
13 16 9
11 13 28
0 3 60
13 17 59
19 0 41
4 8 33
1 4 20
21 0 33
11 15 28
13 16 29
22 2 26
4 6 58
10 13 41
12 16 60
22 2 29
20 23 9
21 23 55
21 0 19
20 22 31
16 20 27
14 19 25
12 15 38
5 9 32
3 7 9
7 11 8
20 0 6
14 17 5
5 8 44
16 17 56
20 22 32
8 11 16
22 1 32
7 9 53
1 6 24
12 14 55
8 11 35
0 3 37
10 14 20
0 2 7
21 22 16
11 15 10
7 10 30
4 7 55
9 13 38
15 17 45
12 15 3
7 10 31
11 13 1
0 4 47
23 2 54
5 8 10
11 16 35
19 22 57
16 17 13
3 6 16
0 3 7
8 12 28
7 10 12
12 13 21
23 2 26
12 14 34
10 13 44
23 2 14
18 20 31
7 9 17
19 21 49
6 8 47
15 18 25
18 21 58
18 20 47
3 5 30
0 4 48
13 16 51
6 9 55
3 5 35
12 13 37
2 4 34
21 0 14
19 22 50
7 13 5
6 10 39
19 21 57
9 12 59
19 23 52
21 0 58
1 5 53
10 12 31
23 3 39
1 4 39
2 4 20
4 7 28
4 8 38
7 9 38
1 5 32
22 23 12
14 18 34
20 0 27
6 10 35
17 20 26
3 5 31
0 3 5
9 10 54
10 13 22
0 4 23
14 17 39
3 4 25
23 3 12
5 7 53
19 23 27
1 5 43
21 23 59
5 8 41
10 12 1
9 11 2
17 22 23
3 6 35
18 22 33
19 21 48
9 12 22
22 0 21
10 14 54
4 8 25
18 20 28
7 12 57
15 17 34
16 18 39
20 22 30
1 2 60
7 10 26
12 14 14
11 15 55
14 16 23
21 1 41
19 21 41
7 9 35
15 18 26
17 20 38
22 2 5
15 18 58
3 6 11
9 12 8
12 15 42
3 7 4
13 16 22
10 14 60
4 8 21
18 21 23
8 10 51
1 5 36
10 14 28
0 3 7
13 16 38
8 11 45
15 19 28
10 13 42
17 21 59
14 19 40
16 19 44
19 22 34
13 15 1
5 8 5
2 5 58
3 5 1
8 9 7
0 2 56
10 14 16
21 23 14
8 13 24
23 2 11
14 16 21
14 15 2
7 9 36
3 5 13
16 18 50
5 10 5
2 5 33
2 5 45
23 2 44
15 19 49
7 11 22
6 11 12
11 13 13
17 20 4
11 13 21
15 16 53
2 6 45
1 3 43
13 17 60
16 19 6
19 0 56
22 1 38
18 20 38
10 13 40
3 5 14
14 18 45
23 3 6
2 5 43
3 7 50
15 17 6
4 6 15
22 2 46
1 6 1
21 22 47
11 14 54
17 21 8
1 3 9
10 13 5
20 23 23
20 22 34
6 9 58
11 16 14
15 19 26
19 23 44
16 18 47
8 11 38
3 6 53
13 16 6
6 8 30
17 19 43
9 12 19
18 21 57
17 22 22
20 0 12
23 2 15
12 14 21
10 15 43
13 16 37
4 7 60
10 13 19
20 23 45
4 6 31
4 6 4
12 15 28
16 18 14
17 21 54
1 3 40
15 17 9
10 13 10
14 20 59
21 1 18
3 5 21
4 8 35
4 8 36
0 5 47
1 4 53
0 4 36
19 23 37
23 4 46
19 22 29
18 20 56
2 5 29
14 18 35
16 17 7
9 11 44
12 15 10
12 15 22
21 0 37
14 18 40
10 13 30
22 1 21
18 22 21
1 5 43
17 21 30
10 12 29
15 19 60
20 23 49
19 21 60
14 17 32
7 10 42
1 5 13
19 21 27
4 6 23
13 16 19
18 21 38
13 17 32
7 11 7
20 23 10
5 7 42
16 19 18
23 3 18
8 10 1
16 19 13
8 10 58
13 16 15
0 1 52
11 15 34
3 8 17
10 13 28
7 8 45
8 10 59
7 12 26
7 9 33
1 5 56
17 20 28
7 10 18
17 21 32
1 4 24
19 22 4
23 2 17
7 10 5
14 17 30
4 9 19
13 16 15
16 20 51
19 22 60
3 7 13
17 20 22
19 21 18
3 5 43
20 23 4
23 2 26
20 23 39
14 16 40
10 11 55
18 22 23
11 14 31
7 10 35
19 0 40
5 10 24
18 21 36
17 20 40
16 18 43
9 11 27
9 12 48
10 14 46
9 12 38
13 17 25
1 4 18
7 9 19
18 21 7
1 2 5
9 12 15
7 10 54
0 3 2
7 9 48
23 1 25
7 12 54
5 8 46
23 3 33
23 3 22
9 14 20
10 13 57
7 9 46
20 23 11
19 0 42
16 18 31
15 19 41
13 15 44
6 9 56
0 3 44
5 10 49
14 18 17
17 20 14
22 1 1
9 13 53
19 22 59
9 12 5
9 12 31
16 19 57
6 9 52
13 18 26
10 13 1
10 13 43
8 10 60
0 3 37
19 21 59
23 0 26
18 20 17
1 5 56
6 9 14
14 17 38
11 14 26
2 4 18
19 23 4
7 9 17
9 12 20
20 23 1
14 17 52
20 0 32
22 2 17
20 21 31
8 9 2
18 21 8
23 3 12
5 8 55
2 4 37
17 20 60
1 4 17
16 20 56
22 3 57
23 1 41
16 17 48
20 23 1
11 16 44
5 8 11
7 11 16
16 20 14
20 0 15
12 14 51
5 8 29
1 3 23
8 12 58
7 10 26
0 3 28
16 19 59
9 11 50
13 15 44
20 23 42
5 8 49
3 5 31
12 16 32
1 4 17
19 21 15
10 12 34
10 13 19
20 23 26
12 15 31
22 0 9
12 14 18
1 6 11
3 6 42
17 20 26
11 14 30
22 0 35
22 3 23
4 9 51
8 10 60
2 6 32
1 3 2
10 14 50
2 6 1
23 3 32
1 4 27
17 21 20
1 3 23
18 21 22
11 14 13
20 0 27
3 7 31
7 11 36
14 18 57
0 2 37
15 21 45
10 13 45
12 14 7
22 0 52
23 1 13
15 20 37
12 15 22
21 23 13
7 11 32
18 20 43
0 3 45
7 9 44
11 15 18
11 14 27
7 9 9
15 17 44
20 22 8
13 17 50
13 16 55
6 11 55
20 0 35
11 14 53
0 3 41
16 20 38
7 10 4
15 17 23
18 22 60
15 17 22
20 22 40
21 1 44
9 12 59
21 1 18
7 11 60
15 19 45
11 14 23
11 14 9
4 7 23
11 14 16
22 0 33
9 13 8
13 17 10
6 10 32
14 15 54
5 7 60
21 1 58
11 14 14
21 2 50
22 1 30
4 8 33
8 11 7
16 19 4
9 13 23
17 19 31
3 6 49
23 3 43
17 20 18
8 10 51
21 23 58
15 19 19
2 4 60
10 12 51
18 21 36
1 4 58
4 8 45
8 10 12
4 6 3
7 11 24
9 11 37
10 11 46
23 3 5
13 16 21
14 19 35
20 22 22
18 19 58
17 20 34
8 12 49
13 16 48
19 0 9
6 10 32
18 21 56
8 12 60
7 9 31
16 19 32
5 10 51
2 6 42
14 17 27
21 2 51
20 23 47
3 8 18
17 20 2
21 1 3
18 21 34
11 15 44
10 15 51
14 16 54
17 21 49
2 5 24
21 0 48
8 9 21
16 18 4
22 1 37
0 2 9
20 23 50
9 12 55
23 3 54
10 12 46
14 15 53
9 10 20
15 21 53
6 9 8
6 10 55
9 11 58
9 12 20
6 9 7
22 2 36
11 13 3
12 15 35
15 16 24
10 12 57
18 21 2
2 4 40
1 4 50
20 22 36
12 16 8
11 16 25
23 3 15
23 0 12
14 17 17
6 9 31
22 0 7
13 15 15
16 20 25
7 12 2
15 18 37
9 13 7
14 18 24
14 16 34
22 3 53
9 12 30
3 5 18
8 12 26
9 11 29
1 4 20
11 13 28
7 11 5
19 20 38
8 10 9
8 11 33
9 11 55
16 20 59
23 2 23
21 23 1
4 6 35
20 0 5
23 3 15
5 9 10
4 8 53
15 18 45
17 20 45
14 17 6
23 2 14
2 4 6
16 19 48
15 18 42
0 1 40
1 2 17
8 11 19
1 3 6
17 20 45
17 19 43
22 2 60
0 4 8
2 5 32
2 5 41
8 11 3
10 12 60
8 11 52
14 17 58
4 8 33
12 16 56
12 16 40
14 18 40
18 20 8
15 17 45
12 16 53
7 10 31
18 20 26
5 8 13
17 21 37
11 13 47
14 16 2
16 18 18
16 18 58
21 0 57
1 3 22
