1000 42
28 35 6 8 15 16 11 25 23 42 19 19 40 40 21 36 13 40 26 25 33 33 39 20 40 8 26 42 36 21 28 32 36 28 28 13 39 16 29 42 19 5 
4 8 6
6 10 2
16 20 34
9 14 14
8 12 5
11 13 14
13 17 5
4 7 24
21 0 26
9 12 25
23 2 21
20 22 41
15 18 16
15 17 41
3 6 19
10 13 29
10 13 35
18 21 19
7 10 3
23 2 23
2 4 4
11 16 24
9 12 30
15 19 7
4 5 42
15 16 20
1 3 22
13 15 6
10 12 39
4 8 35
22 1 18
13 14 36
2 6 18
14 17 29
14 17 26
3 6 30
11 15 27
13 16 19
9 12 35
21 1 8
9 12 33
11 15 5
21 0 18
8 12 3
7 10 6
13 17 10
15 17 3
1 2 4
22 0 25
14 19 22
17 21 31
6 9 3
1 4 12
20 23 38
4 7 33
16 19 27
7 10 19
16 19 18
1 3 32
8 12 22
12 15 17
15 17 38
2 6 36
15 18 17
17 21 9
9 12 23
1 4 32
16 17 2
22 1 12
23 2 36
16 20 34
11 15 13
17 21 10
0 4 26
1 2 27
11 14 21
19 22 39
4 8 10
17 21 29
2 6 30
23 2 29
17 21 3
14 16 1
0 1 40
12 17 7
9 12 24
20 23 38
21 23 8
5 7 23
12 15 6
2 3 38
9 12 7
9 12 11
21 22 28
17 19 34
12 13 6
8 11 12
19 23 38
19 0 5
19 21 1
11 14 3
6 9 29
13 18 2
1 4 28
17 19 2
2 5 22
6 10 15
8 12 24
3 7 32
3 6 39
19 20 26
10 13 11
23 4 16
8 9 6
0 2 8
13 15 11
1 5 23
16 20 12
10 12 20
22 1 11
9 12 27
20 0 36
10 13 30
5 8 29
22 0 14
19 22 15
11 16 10
14 18 32
17 19 17
17 19 19
9 12 15
19 22 10
0 3 21
10 13 40
20 23 35
21 0 36
9 12 16
15 20 5
3 6 11
9 12 3
8 12 33
13 16 21
6 8 17
5 9 18
14 17 7
4 7 9
22 1 33
8 12 3
2 5 19
16 20 16
16 19 11
2 5 30
5 7 36
12 15 23
9 13 11
4 8 3
22 0 6
17 20 14
8 12 14
15 19 4
19 22 12
3 4 24
12 16 34
21 23 41
10 13 32
12 15 7
4 7 9
14 17 2
4 7 15
8 11 42
7 10 9
18 20 27
23 2 6
11 14 39
17 20 32
10 12 38
5 7 20
16 18 5
3 6 39
18 21 39
18 22 32
19 0 7
4 7 22
13 14 1
19 22 41
4 7 12
11 15 11
0 3 38
10 14 3
13 14 42
22 1 10
6 9 26
13 15 39
7 11 23
18 22 18
21 1 8
22 3 40
0 3 19
19 22 33
13 15 35
4 7 10
3 6 2
20 21 37
5 7 25
4 8 35
18 23 6
6 10 41
18 21 34
9 12 27
22 2 21
21 0 41
5 7 20
22 1 1
5 9 35
3 6 16
22 0 20
19 22 11
15 17 40
21 2 34
22 1 23
10 12 4
17 21 39
4 7 10
23 2 11
7 11 39
15 16 41
14 16 36
8 11 19
8 10 20
19 23 34
8 12 16
21 23 29
4 8 16
2 3 16
18 22 37
10 14 18
8 10 1
19 20 30
0 3 42
0 2 27
5 8 26
19 22 12
12 14 33
23 2 16
15 20 21
14 18 11
2 5 13
16 20 42
8 12 17
20 23 13
13 16 25
19 21 15
18 20 41
21 23 42
5 10 23
18 20 42
4 6 21
7 10 3
1 5 42
6 8 28
9 9 11
3 7 30
3 7 2
2 5 18
2 4 6
4 8 28
2 4 27
21 23 31
23 2 40
6 10 41
0 3 19
13 15 4
9 12 1
8 12 20
19 21 41
18 20 7
16 18 11
13 15 3
22 2 4
0 4 33
16 18 14
9 11 31
15 17 28
15 18 12
8 11 10
8 10 11
5 8 32
13 16 26
2 4 23
12 14 26
6 10 27
19 22 14
6 8 40
5 8 5
11 15 23
5 9 2
17 19 8
15 18 12
17 20 31
22 1 36
14 19 19
18 22 18
16 19 14
21 0 8
11 13 30
15 18 25
6 11 24
13 15 25
7 11 39
0 3 20
2 5 27
12 15 41
5 10 23
10 13 19
12 15 24
22 1 36
12 15 23
21 1 26
2 5 2
4 8 27
14 16 29
20 23 24
22 1 31
20 0 23
19 21 13
2 4 21
14 16 39
11 13 26
16 21 40
5 7 22
19 21 20
14 16 33
23 2 28
5 7 15
6 9 20
14 18 38
14 17 15
18 22 38
20 23 33
17 20 28
16 18 24
12 14 25
3 7 29
2 4 10
20 23 2
5 7 17
13 14 36
22 1 4
18 19 11
15 16 36
18 20 21
0 4 26
16 19 23
4 6 19
3 6 6
5 10 27
15 17 40
17 21 22
2 5 32
21 22 22
16 18 2
21 22 1
5 8 21
21 22 41
12 13 25
5 7 42
10 13 13
8 11 5
1 4 1
13 16 41
9 12 21
8 10 6
21 22 30
5 7 25
2 5 17
3 6 39
18 22 25
19 21 38
19 22 9
18 21 10
7 10 9
10 13 26
4 7 22
2 4 36
12 15 2
7 9 18
21 1 35
13 18 7
17 20 13
6 10 11
8 12 16
13 16 11
16 18 41
14 16 9
5 8 13
12 14 36
22 1 4
19 21 28
21 23 16
18 22 14
11 17 39
14 18 25
16 21 37
0 4 7
18 22 40
8 10 16
22 2 10
7 9 19
14 18 30
17 21 11
12 14 9
22 1 10
1 4 19
2 5 20
8 11 30
0 3 26
7 9 35
1 4 16
7 9 25
13 18 16
16 19 15
16 18 19
13 15 5
15 19 2
7 10 40
14 16 18
22 23 11
22 0 31
19 23 17
2 7 33
9 13 2
2 7 13
0 3 14
17 22 38
19 22 1
15 17 35
11 16 4
21 23 22
18 0 34
8 10 8
22 0 37
11 12 6
20 23 18
23 2 2
22 0 25
16 19 19
17 19 23
1 4 33
12 16 19
11 14 27
9 13 23
21 23 30
14 17 29
17 20 16
6 7 41
17 19 42
5 7 8
8 13 9
11 17 23
15 19 40
7 10 30
0 4 15
18 22 35
18 20 15
14 17 42
8 9 39
23 1 19
6 8 16
8 11 19
5 7 2
23 3 9
18 21 31
9 10 39
10 12 12
21 23 12
6 9 12
11 14 35
13 16 4
7 10 37
8 11 15
0 4 35
21 1 36
17 20 9
3 6 4
6 9 22
8 11 15
17 20 31
23 1 39
22 3 28
3 6 37
12 15 8
4 8 13
23 3 34
11 15 8
6 9 17
18 20 11
9 11 16
17 20 8
13 17 7
11 15 27
17 19 29
10 14 23
0 3 33
2 5 42
12 15 3
10 13 20
8 12 15
23 2 29
9 13 36
14 16 27
19 23 29
8 12 14
18 21 28
17 20 15
14 16 33
12 15 24
3 6 21
21 23 19
6 10 40
3 6 32
18 21 6
22 2 22
18 20 7
23 1 12
5 7 34
5 8 6
10 15 40
18 20 38
21 0 6
8 11 21
11 14 32
13 16 23
8 11 38
5 7 39
1 3 7
12 16 1
4 6 3
15 17 19
3 5 38
14 17 34
15 17 27
20 0 21
8 11 19
0 2 20
23 3 17
0 3 10
4 8 5
18 22 41
20 0 15
12 14 10
22 1 17
23 2 35
17 19 20
6 8 17
6 9 42
21 0 1
21 1 23
19 23 26
0 5 41
5 9 18
22 0 7
12 15 18
19 21 6
15 17 18
3 7 41
6 11 17
20 23 39
9 12 5
13 14 6
17 19 36
20 0 21
17 21 24
18 20 8
12 14 14
2 5 21
23 2 18
8 10 32
19 21 9
16 19 21
12 16 27
23 3 27
5 7 32
5 8 42
6 8 31
2 4 31
23 1 13
15 18 11
1 5 35
16 18 26
22 2 16
15 18 8
6 8 36
4 7 12
15 19 2
16 19 13
16 19 38
10 13 26
3 7 37
18 22 31
14 17 27
11 14 26
16 20 22
3 7 14
17 21 26
14 18 6
2 5 35
11 14 25
7 8 3
10 14 25
17 20 39
21 1 15
18 22 7
17 19 35
12 16 22
10 14 2
14 17 25
1 3 22
12 13 31
3 6 23
17 20 10
1 5 6
13 15 8
23 1 35
5 8 41
14 16 14
14 18 2
3 6 41
11 14 33
1 4 25
1 6 20
19 22 39
20 0 11
15 18 28
2 4 18
4 7 25
16 19 14
21 23 40
18 21 5
5 9 30
10 13 32
8 11 8
20 23 38
13 15 8
21 1 13
18 21 22
18 22 5
20 22 34
12 15 29
9 12 37
11 16 38
1 2 19
8 10 22
1 4 32
23 2 38
16 20 16
22 1 32
9 14 21
17 20 19
20 0 39
17 19 32
10 12 36
20 22 12
8 10 23
4 6 15
18 21 27
12 16 9
17 20 32
2 5 14
3 7 6
9 11 41
18 20 24
12 13 6
9 12 11
19 20 28
16 18 2
5 9 22
17 20 25
19 21 5
0 4 41
21 23 18
11 15 39
17 20 35
10 13 29
9 12 18
10 13 12
11 13 42
15 18 25
2 6 1
21 1 38
8 12 41
8 12 30
21 1 30
10 14 1
20 0 6
13 16 26
7 11 14
20 0 12
4 8 23
22 3 41
20 23 40
5 9 34
22 0 16
6 10 36
9 12 20
5 8 17
8 13 23
2 6 6
15 16 9
16 18 28
0 3 34
19 21 21
20 23 31
8 11 23
16 18 32
10 14 11
16 18 14
11 14 2
13 17 20
17 19 20
2 5 2
7 9 38
19 22 3
3 6 1
16 18 5
9 13 2
20 23 42
3 6 8
20 22 40
17 21 6
5 10 14
23 1 1
16 19 2
14 16 40
17 21 30
23 3 41
5 8 30
13 14 27
10 13 7
9 12 36
22 1 19
2 4 4
0 4 30
10 11 14
19 22 21
3 7 31
11 14 18
22 1 12
15 18 11
0 3 19
14 16 14
9 12 17
1 4 9
7 9 17
18 21 4
17 19 31
16 21 5
2 5 18
17 20 1
5 7 28
7 11 28
19 0 38
1 3 20
17 21 10
7 9 34
17 19 29
3 6 39
2 7 42
12 14 28
17 18 15
3 6 31
13 17 2
5 9 29
7 10 1
12 14 35
18 21 5
2 4 42
11 15 18
11 16 4
16 18 1
11 15 34
16 20 36
13 17 13
18 21 29
17 18 23
14 17 25
13 17 2
3 7 21
7 8 8
1 3 32
4 9 12
18 22 5
21 0 40
17 20 38
0 3 32
10 14 13
0 3 18
23 0 14
16 19 26
4 6 36
19 21 23
3 6 35
9 12 4
2 6 13
15 17 2
9 12 26
12 15 9
17 21 35
13 15 7
10 13 40
12 13 18
20 23 12
13 16 15
23 0 27
22 2 19
1 5 6
19 23 41
11 14 12
21 23 14
10 12 18
13 18 39
4 7 41
14 16 42
18 20 31
3 6 31
14 17 16
12 14 38
21 22 3
3 6 9
6 8 34
18 20 24
23 3 1
15 18 41
2 4 9
8 9 2
11 15 13
2 5 26
22 1 30
0 3 41
10 12 33
9 14 17
16 20 1
12 16 5
20 23 34
13 17 5
18 22 29
9 12 9
10 13 41
23 2 29
2 3 17
5 8 20
14 17 17
23 3 14
13 15 34
14 18 29
11 13 26
16 19 41
19 23 14
5 9 11
2 5 32
4 7 42
16 19 19
4 8 25
3 7 1
23 2 16
11 15 29
14 19 36
20 0 26
11 14 33
9 11 30
7 8 26
14 18 41
0 4 41
11 15 15
15 21 37
2 4 42
15 18 3
0 2 9
2 7 30
23 3 14
16 18 15
10 11 13
17 18 9
17 20 40
5 8 24
16 19 11
4 7 16
8 11 8
9 13 23
19 20 15
9 10 25
10 13 29
3 5 32
9 12 17
22 2 23
1 3 38
13 16 15
9 12 2
3 6 2
4 7 9
8 10 23
4 6 41
3 5 20
20 23 38
8 12 36
5 9 32
13 17 11
3 6 6
20 1 25
14 17 23
20 0 39
19 23 1
5 7 41
21 23 27
17 19 5
9 12 22
15 17 12
5 9 18
2 7 19
19 21 24
12 15 25
20 1 15
15 17 16
7 9 14
14 16 1
18 21 17
0 3 14
1 3 1
9 12 4
20 23 20
6 9 31
3 5 34
22 2 25
15 17 23
4 8 4
13 14 9
9 13 3
9 11 38
0 1 6
15 17 30
18 20 4
22 1 6
2 5 7
1 3 24
17 20 1
20 0 10
23 3 41
12 14 17
3 8 36
20 20 11
16 19 4
5 9 28
7 10 24
21 23 17
12 15 38
4 6 38
10 11 30
4 5 24
17 20 6
14 18 40
5 7 8
3 5 34
5 8 10
22 0 22
8 12 2
23 4 1
16 19 10
6 7 17
8 9 30
1 3 33
17 20 32
8 11 26
8 12 28
17 19 42
18 22 27
9 13 27
17 20 30
6 9 9
19 0 31
9 12 6
5 10 2
22 1 27
20 23 37
19 22 19
17 19 9
17 19 39
18 20 23
0 2 20
23 2 36
0 3 15
2 7 15
22 1 28
18 21 34
21 0 13
22 1 23
12 15 29
16 19 30
5 8 13
6 8 14
13 16 19
18 21 37
