1000 49
43 45 18 23 45 13 24 45 25 18 8 48 46 24 33 16 47 20 34 48 1 31 44 21 40 32 40 28 9 17 3 46 33 28 35 2 33 17 38 38 37 47 47 8 38 42 11 7 4 
13 16 7
12 15 45
22 23 27
9 13 1
15 17 35
7 10 20
16 19 32
18 22 3
12 17 45
19 23 6
14 19 38
1 4 13
19 23 39
22 0 16
4 7 28
22 1 16
9 13 39
8 12 36
10 14 21
1 4 47
4 8 27
0 2 1
18 21 4
16 18 28
11 13 39
5 7 7
8 12 41
7 11 26
4 8 46
1 4 21
19 23 18
13 16 28
15 19 9
1 4 3
17 20 35
8 11 9
5 7 44
5 7 4
6 9 35
23 0 37
23 3 49
1 4 1
1 4 1
15 16 16
19 23 42
14 19 42
2 6 45
21 1 48
10 13 40
16 19 32
13 16 17
19 21 20
19 22 12
10 13 19
12 14 10
22 23 46
4 8 30
13 15 5
2 3 9
21 1 21
19 21 27
14 18 13
6 9 2
10 12 15
6 9 4
21 0 32
20 0 6
12 15 44
19 22 31
13 15 49
6 8 17
18 22 24
12 16 25
17 19 22
9 13 33
12 16 22
0 4 20
6 9 4
20 0 4
19 23 41
0 3 8
16 18 30
15 18 27
12 15 28
15 17 31
9 13 43
14 16 19
0 4 23
3 5 29
18 22 24
18 20 15
1 3 43
15 17 40
13 17 16
5 8 18
9 13 22
1 5 3
23 4 11
9 13 32
21 1 24
15 19 20
4 8 37
0 3 13
23 1 37
8 11 37
23 2 40
10 14 25
11 13 17
23 2 9
19 20 26
5 9 9
22 2 11
12 13 35
4 7 25
20 23 41
12 16 27
11 15 42
7 10 49
0 3 47
7 9 5
1 5 8
7 10 5
14 16 44
7 11 10
1 4 1
6 9 11
0 3 7
12 16 23
23 3 33
15 16 46
15 20 12
2 4 19
23 1 47
23 2 4
19 21 8
0 4 26
5 7 26
19 21 23
21 23 20
22 0 2
7 8 28
16 20 33
12 16 23
9 12 45
18 21 49
11 14 11
18 20 6
10 12 20
7 11 18
3 7 33
12 14 8
9 12 2
14 15 36
5 8 20
4 8 44
6 9 22
15 18 46
1 4 11
23 2 33
19 0 9
8 11 41
16 18 16
13 17 13
14 17 19
5 8 25
6 9 9
16 19 1
17 19 9
6 8 38
16 20 2
4 7 32
18 20 49
15 19 34
20 23 31
20 1 20
7 10 5
1 6 11
14 17 20
19 22 47
12 16 24
10 12 1
11 13 33
21 1 28
19 23 33
5 8 31
10 12 20
6 9 19
21 0 17
6 10 22
19 22 33
9 13 3
22 0 39
20 22 37
14 16 28
17 21 14
4 6 39
15 18 44
0 3 29
5 6 21
20 23 29
18 21 20
17 19 10
18 20 33
5 7 44
11 16 8
1 3 45
6 8 27
1 4 8
0 4 33
8 9 47
12 14 8
19 23 20
9 12 47
14 18 36
11 12 44
3 7 15
2 5 46
12 16 31
20 0 14
1 4 11
15 18 11
17 20 8
22 1 20
1 4 19
20 23 24
17 20 35
5 6 29
14 18 6
7 11 36
13 15 16
1 5 27
13 13 40
0 4 23
15 18 25
10 13 43
1 3 35
8 10 36
17 22 45
18 22 25
22 2 24
22 1 31
15 19 25
4 6 13
1 2 28
10 12 35
19 23 17
14 17 47
16 20 28
5 8 10
8 12 8
13 14 39
15 18 5
22 1 47
14 16 33
15 17 11
23 3 6
17 20 33
0 1 26
0 3 2
14 18 40
10 15 4
13 17 32
3 8 49
6 12 22
3 5 46
7 10 23
17 18 9
7 9 43
19 22 35
18 22 44
13 18 25
13 16 19
16 20 29
1 4 17
14 18 33
6 10 9
20 23 47
8 12 23
15 18 13
5 8 10
1 4 28
10 14 31
3 4 36
3 6 10
21 1 22
15 18 19
13 17 22
22 0 10
5 7 5
3 6 49
16 18 1
15 21 46
19 23 37
16 20 20
16 19 11
6 8 6
14 18 13
5 7 21
0 2 14
2 4 31
8 10 34
9 11 29
1 4 27
8 10 30
16 20 27
2 4 31
13 17 4
18 22 46
13 16 6
6 8 32
21 23 37
4 9 14
20 23 45
15 17 42
12 15 27
9 11 27
1 5 39
15 18 42
5 8 28
17 20 40
12 16 49
23 2 20
23 0 4
18 21 26
20 23 45
22 1 1
11 14 7
5 8 8
15 19 9
2 6 12
18 19 6
23 4 42
23 1 36
22 2 24
10 13 13
12 13 38
9 12 15
1 5 34
14 20 31
4 10 30
14 17 8
14 15 43
20 22 32
3 5 11
18 22 40
2 6 7
12 15 35
10 13 37
6 10 14
8 12 48
23 3 30
8 10 22
1 5 31
22 2 48
18 23 45
10 13 1
21 0 42
4 7 22
11 14 41
0 5 46
14 17 9
11 13 10
7 12 49
15 18 46
13 16 17
6 8 48
16 19 38
1 4 33
7 11 38
10 14 13
22 0 34
4 7 30
10 12 11
4 6 42
5 8 10
21 23 18
15 19 26
6 10 19
9 11 31
17 21 8
10 14 29
5 10 26
4 6 44
17 19 46
8 13 35
0 5 21
11 17 45
10 14 30
19 23 21
16 20 17
22 0 27
15 19 43
8 12 26
4 8 29
4 8 25
7 10 3
8 11 34
6 7 5
13 13 36
3 5 44
4 6 29
20 0 2
22 0 47
4 5 5
20 0 14
11 15 41
3 7 28
9 13 32
3 4 47
23 2 12
0 3 12
3 5 30
13 18 37
3 5 22
1 5 17
1 2 22
4 8 39
6 11 8
22 1 5
3 4 47
14 16 25
18 22 28
3 6 8
2 7 16
20 23 27
9 11 39
2 3 47
12 16 48
1 5 30
16 19 44
0 3 18
18 21 40
10 11 27
2 4 22
12 14 17
9 12 26
4 8 15
21 1 24
22 0 8
10 13 14
5 8 12
17 22 10
6 10 31
15 17 17
8 10 3
21 22 30
13 17 42
10 12 19
2 5 10
4 8 46
19 22 31
3 6 32
6 9 31
9 13 8
21 0 2
3 5 12
10 13 44
1 3 9
9 11 5
14 16 7
4 8 28
6 8 45
0 2 6
5 9 22
23 2 42
21 0 35
12 14 25
10 13 21
19 22 6
21 0 9
15 17 18
15 18 29
16 18 5
18 21 42
4 9 19
14 16 39
12 16 48
17 19 47
10 13 35
17 20 3
1 2 33
2 6 9
12 14 25
21 0 26
10 14 41
20 23 36
22 1 44
18 21 14
16 19 47
20 23 20
7 8 4
20 23 26
15 16 46
10 13 39
19 0 36
19 20 3
13 16 8
7 11 1
3 7 41
16 19 18
5 8 25
22 2 8
15 19 47
16 19 23
12 15 41
22 2 46
14 17 42
21 23 42
0 3 47
5 7 41
20 23 31
14 15 11
6 8 37
17 18 3
22 1 32
4 8 28
0 4 48
9 12 26
9 9 44
21 0 21
3 7 34
13 16 29
15 18 31
20 22 36
0 3 31
0 3 4
14 17 2
20 2 29
10 13 42
17 20 38
8 12 10
0 1 36
12 17 34
16 19 26
7 9 31
21 23 29
0 2 14
7 10 29
13 16 6
2 3 16
14 17 13
17 18 21
12 16 11
11 15 44
14 16 29
14 15 18
0 3 13
10 14 39
15 18 35
13 14 20
17 20 34
15 20 37
21 23 29
10 13 5
6 10 30
11 15 13
15 19 8
3 7 35
19 22 30
13 15 5
5 10 5
14 19 30
12 13 18
5 9 42
18 21 32
23 3 42
2 5 9
23 2 23
18 21 2
10 14 31
11 15 40
20 22 5
8 11 38
10 13 19
22 1 30
6 9 8
18 21 9
0 3 28
1 5 1
0 1 29
12 14 29
21 1 25
2 6 19
6 8 44
0 2 21
13 15 12
20 22 17
23 4 45
15 17 2
1 4 32
0 2 35
6 9 44
18 21 14
10 11 6
5 9 45
21 0 24
7 9 28
15 18 40
6 10 34
20 22 15
9 12 42
17 21 27
6 8 45
9 13 8
23 1 28
0 3 38
18 21 15
7 10 26
2 6 49
10 14 23
1 7 3
10 14 33
10 15 22
5 8 14
22 1 48
21 1 42
18 20 19
19 21 47
2 6 15
15 19 49
8 11 47
7 9 8
12 13 20
12 13 37
21 1 43
13 17 26
16 20 46
0 2 20
2 4 7
23 1 43
18 21 11
0 3 8
13 16 36
22 0 27
3 6 13
12 14 42
13 17 29
16 20 4
11 13 12
6 9 13
22 0 12
8 11 8
10 13 17
14 16 12
8 11 5
15 17 45
1 4 44
17 21 31
14 16 24
10 11 25
14 18 14
21 0 48
11 15 11
15 18 7
5 7 33
14 16 42
18 22 44
22 0 41
17 20 14
12 16 22
5 9 13
20 23 3
14 19 45
2 5 27
20 23 28
3 5 7
7 9 38
7 9 32
20 23 10
20 1 25
19 22 14
14 18 23
3 7 12
2 5 29
9 12 46
8 10 2
6 9 44
6 10 24
18 22 46
21 1 12
23 1 29
21 0 18
12 16 11
19 21 16
20 0 19
9 11 11
23 4 39
4 7 14
21 1 2
13 15 21
9 12 20
19 23 11
3 6 11
18 21 18
22 1 30
8 9 36
16 19 17
19 22 1
19 22 30
0 2 3
20 1 4
19 22 49
12 15 46
15 19 9
15 18 1
11 13 11
9 12 6
0 4 47
22 1 30
23 2 19
17 19 12
23 1 41
23 1 2
18 21 39
14 16 46
21 1 27
21 1 6
7 11 13
23 1 13
12 13 12
16 18 28
5 7 49
11 14 2
21 21 1
5 9 19
4 7 35
11 15 20
4 5 24
2 4 35
13 15 30
20 0 32
21 23 10
12 16 29
19 22 35
18 19 16
16 18 26
18 20 39
23 1 5
11 12 43
2 8 33
0 3 18
5 8 8
21 1 10
6 9 2
19 22 6
21 23 26
6 7 35
23 1 33
19 23 9
7 11 49
17 20 29
22 2 8
6 9 20
11 15 35
3 5 48
17 21 6
2 5 27
7 10 41
1 4 35
5 8 12
6 8 23
6 9 19
13 16 37
17 20 49
2 6 35
8 10 11
3 7 38
2 6 22
22 0 36
5 9 10
0 3 3
3 6 2
14 16 29
3 6 44
21 23 48
19 23 26
17 21 37
9 12 37
0 3 35
1 6 3
3 5 5
21 2 33
8 12 12
18 23 36
5 8 38
8 12 27
1 3 11
14 16 39
3 7 24
17 21 27
14 19 12
10 12 38
18 21 35
7 12 15
20 23 24
13 14 31
15 18 2
13 17 36
7 8 10
17 19 38
22 0 14
1 4 6
10 12 10
14 17 46
19 22 6
12 15 36
7 10 23
10 11 22
10 14 14
2 4 37
22 2 22
8 11 26
17 21 16
4 6 2
19 22 46
15 18 16
3 6 10
18 22 41
1 4 15
6 9 33
13 18 3
22 2 11
11 13 17
0 4 28
9 11 23
17 21 39
1 3 23
15 17 45
17 20 43
4 7 28
19 21 32
20 22 45
4 7 12
0 4 9
8 11 46
0 2 13
20 0 8
9 11 7
12 15 8
4 8 22
12 16 8
22 2 34
22 1 27
22 1 41
1 4 46
14 17 26
3 5 45
13 15 44
7 9 33
19 21 38
22 0 34
12 16 6
10 13 31
10 14 39
6 9 24
5 7 26
21 0 40
13 16 42
10 13 35
20 23 43
6 10 38
15 19 10
14 18 17
21 1 28
3 6 38
23 1 40
19 23 13
17 19 34
4 6 27
16 19 36
13 14 5
11 15 36
6 10 45
21 2 36
6 7 33
13 16 46
15 18 37
11 15 24
11 15 5
12 15 24
22 3 49
1 4 23
20 0 46
22 0 46
13 17 38
21 0 1
3 5 41
9 11 40
23 1 49
8 11 23
18 21 34
12 15 26
21 23 10
2 4 38
9 12 24
9 12 23
22 1 12
10 14 25
17 18 40
20 0 5
15 17 22
19 22 18
17 21 1
9 11 16
11 15 20
11 13 27
8 10 16
14 16 10
9 13 3
19 0 25
18 21 2
23 1 15
13 15 21
1 3 7
6 10 40
21 23 15
9 12 8
23 4 17
16 19 26
15 20 33
3 6 26
14 17 19
12 14 28
20 1 27
7 10 23
5 8 1
0 3 8
19 22 47
5 10 14
6 9 5
16 18 29
22 2 13
4 5 40
21 2 18
10 12 42
6 10 28
21 0 48
13 15 7
15 18 43
20 0 9
15 17 39
4 7 36
2 5 25
23 2 21
13 16 45
8 12 4
20 0 17
13 15 1
14 18 36
0 3 49
6 10 7
6 10 5
16 19 3
0 2 23
11 15 15
17 21 41
16 18 45
13 15 23
3 5 23
9 11 2
5 8 26
13 16 28
12 15 42
7 9 31
10 13 15
14 17 16
4 7 41
12 16 42
21 0 33
18 22 13
7 10 10
12 13 12
15 19 38
16 18 45
6 9 12
1 4 32
15 19 9
19 22 11
23 3 10
2 4 27
11 14 4
9 14 34
14 17 24
6 10 31
6 11 17
18 21 3
11 14 28
10 13 19
13 17 1
22 1 26
22 2 21
15 17 14
15 18 35
22 1 26
20 20 7
4 7 17
18 21 1
11 15 44
1 4 41
12 15 11
