1000 8
1 6 4 4 7 7 1 6 
16 19 4
19 22 1
12 17 6
15 16 8
22 1 2
23 3 1
2 4 8
23 3 2
17 20 6
3 5 7
3 5 8
9 11 8
10 13 7
23 3 6
5 8 5
23 1 3
0 5 2
14 17 4
17 19 2
13 15 1
14 16 2
21 0 3
7 10 1
8 11 4
20 23 5
7 11 6
12 14 6
13 16 5
3 4 6
1 4 6
14 16 5
10 14 8
4 7 8
2 4 7
10 13 8
18 23 7
6 11 7
7 11 7
11 15 3
8 12 3
15 18 1
5 11 4
17 22 7
17 18 2
22 0 2
6 9 3
16 19 7
18 21 2
14 16 2
8 12 5
8 11 6
8 11 1
1 4 5
6 8 4
20 1 1
7 10 2
20 1 6
11 16 6
8 13 1
3 6 5
20 0 4
9 13 1
15 18 5
22 0 6
23 2 3
15 17 4
6 9 5
19 23 3
14 18 5
11 15 4
22 23 4
20 22 2
11 14 5
20 22 8
13 15 7
10 13 7
7 10 8
20 22 8
0 2 6
15 18 8
8 12 2
22 1 6
9 15 5
20 22 7
12 15 8
7 11 3
18 19 4
9 13 8
1 6 6
1 5 2
3 6 7
9 12 7
15 18 7
22 23 2
1 4 8
17 20 7
1 5 2
9 12 2
7 9 7
10 13 6
18 21 5
11 14 8
16 20 3
21 0 8
1 5 6
23 1 6
17 22 4
12 15 5
13 15 1
11 14 7
7 10 6
23 2 7
2 4 4
11 13 5
3 8 6
2 5 5
2 6 6
19 0 4
22 1 4
10 12 8
4 7 1
20 23 4
14 17 5
23 0 3
1 5 5
15 17 6
22 3 7
22 1 6
18 20 8
3 5 7
16 18 7
0 4 3
11 14 4
18 21 5
1 3 5
8 10 6
21 1 2
17 21 3
0 4 7
9 12 7
0 4 7
16 19 5
7 10 1
14 16 7
9 11 1
14 17 4
3 5 6
21 23 6
12 17 1
2 5 5
12 14 5
21 0 8
16 19 8
14 16 2
14 17 8
7 8 1
17 21 1
19 21 7
22 2 2
18 21 4
5 7 4
8 11 8
16 18 7
10 12 6
21 0 3
14 17 4
12 16 2
1 3 6
21 0 1
19 0 8
2 4 2
20 0 3
18 20 8
14 17 3
4 6 3
8 11 2
15 17 8
8 9 8
23 4 6
14 17 1
5 7 3
1 4 3
10 13 8
21 22 3
0 2 3
2 6 2
10 14 8
11 15 3
6 8 7
11 13 2
18 21 3
22 2 2
0 3 5
1 5 2
5 7 3
9 13 7
4 7 2
3 4 8
23 2 1
18 22 8
6 8 5
13 15 7
9 13 6
20 23 8
9 12 4
14 16 4
9 12 3
1 3 3
18 22 3
15 17 8
17 20 8
17 19 1
3 7 7
5 8 5
18 21 1
7 11 1
22 1 3
0 1 8
12 16 8
23 2 6
23 2 5
9 12 8
14 17 5
18 22 8
10 13 8
0 5 2
7 9 7
0 3 3
16 19 6
13 17 1
14 16 5
2 5 2
18 20 3
22 2 1
13 16 8
6 8 5
4 8 5
8 12 2
20 23 6
20 22 3
4 5 3
15 18 2
10 13 3
21 23 5
23 3 7
4 7 7
8 10 5
23 1 7
22 2 2
23 1 7
3 5 6
21 22 1
8 11 2
21 23 2
22 1 5
16 20 1
1 5 2
17 21 7
18 21 6
1 6 6
14 17 4
0 2 7
10 15 7
21 1 4
14 16 8
11 14 2
4 8 5
3 7 4
22 0 6
23 2 8
18 21 3
20 23 3
23 3 1
21 22 7
7 10 8
18 19 6
17 18 3
10 14 8
3 7 3
7 10 8
3 6 8
15 16 7
8 12 8
12 15 6
4 7 8
20 21 2
1 3 5
6 9 2
9 10 1
23 3 2
17 20 7
0 1 5
15 19 1
7 9 2
23 2 5
12 15 5
9 12 8
16 21 1
23 1 8
13 18 8
16 19 8
7 9 2
10 11 7
23 0 7
6 9 5
21 23 3
9 12 4
11 13 5
20 22 6
20 1 3
6 8 5
6 9 3
5 7 6
6 9 3
6 9 4
6 10 5
18 20 2
22 1 3
13 15 8
8 11 5
16 18 3
10 14 8
4 6 4
9 10 7
2 5 5
5 9 8
3 7 4
16 20 1
6 9 4
16 20 6
15 18 7
7 10 4
7 9 4
17 20 2
11 13 2
20 22 4
16 17 3
6 9 1
1 2 2
11 13 3
14 18 2
22 0 8
21 0 4
14 16 5
6 11 1
15 20 5
15 17 1
8 10 3
15 19 3
20 23 4
10 13 5
2 4 3
23 2 7
4 9 3
2 6 3
5 7 4
22 1 6
4 7 4
0 6 3
13 16 7
0 1 6
18 21 2
20 0 5
11 14 8
15 16 3
13 15 8
12 16 1
16 19 1
4 7 3
8 12 6
13 15 2
0 3 8
20 23 5
15 17 4
1 4 4
15 17 2
12 14 3
23 2 1
10 13 5
7 9 5
15 19 3
16 19 2
16 17 2
8 10 1
11 14 4
6 9 8
17 20 5
21 23 4
9 11 4
15 18 5
0 4 5
20 23 6
18 22 5
5 8 2
7 9 2
17 20 8
19 21 8
12 15 3
14 16 3
17 19 7
10 12 3
0 3 8
7 11 8
7 10 6
12 16 5
1 3 6
11 14 6
7 11 3
5 8 3
23 2 8
23 3 4
19 22 3
2 5 5
21 0 5
7 10 7
1 5 5
11 13 8
10 14 5
9 13 7
10 13 4
16 19 6
13 17 5
9 11 1
18 22 2
15 17 4
11 14 1
11 13 5
3 5 6
6 8 1
15 17 5
9 10 2
7 10 6
6 8 5
14 18 8
6 8 4
11 15 2
15 18 2
9 11 3
13 16 5
3 7 5
17 20 5
3 6 4
8 11 5
2 5 7
2 4 3
11 13 7
22 2 6
22 1 1
14 17 3
12 16 6
19 22 7
12 13 7
2 6 2
14 16 8
15 19 3
5 7 5
22 1 7
22 1 5
18 20 3
19 23 5
6 9 8
3 6 4
17 18 2
4 7 4
22 2 6
2 6 3
13 17 4
3 8 4
19 21 6
15 20 3
4 7 4
23 0 6
17 20 1
18 22 4
7 10 6
7 11 8
16 18 1
7 10 3
21 0 4
15 19 2
8 10 2
15 18 3
6 7 5
3 7 3
9 10 7
23 1 5
3 5 3
18 20 2
17 20 7
20 22 3
4 6 1
1 2 3
17 21 3
18 20 3
8 11 8
16 20 8
12 15 7
0 4 8
20 23 6
8 13 3
18 21 2
15 18 5
11 14 7
12 16 5
10 13 4
22 1 2
15 18 2
8 10 4
2 7 1
22 1 2
7 11 5
23 3 6
20 23 3
14 17 1
9 12 7
9 14 4
13 16 3
21 0 4
19 22 3
20 21 1
22 23 1
3 6 1
7 10 1
15 18 2
10 14 3
15 20 7
19 22 6
7 11 7
15 19 5
2 5 4
0 3 4
15 16 5
0 2 7
21 0 2
7 11 3
19 22 6
3 5 6
22 0 4
17 18 3
16 18 2
0 4 6
12 16 6
16 19 5
13 17 5
1 5 2
10 14 5
14 18 3
7 10 8
4 6 5
14 18 6
8 8 5
22 1 8
6 7 8
3 5 1
8 11 7
22 0 5
6 9 7
17 20 3
22 2 5
14 16 1
20 0 3
18 20 8
13 16 2
16 18 7
10 14 4
19 22 8
21 1 6
10 12 6
10 14 7
8 12 6
11 16 6
18 22 4
7 9 1
0 3 6
2 5 4
2 6 1
3 6 1
23 3 3
19 23 1
20 23 6
1 4 6
7 11 7
8 11 5
23 0 6
4 6 1
2 4 5
16 18 5
17 20 1
23 2 8
17 19 1
0 4 8
1 5 4
20 0 2
9 13 2
8 12 2
20 0 2
17 21 5
17 21 7
16 19 6
5 6 5
22 2 1
18 20 1
17 20 4
13 17 1
11 14 2
3 7 6
2 5 3
15 17 5
4 6 2
4 7 3
1 3 7
11 13 1
2 5 7
21 0 2
14 18 3
5 7 5
5 8 1
6 10 7
18 22 5
17 21 3
5 6 8
21 0 7
19 21 6
4 6 4
16 19 1
17 20 6
1 4 4
14 16 2
11 16 6
13 16 1
15 19 2
13 16 4
2 4 1
23 3 2
10 13 5
12 14 6
21 23 6
17 19 5
6 10 5
10 13 3
21 23 2
15 18 6
19 22 8
8 10 7
20 1 3
1 3 3
3 6 8
3 7 1
2 6 8
23 2 6
13 14 8
0 3 3
23 3 1
16 17 4
2 3 4
3 8 5
12 15 5
10 12 4
15 18 8
20 23 5
15 16 5
9 13 2
7 10 2
17 20 7
3 6 1
0 1 7
11 15 3
9 12 1
10 12 6
11 12 3
5 8 8
16 19 8
12 16 4
20 0 7
20 23 1
11 15 2
21 2 3
17 18 6
12 16 8
11 15 5
23 2 7
8 10 3
5 9 5
7 9 5
15 18 7
13 15 8
5 9 5
13 15 3
15 19 3
5 7 1
1 3 5
0 3 5
11 14 3
7 9 7
15 16 5
17 19 3
3 5 3
21 1 7
5 9 5
4 6 6
15 19 2
15 17 6
13 17 2
19 22 4
0 3 4
16 21 4
5 10 8
15 17 6
17 20 5
19 21 6
5 9 3
8 11 5
22 2 7
15 18 8
22 1 1
15 18 8
6 9 5
17 20 4
4 7 3
3 6 7
13 15 5
19 21 8
10 12 5
7 10 2
10 13 8
19 21 4
18 21 4
7 9 8
16 20 6
23 4 3
16 19 2
11 14 4
12 15 2
12 15 5
1 4 1
4 7 6
8 11 6
18 20 7
20 23 4
9 13 8
5 6 6
23 2 6
8 10 2
3 7 1
17 19 3
10 13 7
18 22 4
16 18 1
22 2 2
6 7 5
11 14 7
2 6 1
14 17 7
4 8 7
9 13 3
21 0 6
23 1 4
10 13 4
1 1 7
2 6 1
2 5 6
14 18 6
19 22 5
2 4 2
18 21 4
17 22 5
5 7 6
16 19 2
1 6 5
4 6 8
18 20 3
10 13 8
6 9 3
17 19 5
22 1 5
5 9 4
8 11 5
15 19 8
9 12 8
0 4 8
22 2 8
23 2 3
1 2 7
19 19 4
13 16 5
17 21 5
20 22 6
15 19 5
7 10 3
10 11 8
7 12 8
13 16 8
19 21 1
5 8 3
1 2 8
13 15 6
12 16 7
11 14 3
16 19 6
1 4 4
7 10 3
0 2 3
1 5 1
22 2 1
13 17 1
14 18 2
22 0 2
15 17 7
23 0 3
7 9 8
7 10 1
8 11 4
23 3 8
10 12 3
12 16 8
20 0 2
4 8 7
1 5 1
7 11 3
5 7 3
16 20 5
23 0 5
13 16 6
16 20 1
3 7 8
5 11 6
9 11 7
7 10 8
18 21 6
22 1 3
5 8 8
22 1 7
5 8 2
11 15 8
12 14 2
7 11 5
2 5 1
3 5 6
15 20 7
13 16 2
9 13 7
20 22 6
18 20 3
4 7 5
18 22 6
23 2 2
4 8 1
22 1 6
5 9 1
7 9 4
7 10 1
12 15 1
13 16 7
1 4 1
4 6 1
4 7 5
18 22 5
11 14 7
2 5 6
6 8 3
19 23 2
2 3 2
16 18 1
1 4 4
12 13 7
2 4 7
3 5 6
13 16 1
10 15 4
7 10 6
17 21 1
9 12 6
9 12 3
7 11 3
5 6 8
13 17 2
19 23 8
0 1 4
9 13 3
5 8 6
19 22 6
18 21 1
21 1 1
13 14 3
19 23 7
2 6 2
4 7 7
10 12 2
18 20 3
23 2 3
2 4 8
18 21 8
13 16 5
12 16 2
7 10 6
9 13 6
20 23 6
13 15 7
0 3 4
5 8 6
12 16 3
7 10 5
14 16 2
3 7 6
19 21 8
18 19 6
2 5 6
21 1 4
14 16 4
11 14 8
7 9 5
8 11 1
9 12 3
6 9 5
5 9 4
19 21 8
5 7 5
0 4 4
7 10 1
17 21 1
1 5 1
17 21 1
12 15 2
2 3 2
11 13 1
0 4 2
5 8 6
12 16 8
14 18 1
9 11 8
22 1 3
12 14 8
9 12 2
18 21 2
6 9 4
2 4 2
12 14 3
14 19 7
8 10 6
12 16 1
1 4 1
15 18 6
18 20 3
17 19 6
17 21 8
19 23 6
15 17 1
3 7 4
11 15 3
7 11 3
9 12 8
9 13 2
18 21 2
14 17 2
0 4 4
23 1 8
19 21 1
21 0 2
17 20 5
20 0 1
18 22 3
4 7 4
3 5 8
11 14 6
22 0 1
9 13 1
1 3 7
6 11 5
0 1 1
20 22 5
20 0 8
18 19 4
19 21 6
6 9 7
19 22 4
1 4 7
4 6 8
22 0 2
9 12 8
21 23 2
19 0 6
9 13 6
23 2 1
9 13 6
9 11 1
17 20 4
15 19 5
17 21 5
22 0 1
8 11 8
19 21 8
4 6 1
2 6 8
1 4 4
1 4 6
14 18 6
8 14 6
14 16 4
14 18 2
15 20 2
