1000 28
16 19 8 5 9 16 1 10 8 18 22 4 10 19 7 24 8 10 3 16 14 8 26 4 28 7 13 22 
8 10 10
4 6 26
10 13 3
15 18 20
17 20 3
3 7 8
10 14 21
2 5 5
19 21 2
10 13 21
19 23 10
2 5 22
7 11 7
17 20 15
8 11 15
8 10 19
19 21 14
4 8 16
14 17 1
20 23 23
4 7 9
12 17 17
12 14 17
16 18 16
15 17 8
19 23 19
9 13 25
5 8 18
10 14 5
6 7 4
20 23 14
13 17 2
16 18 27
11 13 26
6 9 18
21 23 24
23 2 17
15 17 2
19 22 27
17 19 23
19 22 13
3 6 9
0 4 10
23 3 17
4 6 10
3 6 21
4 9 12
18 21 25
8 11 25
19 21 15
22 1 1
3 6 28
3 6 13
18 21 14
22 1 9
6 8 10
17 22 8
13 16 13
23 2 14
4 5 3
9 10 24
14 16 13
1 5 13
1 4 21
11 13 26
15 19 16
9 12 2
16 19 5
17 19 26
21 0 28
1 3 12
13 17 2
23 2 23
23 2 6
10 12 27
7 11 7
20 23 11
2 5 15
11 13 16
11 14 3
23 2 26
14 17 27
8 11 14
16 20 9
8 10 11
8 11 3
16 18 1
21 23 19
16 19 18
23 4 20
10 11 16
10 12 1
23 3 17
1 3 4
17 20 19
19 23 15
5 8 10
0 2 16
22 1 12
16 18 15
5 7 5
8 12 22
13 17 11
0 3 15
6 8 24
20 22 27
4 7 13
0 3 10
6 9 19
4 7 18
12 14 6
2 4 11
12 16 10
1 4 8
5 8 22
11 14 4
8 12 7
4 8 28
13 16 17
3 4 28
6 8 2
2 4 18
1 5 9
5 9 20
7 10 1
19 22 16
6 7 7
22 0 9
0 3 3
10 13 24
9 11 8
13 16 9
3 5 18
23 1 28
4 6 19
6 9 25
4 7 21
15 19 15
4 7 10
7 10 10
20 23 5
16 18 14
21 0 7
2 5 17
21 23 15
13 18 3
9 11 11
1 3 24
20 0 16
1 4 9
19 22 5
7 10 17
21 0 13
5 8 6
10 12 24
9 13 25
13 17 5
16 18 22
18 20 11
12 14 3
12 15 9
19 23 4
5 9 12
19 20 22
19 21 6
4 9 18
3 6 25
10 12 6
22 2 8
11 14 1
10 12 1
10 14 23
4 7 12
0 3 13
20 0 7
22 2 19
8 11 5
10 14 1
10 12 28
12 15 6
22 2 10
23 3 10
19 21 17
3 5 22
2 5 27
13 16 8
15 19 27
7 12 28
11 13 3
0 3 4
10 12 18
22 0 17
0 2 24
21 0 15
9 11 25
2 4 23
13 17 8
1 4 26
1 4 16
23 2 1
21 1 13
5 10 14
5 8 27
3 7 23
15 18 21
9 13 6
3 6 3
22 0 8
12 14 9
22 1 9
19 22 24
14 19 14
18 20 26
5 7 21
3 4 16
19 22 19
22 23 25
20 21 9
12 16 14
17 20 15
6 8 11
5 8 26
0 2 18
7 11 5
4 7 13
14 16 22
7 9 1
18 21 19
8 11 16
10 14 23
21 0 18
13 16 7
0 3 6
2 6 20
17 21 9
19 22 13
20 23 18
3 7 26
22 3 5
0 2 13
0 3 21
9 14 15
0 2 26
9 11 17
8 11 27
10 14 12
14 16 5
10 13 23
2 3 18
21 1 1
7 10 14
5 7 21
19 21 1
21 23 26
2 5 22
11 14 16
8 12 4
5 8 10
12 15 24
1 2 5
7 10 18
3 6 4
22 2 10
19 23 9
15 17 10
8 11 5
4 6 21
19 21 9
23 2 16
2 5 22
6 11 11
12 16 15
12 16 23
4 7 21
18 22 3
8 10 9
7 11 2
22 2 16
10 14 15
16 19 19
16 20 5
12 15 16
0 3 17
0 4 11
4 7 25
17 22 9
14 18 22
20 23 3
15 16 2
13 16 16
11 14 6
5 10 7
1 6 24
18 21 13
15 18 15
16 19 22
11 13 21
8 11 3
9 10 3
1 4 21
17 21 2
15 16 26
11 16 12
13 16 6
7 10 12
2 6 11
23 1 11
23 3 1
13 14 8
8 10 21
4 8 12
12 18 9
10 14 6
22 3 1
0 3 16
8 11 27
10 13 11
14 19 27
4 7 3
18 22 21
7 10 24
9 11 24
4 8 4
6 9 2
5 8 4
19 22 24
15 18 22
8 10 1
14 16 19
11 15 23
8 12 8
17 21 6
2 6 13
3 7 15
14 17 6
22 2 26
10 13 12
2 7 8
5 8 23
8 11 27
22 0 14
4 4 6
1 3 25
3 7 24
12 14 10
11 15 21
5 6 12
20 0 7
21 0 9
12 15 9
3 6 27
11 14 4
22 0 2
2 5 12
9 13 1
3 6 25
1 7 1
11 13 20
8 11 8
0 2 13
13 17 23
4 8 7
6 9 7
11 14 28
22 0 8
8 9 24
9 13 16
13 17 21
19 22 11
2 6 2
22 1 4
6 10 16
10 15 2
12 15 1
3 5 15
13 15 2
6 10 9
4 7 9
6 10 26
7 9 7
19 23 27
17 19 24
2 5 10
5 9 8
12 15 19
7 11 21
14 18 17
1 4 28
15 19 22
21 0 19
16 19 5
19 22 28
19 22 6
18 21 4
15 17 20
10 13 27
22 23 20
8 10 4
0 4 3
7 11 26
18 21 2
3 3 25
2 4 11
5 8 11
13 16 7
20 22 7
11 14 24
8 10 4
1 6 2
3 7 10
18 19 24
9 14 25
5 7 28
3 5 27
19 22 20
6 8 9
20 21 26
7 9 22
9 14 13
11 14 2
5 7 18
6 10 20
6 10 6
15 18 20
19 23 5
23 2 19
1 3 21
10 13 16
3 6 9
17 22 26
13 13 4
17 22 21
22 1 10
20 23 28
16 19 10
9 13 2
11 13 9
10 13 20
10 14 9
15 18 7
13 16 19
22 0 14
1 4 18
20 0 26
8 11 16
7 9 9
22 3 26
13 16 13
12 15 4
3 5 24
9 13 20
4 6 14
21 0 23
17 19 5
12 15 1
15 19 25
15 19 15
12 14 26
9 12 26
19 22 17
22 2 15
4 7 28
23 2 21
4 9 7
8 11 2
12 14 8
8 11 27
7 9 26
8 12 11
14 18 8
1 4 13
13 17 19
23 1 25
15 18 6
4 7 20
8 12 2
7 9 20
8 11 2
22 1 26
22 2 28
2 2 9
9 14 28
6 9 24
16 18 3
6 8 26
22 1 21
0 4 3
16 20 9
16 19 15
9 12 15
20 23 23
21 0 17
20 23 5
15 17 21
9 12 15
18 21 12
15 19 26
17 20 24
7 11 28
4 5 26
11 14 12
13 16 14
14 19 18
4 9 11
16 19 22
4 9 28
18 21 19
3 6 22
2 7 6
12 14 27
9 12 11
17 19 26
15 18 9
19 23 22
3 5 21
7 10 5
8 11 1
16 19 24
21 2 14
21 0 12
13 16 18
15 18 10
11 12 2
23 23 4
14 17 18
11 14 28
6 10 4
5 7 10
10 12 28
1 4 22
13 17 5
0 3 22
15 20 8
10 12 22
17 21 7
10 14 21
15 18 28
16 18 2
12 13 20
4 9 21
13 16 13
7 11 10
9 12 3
15 18 13
12 13 12
13 17 1
1 4 4
14 18 27
2 5 19
2 5 4
4 8 2
3 7 6
9 11 22
7 10 25
6 10 9
5 8 26
13 15 24
16 18 6
20 21 7
10 11 19
7 10 25
23 1 26
9 13 19
16 20 3
7 9 2
19 22 28
6 10 19
22 0 1
8 10 23
18 22 24
20 23 12
3 7 11
2 4 13
13 16 13
21 23 25
19 22 17
7 9 27
12 15 21
9 12 20
3 5 1
12 16 25
3 4 21
21 0 6
2 6 16
19 21 7
6 8 8
2 4 22
7 11 18
2 5 6
10 13 25
23 2 1
10 12 10
15 18 6
14 18 5
2 4 28
8 11 10
17 21 2
15 19 24
12 15 12
12 14 3
13 16 24
4 8 8
19 22 7
1 5 3
12 15 25
6 8 21
19 22 10
9 13 3
15 17 23
2 4 11
5 9 21
6 9 15
10 14 2
20 1 22
22 2 8
3 6 19
17 20 13
19 22 3
2 5 19
22 0 28
4 5 4
1 3 20
4 5 4
5 8 26
6 9 24
7 10 1
13 16 5
1 4 7
18 22 26
9 13 17
4 6 13
10 13 1
15 17 22
18 20 13
11 12 24
10 13 20
7 10 18
7 11 23
3 6 18
18 21 8
2 5 6
9 13 3
10 11 3
15 19 22
12 17 1
23 1 25
16 17 18
6 10 15
0 3 14
6 9 9
5 8 3
7 11 2
4 7 10
11 13 16
11 13 7
5 9 7
17 19 22
21 0 18
6 9 28
20 0 2
3 7 15
19 21 22
18 21 21
22 1 10
3 7 25
8 10 2
13 16 23
5 8 5
14 18 4
0 1 1
5 10 24
0 2 12
22 1 26
3 8 2
16 19 10
2 6 17
9 14 6
11 14 19
20 1 9
12 15 7
5 9 16
8 12 26
4 7 27
0 5 1
0 2 1
12 14 14
17 19 14
23 2 22
3 6 24
8 10 18
2 5 2
18 21 8
8 12 11
10 12 19
13 16 17
10 13 12
23 1 21
9 11 3
21 0 5
20 23 18
17 21 19
11 16 8
22 2 20
19 0 25
8 11 13
12 15 15
5 7 10
12 15 14
21 23 25
21 23 4
9 13 4
6 9 23
3 6 21
16 20 17
2 5 21
20 22 15
18 22 4
5 10 21
20 23 16
22 1 28
13 18 17
8 11 23
20 23 27
15 18 14
23 3 5
17 20 24
12 14 22
3 6 24
6 9 13
17 18 11
9 13 12
17 20 18
11 14 22
17 22 1
12 16 13
16 18 4
9 13 15
1 5 5
6 9 2
10 14 3
12 15 4
8 11 12
13 16 3
0 2 7
19 21 23
1 4 3
3 7 26
2 5 23
21 0 16
12 16 8
11 13 23
2 6 8
5 8 28
7 10 14
3 8 14
3 6 15
16 18 2
19 22 10
17 21 16
19 23 20
22 1 27
16 20 19
13 15 15
4 8 11
18 22 22
18 21 12
18 22 25
4 7 19
1 4 8
19 21 11
14 17 6
17 20 9
17 23 20
2 6 11
22 1 9
9 12 18
17 20 9
15 16 2
23 3 2
19 23 9
18 21 6
7 13 22
22 1 10
23 3 27
6 8 25
1 5 7
6 10 14
10 14 26
19 20 9
3 7 24
10 14 10
19 21 15
4 6 5
10 14 12
20 1 4
16 21 5
21 0 22
19 20 19
3 7 21
15 18 28
22 1 5
2 6 4
19 21 20
16 20 25
10 15 19
12 16 23
1 3 13
3 6 7
6 8 21
2 4 25
20 22 26
5 9 21
2 5 16
8 11 18
13 17 21
22 1 19
1 5 18
8 11 25
13 16 11
12 16 25
19 22 21
23 3 22
15 20 23
22 0 11
4 7 2
7 10 10
4 6 22
18 22 14
11 14 12
4 6 10
15 19 6
14 17 12
19 22 22
23 0 5
5 9 18
2 4 3
8 11 11
15 19 28
17 20 2
4 8 6
19 23 22
20 0 7
15 18 2
13 16 22
13 17 15
9 11 8
13 17 26
16 20 1
3 5 4
21 23 16
1 6 24
19 20 24
8 10 22
13 15 11
9 11 6
9 11 26
11 15 1
22 2 16
5 7 17
7 10 3
15 17 19
15 18 24
14 17 11
23 2 1
15 19 23
14 18 22
4 6 15
18 22 8
23 1 5
10 14 4
20 0 22
23 2 21
22 0 9
11 15 27
11 16 24
20 22 17
2 5 21
2 6 3
16 19 4
13 16 7
13 15 28
22 1 10
5 8 3
1 2 27
4 7 6
1 4 3
6 8 10
6 9 14
10 13 18
16 19 5
14 16 24
15 19 16
18 21 3
18 21 19
22 22 24
0 4 20
18 20 28
3 6 27
22 1 6
15 19 18
22 0 23
14 16 8
13 17 27
6 9 4
17 19 27
6 9 13
20 23 28
0 3 15
17 21 4
1 5 3
3 4 12
4 7 16
18 21 1
9 11 14
20 23 26
11 14 27
22 1 14
12 14 25
19 21 23
3 5 20
7 9 7
21 22 24
5 9 9
2 5 16
15 19 22
2 4 12
10 12 2
10 11 17
12 15 17
14 16 1
20 22 19
23 3 11
0 2 12
10 13 16
23 4 18
17 20 5
21 0 28
14 17 16
0 2 16
15 18 3
12 17 10
16 20 10
22 0 8
0 3 1
20 23 4
2 6 11
1 4 14
23 2 26
20 0 27
11 14 20
3 7 5
18 21 24
10 12 28
22 1 3
19 21 27
13 18 8
1 3 27
21 0 13
6 8 26
6 9 15
14 17 5
18 20 1
21 0 15
14 16 10
2 5 6
3 6 24
8 10 25
13 17 12
4 6 10
2 6 14
8 11 7
18 21 7
9 12 3
11 16 13
16 19 25
3 5 2
0 3 5
15 18 16
18 22 4
9 13 10
1 2 4
18 22 19
2 6 26
16 20 8
0 1 16
23 3 10
19 22 10
15 19 7
19 22 22
7 9 28
6 8 16
15 20 10
3 7 13
12 13 6
16 19 13
4 6 6
9 12 27
7 10 13
15 18 8
17 20 28
