1000 94
50 80 10 53 56 18 27 89 61 30 74 26 14 41 80 84 66 29 93 62 44 72 65 8 85 38 34 55 78 29 5 32 9 37 19 10 23 17 41 2 81 55 32 79 6 61 69 69 86 21 36 65 29 65 40 10 61 49 94 72 73 32 93 26 21 13 94 34 6 82 33 42 5 73 63 30 59 32 77 35 57 16 13 76 62 13 2 6 67 68 31 47 75 2 
0 2 10
18 21 73
10 13 60
18 21 94
6 12 88
21 23 89
11 14 4
5 9 4
3 5 8
10 13 39
17 20 54
16 20 27
17 20 24
17 19 13
2 5 76
11 15 24
0 3 88
10 14 87
7 9 66
21 1 58
23 3 51
19 23 41
1 4 85
13 17 76
12 14 63
3 6 9
11 15 21
23 3 27
20 0 8
4 6 22
12 14 5
11 14 79
12 16 34
2 4 17
13 16 32
7 11 55
17 19 64
16 18 27
1 5 28
14 16 59
0 3 4
21 0 88
11 15 91
4 7 45
6 10 65
9 11 6
23 2 22
4 7 59
12 15 70
6 11 27
12 13 40
18 18 11
18 20 59
9 13 39
22 1 35
0 3 7
5 8 17
8 11 9
5 9 74
3 7 46
12 13 10
0 3 26
17 20 39
1 5 26
10 13 74
7 11 29
14 17 90
16 19 13
22 1 61
19 0 13
8 11 94
12 17 31
8 11 76
16 17 41
15 20 32
2 5 14
15 16 72
16 20 28
10 12 5
17 21 9
21 1 44
4 7 54
0 2 78
10 12 30
15 17 21
11 17 17
2 6 7
15 18 85
14 17 59
18 23 2
15 18 85
20 22 82
3 6 71
5 9 7
2 5 36
4 8 88
16 20 7
4 8 39
7 10 51
15 19 85
19 21 26
23 2 13
9 12 10
20 23 86
9 11 25
18 22 23
4 7 79
14 16 23
10 13 92
14 16 9
2 6 26
16 20 14
21 23 77
16 18 77
16 21 34
18 20 39
22 1 81
15 18 11
13 16 46
11 14 94
14 17 27
6 8 29
20 22 69
13 15 13
8 11 5
18 20 21
17 20 40
2 6 25
13 15 74
15 17 31
5 8 10
0 2 59
10 12 94
4 8 76
17 21 27
20 0 74
16 19 30
19 23 47
11 13 67
9 13 63
0 3 76
19 22 43
15 18 64
20 23 47
15 17 46
8 12 16
21 21 66
4 8 25
9 12 91
1 4 47
11 13 9
9 13 82
14 18 72
10 12 43
23 3 60
0 4 9
2 4 38
23 2 44
15 17 4
5 8 76
3 6 20
18 21 84
23 3 71
17 20 26
19 22 21
2 4 45
20 23 51
3 5 77
3 4 53
1 4 49
12 13 53
19 20 87
4 7 40
3 6 88
5 9 57
15 18 37
19 20 45
10 12 37
21 23 28
0 3 76
22 0 81
2 3 27
10 13 71
15 18 18
0 3 41
20 22 80
17 22 84
10 14 80
3 6 34
6 9 56
1 4 47
22 23 67
18 20 92
0 3 37
22 23 68
19 23 42
21 23 94
21 23 9
18 23 10
3 6 44
15 16 26
22 0 86
22 0 14
8 10 45
20 23 78
6 8 47
3 6 57
14 18 74
18 20 67
15 18 50
4 7 81
15 16 32
6 9 23
5 8 43
0 3 20
17 22 73
21 0 66
6 8 59
5 9 67
16 19 93
4 7 83
17 18 1
17 19 4
23 0 60
2 5 3
9 13 13
7 11 64
18 21 29
22 2 40
4 6 49
19 20 71
5 8 15
23 1 59
2 4 21
21 0 1
18 22 62
1 3 5
21 23 47
6 10 10
1 3 76
11 13 55
13 18 45
15 18 5
9 10 93
22 0 11
10 12 45
19 21 27
17 20 73
6 9 41
22 0 40
22 1 33
18 22 33
4 7 78
7 11 29
14 15 12
0 3 10
9 13 23
6 8 40
9 12 11
2 4 18
13 18 36
20 0 44
9 12 77
4 6 11
2 5 2
16 19 76
15 18 87
17 19 79
7 12 75
6 9 44
6 9 90
16 20 5
21 23 63
22 2 69
20 23 23
18 21 91
16 19 6
20 23 53
8 10 1
13 14 3
15 19 75
4 7 73
18 19 40
15 17 56
16 18 67
11 14 71
12 16 57
4 6 47
2 6 44
0 4 52
6 10 2
1 3 43
1 4 60
1 5 87
6 7 52
2 5 87
8 10 10
13 16 71
1 4 45
17 19 64
17 19 8
15 18 79
15 17 32
5 6 60
1 2 50
13 16 43
19 22 10
9 12 76
14 17 42
7 11 8
18 22 7
8 12 18
9 11 8
15 18 17
22 1 75
21 23 66
23 2 76
22 2 36
1 6 88
2 5 83
17 22 61
8 9 52
18 20 76
13 15 88
18 20 62
5 6 1
13 17 17
16 18 15
15 17 61
5 8 55
23 0 34
13 14 44
15 18 33
16 20 68
5 8 55
8 11 67
17 19 88
5 8 71
5 6 18
5 8 50
20 1 9
5 9 89
5 8 90
8 11 48
6 10 1
14 17 3
8 10 53
4 8 18
17 21 76
13 16 33
13 16 3
13 15 86
13 17 93
5 8 66
2 5 67
18 20 61
14 17 39
14 17 15
15 18 13
20 23 68
9 13 78
6 8 8
4 8 55
7 9 58
4 6 2
5 8 57
23 2 16
16 19 65
13 16 20
21 1 93
23 3 85
21 22 54
10 11 22
14 16 39
18 21 25
13 18 18
20 23 52
3 8 46
4 7 52
1 4 44
18 19 87
9 11 75
14 17 49
22 2 62
8 11 6
7 11 34
10 13 81
20 0 10
4 8 92
23 4 25
8 11 29
11 15 89
6 8 22
13 16 38
13 17 56
13 18 50
5 8 58
18 20 57
5 8 6
11 13 55
10 13 37
6 9 73
9 13 27
6 10 15
6 9 9
16 20 80
22 1 45
3 5 48
13 16 60
20 22 13
8 13 85
22 1 39
3 9 65
2 5 72
1 2 79
0 3 36
19 22 58
5 6 32
18 21 81
17 21 24
22 2 61
19 22 40
10 14 77
2 5 56
8 12 4
19 23 59
9 11 43
17 20 82
7 11 39
14 18 37
9 11 83
20 1 56
13 15 75
10 15 89
15 19 17
2 6 47
19 22 58
3 6 14
18 21 92
23 2 10
23 2 57
3 7 54
1 3 59
18 21 84
8 13 37
2 6 86
0 2 37
9 12 9
20 23 10
19 22 76
6 9 73
11 13 15
0 5 31
8 9 79
15 16 84
4 8 41
23 3 15
8 10 63
4 7 46
15 19 41
19 20 25
11 13 65
22 0 33
7 8 57
16 20 69
8 10 58
0 4 76
8 11 43
3 6 16
8 12 44
11 14 16
21 22 37
11 15 67
18 21 26
20 0 8
11 13 5
1 4 72
7 11 68
20 22 31
11 14 26
17 20 2
19 22 92
2 6 80
1 4 9
13 17 49
5 8 40
6 9 36
11 13 51
5 8 35
14 17 91
16 19 94
16 20 24
1 5 1
4 6 70
4 7 62
3 5 59
15 16 69
18 22 59
11 13 69
11 14 43
20 23 84
3 6 91
20 23 67
10 14 64
21 0 30
11 13 61
8 11 73
15 18 32
0 2 49
14 15 87
16 19 47
17 21 8
14 18 34
0 4 78
14 17 60
0 3 61
8 10 28
15 18 56
18 21 63
6 8 1
11 14 58
1 3 81
22 1 58
18 21 53
5 8 54
18 20 43
10 13 8
19 0 22
16 20 2
14 18 88
19 21 68
16 18 19
16 20 69
5 10 6
8 11 64
21 2 93
16 19 50
8 11 46
15 19 87
8 11 8
11 16 41
15 19 83
15 17 17
10 12 17
9 13 28
9 13 27
23 4 23
14 16 76
12 14 75
4 6 69
8 11 46
11 15 75
16 19 51
6 10 84
22 2 27
23 1 48
4 8 92
17 20 90
0 5 59
17 21 87
20 0 29
3 6 49
14 20 28
20 21 39
8 10 9
2 6 19
9 8 75
9 12 49
21 23 81
10 12 79
13 15 64
14 18 88
5 8 72
10 15 49
0 2 34
12 15 12
9 11 14
8 11 6
14 20 67
0 2 7
9 12 66
11 13 67
13 17 65
18 21 61
22 2 64
7 8 15
5 8 56
11 13 71
12 17 61
11 13 7
12 15 67
13 15 18
20 23 66
7 10 80
3 6 43
11 13 5
2 6 69
15 16 86
22 2 38
1 4 89
9 11 80
19 21 67
4 5 61
9 11 2
11 13 57
22 0 38
17 19 4
22 1 25
0 4 87
13 16 5
18 21 10
11 15 76
23 2 34
16 19 3
18 21 21
21 22 67
3 6 36
5 8 71
11 14 31
1 5 67
5 7 40
20 22 4
8 10 22
5 10 80
21 1 11
4 7 7
8 11 25
21 1 22
19 0 48
15 18 79
15 19 26
5 9 86
7 8 45
18 22 23
3 5 43
2 5 83
17 20 56
11 14 11
22 0 60
8 11 28
3 5 26
16 19 55
23 1 32
15 17 9
18 22 54
3 6 90
11 13 58
13 15 5
1 5 10
9 13 29
0 4 31
8 11 67
14 17 2
12 15 11
18 0 8
9 13 60
3 6 21
19 20 13
21 0 84
23 3 80
18 21 25
14 16 15
20 0 84
10 13 83
21 0 4
19 21 3
5 8 88
21 0 14
1 4 90
4 8 71
19 0 89
17 21 31
14 18 7
14 17 57
16 19 75
19 0 70
18 20 89
23 1 23
14 17 20
19 22 33
21 23 83
8 12 79
1 5 7
2 6 89
4 8 86
3 6 92
11 14 11
12 14 59
15 17 40
6 10 82
1 4 4
12 15 47
5 9 22
10 12 55
17 19 92
18 20 46
8 9 38
13 15 91
4 9 81
8 12 62
15 19 68
23 3 13
9 13 67
22 2 45
3 5 92
19 22 93
12 16 60
11 13 7
6 9 73
17 20 61
1 4 34
14 16 7
21 1 79
20 23 44
22 1 74
11 13 37
4 8 68
12 15 90
4 6 66
11 15 90
5 8 24
12 14 88
16 18 36
0 2 31
1 6 33
5 8 90
3 6 11
18 21 32
9 12 9
8 12 76
12 15 60
15 17 4
15 18 85
7 11 82
5 9 85
23 1 7
18 0 29
2 4 35
9 11 11
21 1 92
8 10 41
0 4 30
4 8 58
16 19 52
22 2 71
21 0 62
4 6 57
20 22 5
19 22 13
23 5 8
13 15 93
11 15 35
18 20 17
15 19 91
4 6 91
17 19 71
19 23 1
14 18 73
0 2 23
13 15 9
4 6 49
22 1 7
5 8 38
23 1 18
9 11 53
23 3 24
9 14 29
13 16 71
6 10 11
0 4 38
3 7 68
7 9 94
15 18 32
9 11 56
9 11 89
22 4 58
9 11 76
8 12 69
5 8 30
18 21 69
22 1 35
2 6 4
19 21 7
2 6 77
13 17 83
15 18 47
19 23 69
20 23 41
9 12 72
18 20 7
12 16 33
17 19 8
21 0 22
8 11 87
13 16 34
19 22 9
10 14 35
13 17 23
0 3 61
7 9 36
12 14 21
13 15 11
14 16 83
0 4 88
11 13 70
20 23 27
7 10 87
16 20 72
18 23 51
15 18 60
19 22 71
3 5 90
1 4 64
12 15 70
2 4 89
23 2 64
11 14 56
2 4 66
11 15 45
10 11 31
6 8 67
3 8 65
19 21 17
16 20 27
6 8 45
20 23 88
23 3 52
13 15 17
17 22 69
20 23 73
2 6 59
17 20 61
3 7 7
10 15 52
22 1 90
15 15 50
10 13 86
1 4 2
13 16 38
5 8 46
13 16 86
16 21 91
0 4 20
12 13 34
9 12 89
19 20 11
14 15 16
15 18 91
4 7 50
13 16 6
15 18 51
18 20 33
2 4 44
8 12 45
13 16 80
12 16 39
18 21 41
16 19 92
13 15 38
3 5 33
8 12 42
7 10 72
23 2 61
11 14 17
17 20 78
1 3 70
1 4 78
19 21 33
5 9 37
20 23 13
7 12 34
20 1 59
11 13 50
22 0 49
20 23 37
11 12 37
0 2 37
23 2 71
22 2 80
18 22 27
5 9 6
15 19 28
20 23 22
15 17 49
6 8 86
12 13 44
5 8 58
16 19 32
10 14 94
0 3 87
22 0 17
3 5 69
10 13 72
8 12 52
21 21 76
23 2 33
18 21 4
18 20 32
1 3 72
21 22 2
23 3 88
1 3 59
1 4 82
3 7 21
20 23 3
20 1 73
12 13 94
9 13 28
0 2 88
16 20 86
11 13 54
2 6 68
5 7 39
15 18 48
17 19 67
3 6 83
18 19 57
5 6 79
19 0 72
22 1 4
0 4 86
6 9 12
14 17 91
0 4 93
5 7 14
20 23 75
18 21 87
5 7 65
13 18 25
9 12 69
5 6 11
4 8 80
13 15 44
4 6 16
7 9 30
18 22 91
20 0 15
4 7 33
12 16 79
4 7 61
18 20 24
1 5 83
11 14 25
15 19 71
6 7 25
5 8 82
0 2 18
9 11 53
0 2 8
11 15 28
23 2 1
17 20 48
10 14 46
0 5 63
4 6 12
9 13 27
13 16 57
7 9 1
14 16 85
1 6 60
6 9 71
19 1 84
12 15 76
11 12 60
23 2 53
9 13 60
23 2 51
6 9 74
18 21 80
16 20 32
22 2 48
1 4 55
14 16 91
2 4 73
8 11 6
5 8 81
17 21 83
12 16 81
1 4 81
6 10 43
21 0 41
5 9 31
16 18 56
11 15 26
17 20 18
4 5 77
20 23 74
15 18 53
21 1 73
22 1 87
8 11 33
14 18 32
0 3 61
13 16 57
20 21 88
0 3 42
17 19 59
4 7 51
7 10 73
20 1 83
