1000 40
31 7 40 11 2 33 40 28 15 18 39 20 2 9 12 16 6 19 5 10 22 2 38 18 8 18 24 36 17 10 22 9 14 26 26 18 20 23 36 1 
7 9 34
18 20 13
19 22 20
2 5 33
16 20 7
10 12 28
3 6 6
4 7 1
6 10 35
20 23 35
18 20 36
17 20 29
14 17 5
10 13 38
9 13 36
11 14 31
19 21 21
4 7 22
8 11 22
18 22 17
2 3 36
21 0 5
9 12 10
3 4 21
7 10 5
10 14 9
14 18 19
5 9 16
14 15 16
22 2 28
6 8 24
2 6 13
19 1 7
22 0 39
15 17 23
2 6 36
13 16 33
7 10 4
10 11 6
20 23 35
11 14 13
10 12 27
1 4 6
12 18 1
6 9 17
19 22 18
20 23 32
18 21 22
20 23 34
0 2 35
5 9 40
4 7 36
21 2 7
12 14 12
4 7 7
0 4 2
17 20 21
8 11 4
23 2 39
2 6 18
15 18 4
0 3 35
10 12 8
19 0 29
16 20 40
19 21 37
15 16 33
13 17 5
23 2 31
15 18 9
9 12 2
14 16 16
22 1 15
12 15 27
7 10 25
8 12 21
7 10 16
21 0 26
15 18 4
13 15 16
17 20 18
4 7 9
6 10 16
13 16 15
21 1 2
3 5 5
4 7 5
13 17 20
15 18 30
23 1 39
1 6 17
3 6 1
6 5 39
2 5 9
11 13 37
7 13 11
7 10 40
0 4 24
4 8 27
10 14 11
1 5 35
8 10 35
19 22 16
19 22 23
7 12 2
3 7 27
11 15 11
11 15 37
16 17 18
6 10 26
1 5 25
14 17 25
13 15 35
9 12 17
4 7 24
7 11 15
9 12 9
4 7 10
14 16 7
13 16 14
20 23 21
16 20 2
23 2 21
12 16 17
2 6 4
7 8 32
9 11 28
5 7 37
17 22 19
4 8 4
21 23 29
22 3 14
14 17 12
5 8 27
7 11 32
7 10 39
14 16 4
23 1 11
23 4 19
17 19 5
19 22 27
23 1 11
1 5 32
6 8 21
21 0 32
11 14 33
8 12 39
18 20 36
13 18 1
4 7 2
9 11 5
17 21 18
0 3 10
20 1 18
15 18 27
23 1 30
15 18 17
0 5 26
22 1 30
17 20 10
9 13 8
17 18 40
13 18 24
7 11 26
13 17 40
14 16 20
19 21 6
4 7 23
3 9 31
8 11 22
23 1 18
9 13 39
19 22 29
21 0 25
2 7 6
21 0 35
10 13 19
15 17 10
0 3 21
16 18 4
14 18 7
23 2 8
20 23 23
2 4 31
10 13 3
21 1 38
1 3 24
20 22 30
5 8 21
6 9 9
22 0 39
8 11 27
0 4 38
1 4 13
7 9 39
19 23 7
15 20 12
4 7 34
19 21 1
22 2 19
16 19 32
22 1 8
21 0 21
4 7 40
14 18 32
3 7 8
15 17 17
18 21 26
19 20 35
7 11 22
4 8 4
10 12 24
10 12 1
10 13 21
23 1 35
7 10 16
4 7 11
0 1 22
5 9 21
21 23 26
13 15 14
12 16 1
0 3 10
18 21 25
21 1 13
18 20 21
18 21 20
1 4 7
10 12 22
13 15 13
16 19 21
9 13 4
12 16 4
17 20 15
16 17 38
17 20 14
18 21 16
9 12 5
21 23 1
5 7 40
21 1 7
9 13 2
21 1 33
5 8 5
15 18 36
9 11 16
10 14 17
7 8 23
14 17 12
10 13 22
13 17 13
4 6 30
10 13 37
14 19 13
7 9 12
9 12 7
12 15 29
18 21 13
1 3 12
6 10 24
19 23 25
15 21 26
16 20 26
8 10 7
21 1 38
12 15 11
2 5 30
1 4 34
22 2 16
13 17 35
3 7 24
3 6 35
0 3 23
20 0 13
10 13 34
13 15 6
20 22 22
2 5 11
7 10 11
3 6 15
16 20 3
23 4 21
22 0 35
10 13 28
7 10 27
8 12 21
5 7 22
15 18 5
0 3 26
2 5 17
8 10 27
1 4 38
6 9 34
10 14 17
0 5 24
8 11 39
16 19 28
10 13 16
9 13 23
18 22 8
10 12 35
10 12 28
18 21 23
12 16 3
19 22 39
7 8 33
22 1 1
21 23 39
14 18 28
5 9 14
11 12 23
7 9 16
15 17 26
14 18 34
16 19 29
8 10 7
17 20 10
7 9 18
15 18 21
4 7 35
20 21 11
4 7 4
2 4 28
16 19 2
9 13 26
5 8 27
23 2 30
0 3 1
14 16 1
19 21 12
17 21 37
19 21 18
17 20 23
16 18 1
17 20 20
17 21 21
16 18 5
9 13 40
0 4 13
19 21 36
13 16 21
18 22 28
11 13 14
11 15 10
15 16 34
23 1 38
12 14 3
9 12 5
22 1 17
20 22 14
21 23 34
8 11 21
22 0 37
14 18 4
3 8 21
6 8 19
10 12 33
7 9 38
13 15 12
16 19 23
12 15 40
10 13 13
5 8 4
0 2 40
20 23 6
18 20 3
13 17 24
17 20 16
6 8 7
10 13 1
20 0 26
15 18 32
20 23 30
4 7 26
9 13 18
10 12 6
14 16 26
0 0 3
19 21 28
11 14 29
0 5 18
17 20 28
19 23 7
0 4 23
11 12 31
1 4 15
8 11 27
9 14 7
8 10 29
23 1 1
11 13 33
21 0 6
3 6 14
6 11 13
16 18 8
3 7 24
12 15 9
6 8 18
16 20 32
6 8 16
21 23 10
9 11 8
23 3 3
9 11 30
20 22 9
13 16 7
4 9 18
23 2 1
5 7 25
7 12 33
15 18 17
12 14 8
4 6 38
21 22 34
3 6 29
2 3 37
11 15 1
6 8 11
1 3 22
15 17 21
7 11 20
6 9 22
14 17 17
0 3 31
21 0 32
16 19 9
5 8 12
10 13 5
2 8 34
20 23 32
3 6 17
7 10 20
13 15 19
8 10 23
6 11 27
7 10 12
8 11 15
0 5 15
10 12 10
19 22 2
1 4 12
8 12 9
8 11 9
5 7 36
13 15 35
15 18 40
5 9 13
2 7 26
9 13 3
1 4 9
13 14 5
9 13 4
13 13 21
4 7 11
5 9 11
1 3 23
12 15 12
9 11 21
3 6 3
11 16 7
9 11 29
22 2 39
7 10 39
7 10 37
19 22 3
16 20 20
20 23 24
12 13 29
13 16 6
11 15 13
13 14 33
21 22 14
9 11 40
5 6 16
10 12 31
14 17 9
10 13 38
5 8 35
10 12 25
23 2 36
5 8 9
15 16 20
3 4 39
2 4 13
4 8 1
3 7 8
10 12 2
18 20 7
20 23 10
14 16 28
8 10 36
17 19 2
21 1 39
15 17 21
1 3 19
1 4 6
11 14 7
6 8 11
14 17 25
18 20 6
5 9 10
9 11 23
11 14 14
19 22 13
20 23 35
16 19 5
2 7 15
3 6 38
17 20 33
0 3 19
17 20 25
1 4 30
22 1 31
10 13 20
10 13 4
20 23 20
9 12 1
12 16 17
19 22 23
22 1 31
6 11 25
9 13 28
16 19 31
10 13 22
22 2 40
9 12 24
22 2 35
21 0 25
14 18 31
8 11 11
10 16 39
1 3 29
13 16 26
21 23 22
18 22 3
19 22 39
12 15 17
3 6 40
6 9 28
17 20 35
22 1 38
20 23 23
9 12 7
2 4 2
5 7 38
23 3 8
11 14 9
1 4 34
7 10 30
4 5 20
0 2 34
0 2 11
14 18 29
17 21 8
22 1 9
12 14 12
20 22 40
12 15 38
9 11 22
14 18 28
9 12 21
20 0 35
4 8 37
1 5 14
16 19 12
16 18 10
15 18 9
2 5 29
21 1 13
22 0 12
9 12 2
3 6 9
2 4 22
22 0 25
5 7 14
11 14 33
23 2 29
19 21 7
10 13 14
5 8 2
17 19 35
2 5 7
17 20 7
7 10 36
2 3 27
22 1 16
2 4 33
15 18 23
19 0 13
17 20 29
22 2 38
11 15 11
6 9 23
23 1 34
2 6 34
21 0 36
11 13 11
10 13 7
13 17 29
5 10 30
11 12 6
9 13 25
14 17 20
11 14 1
17 19 11
4 6 28
8 10 1
22 2 38
19 23 15
20 0 25
16 19 39
14 18 1
9 11 20
16 20 19
9 13 37
5 8 17
10 12 5
17 22 16
15 18 3
8 12 18
20 23 35
7 10 21
23 3 8
2 4 18
1 5 38
17 22 17
18 21 4
9 12 21
2 5 3
18 22 3
0 4 4
2 6 25
23 2 28
2 5 6
13 15 5
6 9 28
7 11 32
8 11 5
5 6 1
14 18 4
14 18 24
22 3 5
21 22 24
10 13 24
23 2 27
20 22 32
1 4 27
18 22 36
2 5 40
1 4 12
22 2 31
8 11 18
3 7 25
6 8 14
12 15 2
3 7 19
15 19 13
1 4 37
16 18 22
3 6 16
22 2 32
17 20 3
18 21 6
14 17 6
0 4 30
16 19 5
10 13 19
22 3 4
16 18 38
3 5 13
17 22 31
9 13 34
19 23 14
21 23 11
19 22 18
3 7 25
18 22 37
5 9 34
20 23 23
22 1 22
12 16 26
7 11 22
18 20 1
22 2 32
14 17 35
12 15 39
10 14 13
10 14 9
8 10 36
5 9 11
18 21 33
1 4 36
12 14 33
2 5 35
13 17 20
7 8 39
17 20 2
10 12 25
16 20 25
15 19 38
19 22 17
1 4 11
16 19 16
12 15 25
13 16 2
18 21 22
2 6 35
11 14 17
2 3 8
14 16 23
11 14 17
21 0 40
16 21 35
11 14 19
13 18 35
15 17 34
22 23 32
4 7 21
8 11 28
16 20 37
12 15 2
19 23 12
21 0 19
1 4 18
2 6 31
2 6 32
14 17 26
5 7 35
9 11 20
6 10 22
21 0 23
16 19 17
10 12 19
5 5 33
22 23 13
17 18 15
0 2 17
1 4 12
13 16 6
19 23 10
5 8 2
8 11 11
0 5 38
12 16 29
13 16 7
15 16 5
2 5 20
2 6 15
10 14 30
3 5 21
23 2 1
21 3 14
13 15 14
16 20 35
18 21 9
11 12 37
15 17 38
7 10 19
8 11 13
11 14 27
7 11 8
7 10 13
9 12 3
22 2 24
22 3 26
16 19 32
19 0 34
9 12 25
22 2 33
5 9 36
23 3 29
10 13 40
10 14 25
17 19 1
21 2 28
21 0 21
15 17 28
7 8 35
21 0 10
21 1 7
22 2 30
19 21 20
2 6 28
12 14 1
14 18 20
21 0 17
12 14 26
9 12 13
4 6 12
6 9 18
2 6 32
5 10 6
14 18 37
9 12 28
17 19 32
22 2 8
2 6 32
2 5 21
17 19 2
19 21 16
17 22 17
20 19 13
8 11 13
19 22 13
12 14 33
10 14 15
16 19 19
9 12 37
5 8 20
18 19 1
5 8 10
14 17 40
18 21 10
6 8 8
1 3 11
0 4 11
3 6 12
20 0 25
6 11 23
10 13 33
4 6 31
17 21 5
23 1 39
14 18 38
4 5 18
4 7 20
23 1 36
2 5 2
4 7 8
8 10 14
15 17 5
21 23 34
10 15 25
20 23 14
22 1 27
9 11 27
18 21 9
9 12 35
22 1 34
16 20 36
4 7 5
15 20 33
3 7 27
19 23 28
15 18 21
22 1 37
5 8 5
0 3 12
5 5 10
18 23 30
2 6 36
10 14 24
14 20 6
9 12 17
4 9 10
10 12 1
21 0 2
17 20 23
8 10 3
12 16 33
18 21 13
7 11 10
4 7 8
20 0 3
16 20 1
0 1 30
8 11 11
13 17 19
9 13 37
21 3 39
11 14 8
16 18 15
13 15 13
16 20 15
2 3 39
9 11 10
1 3 39
19 23 17
16 18 11
9 12 1
12 15 8
8 10 34
14 17 18
13 14 15
15 17 13
21 0 9
0 3 12
0 4 17
7 9 16
8 10 12
12 13 1
3 6 34
12 15 3
2 6 11
23 2 2
23 2 10
12 14 4
21 1 32
13 16 22
3 7 17
1 3 34
3 6 23
11 13 7
18 22 30
4 7 18
6 8 20
0 2 7
21 1 34
2 6 16
10 13 27
1 3 37
20 0 25
15 18 3
4 8 14
20 1 36
19 21 11
9 12 22
0 4 32
20 23 37
5 7 27
22 2 37
12 15 40
6 8 24
22 1 33
10 14 28
21 1 35
8 9 6
11 12 23
4 7 33
22 1 33
22 1 19
6 9 19
15 17 31
3 7 30
12 16 7
11 16 1
5 8 9
16 18 17
17 20 2
19 23 20
15 18 6
21 0 17
4 7 23
20 22 19
2 7 12
17 22 22
11 16 37
11 15 23
3 8 9
14 17 26
8 10 30
3 6 21
16 19 40
9 14 11
19 21 15
11 13 32
2 6 2
18 21 19
1 2 39
6 8 26
4 7 16
3 8 3
18 20 22
7 10 22
8 12 3
12 15 7
2 3 9
6 10 9
5 7 24
19 23 35
3 7 21
15 18 22
0 3 19
7 11 10
9 13 20
10 12 21
17 19 2
22 2 9
2 6 5
20 0 32
22 1 30
1 4 23
18 22 8
0 2 18
15 17 5
5 8 33
21 1 22
16 18 14
7 9 37
3 5 19
9 12 13
22 1 32
14 18 1
3 8 33
4 7 4
5 7 2
1 6 36
14 16 11
23 4 12
7 11 14
