1000 10
10 10 8 10 2 1 6 5 5 1 
8 13 8
3 6 8
11 14 10
23 3 2
19 21 1
11 13 2
11 14 10
2 6 4
11 16 6
22 1 8
17 19 7
15 17 10
22 1 9
20 23 7
23 2 2
9 13 3
19 23 10
18 21 1
3 5 6
6 8 8
13 16 2
23 1 2
10 13 6
13 15 2
14 17 7
3 6 1
16 20 5
21 0 4
17 20 10
23 1 6
17 19 6
1 3 9
7 10 4
5 7 5
1 5 7
7 10 1
8 11 6
4 7 10
3 5 9
8 10 8
11 15 5
7 10 10
20 23 1
15 18 1
1 5 8
7 10 8
10 13 2
1 2 7
22 0 8
10 13 3
3 5 7
8 12 4
19 22 4
17 18 8
13 16 3
12 16 9
12 15 9
20 23 8
13 15 7
22 2 5
7 12 8
6 8 3
4 7 3
21 0 4
11 15 3
22 23 1
10 14 9
2 5 5
23 3 4
18 22 2
15 18 4
4 8 3
23 2 5
1 3 4
8 10 4
21 1 8
5 9 3
19 22 7
11 14 9
5 6 3
6 7 8
19 23 7
7 9 9
13 15 1
13 16 4
8 11 6
13 16 4
0 4 8
2 4 5
5 8 8
9 12 6
3 7 3
12 15 2
8 11 6
0 3 10
16 20 1
8 11 8
3 7 4
9 13 3
3 6 3
6 8 6
2 4 1
16 19 2
12 15 5
12 14 9
8 11 1
1 5 10
13 14 3
6 8 2
0 3 10
6 11 10
2 4 2
13 17 4
1 6 2
17 20 10
11 13 1
1 3 1
1 4 4
11 14 1
1 4 2
6 9 10
7 11 4
5 6 7
10 12 8
0 2 7
21 1 3
1 3 9
0 3 6
4 8 4
20 22 6
3 5 10
22 1 5
1 2 1
16 18 1
3 7 7
19 22 8
14 17 10
6 8 1
10 13 6
0 3 3
6 10 5
20 21 5
6 7 5
10 12 6
19 23 8
2 5 3
19 23 10
5 6 4
11 13 6
9 12 2
13 17 2
2 4 1
15 18 7
15 17 10
22 1 5
3 6 3
11 15 7
3 6 4
19 22 5
8 11 9
0 4 3
14 16 7
18 21 10
17 19 3
5 7 1
13 17 10
18 22 4
17 20 9
2 6 1
21 1 4
10 12 8
14 16 1
21 22 9
11 15 6
20 22 7
9 12 8
1 3 2
17 20 6
3 7 6
1 4 7
6 10 9
18 22 1
20 23 7
12 14 9
23 3 9
5 8 5
15 17 6
14 18 9
8 10 10
18 22 8
5 7 1
20 23 1
0 2 5
15 20 4
4 7 9
9 12 10
3 6 5
18 20 7
23 1 9
0 4 8
2 6 7
18 21 2
16 19 8
12 15 9
0 5 10
11 13 1
17 21 4
18 22 9
6 9 10
16 20 3
6 9 1
4 6 7
3 6 7
9 12 3
23 2 3
19 23 5
15 17 8
2 6 8
17 19 9
12 13 1
11 13 3
17 22 2
12 16 1
18 21 6
9 11 7
10 14 10
17 20 3
18 22 10
8 12 5
23 3 8
5 7 2
8 10 3
23 2 9
3 6 4
5 7 3
16 20 7
3 7 10
6 9 3
23 2 2
18 21 8
2 4 4
7 9 5
17 18 7
10 12 10
2 5 6
15 19 6
15 18 5
9 10 6
16 17 4
19 0 4
5 10 5
4 7 8
19 21 3
5 8 9
2 7 8
9 12 8
11 14 5
0 3 1
15 16 1
22 1 6
7 11 8
9 12 9
15 20 7
2 6 10
13 15 2
9 12 3
22 1 7
3 6 9
22 1 3
6 7 7
11 15 3
19 23 9
21 0 6
4 8 9
2 6 10
3 5 2
11 14 4
8 11 5
18 22 8
8 14 3
23 2 6
11 14 4
6 8 10
5 8 2
9 12 3
8 11 2
2 5 10
8 10 7
9 13 5
7 10 4
12 15 3
4 7 1
0 2 5
12 14 2
2 6 10
19 23 9
11 12 6
1 3 9
13 15 5
11 12 5
22 1 6
2 6 5
15 19 7
11 13 2
21 23 6
9 14 1
2 6 10
16 20 8
20 23 8
1 4 8
6 10 1
4 7 7
20 0 10
15 17 5
13 18 4
6 8 9
22 1 4
4 8 8
10 13 2
17 21 6
21 1 2
9 12 1
2 4 7
10 12 2
20 23 5
13 17 4
17 22 8
11 15 4
4 8 9
16 21 6
17 22 9
8 11 5
1 4 5
21 23 6
22 23 1
15 17 9
9 12 2
8 10 6
4 8 10
18 22 1
0 2 7
22 2 4
19 21 3
17 20 5
3 6 9
3 8 6
2 4 6
12 16 10
15 18 5
0 5 9
16 20 6
21 23 9
22 1 6
3 6 10
8 14 1
6 10 6
16 19 10
6 10 8
11 14 3
22 2 1
21 1 2
22 0 9
16 18 2
6 9 3
4 9 2
3 5 4
16 20 9
13 16 7
0 2 9
11 14 10
1 5 3
12 14 4
21 23 2
12 15 7
22 1 6
15 18 6
14 18 6
17 19 7
14 17 2
16 19 8
4 8 4
4 7 3
21 23 10
1 4 7
14 16 7
23 3 6
2 4 8
1 5 1
20 22 6
2 4 9
18 21 9
13 14 4
19 0 2
8 10 2
19 22 7
9 12 8
23 1 6
14 18 6
6 9 10
5 8 4
20 23 1
22 23 3
21 0 4
0 3 2
8 12 5
1 5 9
10 13 5
15 17 10
9 12 9
6 10 7
17 18 10
23 2 10
7 9 3
18 19 5
23 2 6
5 9 8
17 19 3
17 19 7
2 5 6
14 16 8
21 2 1
13 18 6
21 23 2
2 6 4
7 10 4
0 4 1
11 14 9
6 9 8
1 3 5
16 18 2
3 5 4
4 6 2
18 20 10
14 19 9
9 12 6
9 14 9
22 2 5
6 8 2
1 4 8
17 21 7
17 21 7
13 16 7
15 19 7
12 17 5
9 13 9
14 16 2
15 17 5
1 3 6
22 1 10
7 10 7
14 16 7
23 2 3
14 18 7
22 1 2
19 21 2
15 17 10
16 20 8
20 23 1
6 9 10
12 14 7
17 22 5
21 1 3
21 22 1
6 10 9
9 12 3
7 7 9
20 23 7
17 21 8
22 23 10
22 2 3
4 8 8
19 22 6
21 0 7
23 0 6
19 22 8
22 1 3
20 1 10
12 13 3
11 14 6
6 9 6
6 10 7
3 5 3
1 4 7
11 13 6
17 19 7
22 2 8
16 19 8
4 8 3
2 5 9
5 8 3
3 7 10
12 16 7
6 10 7
4 9 6
11 16 1
2 6 6
2 6 1
15 19 5
18 22 3
10 13 8
5 8 7
5 7 9
23 2 2
4 5 3
2 4 1
2 5 6
20 22 10
22 0 6
11 13 3
23 3 2
16 20 10
2 5 3
15 19 8
8 12 3
22 1 1
22 0 6
19 23 9
13 14 8
11 14 3
12 16 7
22 2 1
23 3 7
11 14 3
2 5 2
17 19 7
0 3 2
18 21 2
20 22 6
8 11 4
23 4 4
7 11 9
1 4 8
8 11 5
22 1 2
8 10 3
23 1 6
21 1 3
19 22 9
15 17 1
18 21 6
10 13 3
0 4 3
18 23 10
7 10 7
3 5 9
9 13 3
8 11 9
14 17 2
22 1 1
11 14 8
20 21 6
19 22 5
6 9 6
2 5 4
13 15 7
5 7 1
3 6 5
11 13 7
3 6 7
3 6 3
8 11 2
14 17 5
21 1 10
22 2 2
19 21 8
11 15 4
1 4 7
21 1 1
21 0 7
18 19 4
0 3 9
13 16 3
13 15 4
19 22 9
3 5 2
4 9 8
15 18 8
6 9 2
17 19 3
11 13 10
14 18 4
14 19 2
19 23 1
13 13 4
17 21 8
0 3 3
16 19 2
16 18 4
21 0 2
4 6 3
16 18 1
15 18 1
19 21 6
3 5 10
16 20 8
6 9 6
1 5 10
7 12 7
5 8 1
14 18 5
15 20 4
19 22 5
23 3 7
12 14 3
1 4 3
6 10 5
10 12 8
14 17 3
8 11 4
1 4 5
5 9 9
17 21 1
13 15 4
11 14 7
9 13 2
8 10 9
16 21 5
10 13 9
0 4 3
9 12 5
3 6 1
12 15 7
1 5 6
19 22 1
23 2 7
11 15 5
16 19 3
15 18 3
8 12 3
11 14 1
20 22 9
23 2 5
0 4 8
13 15 3
6 10 1
5 10 7
5 9 4
16 19 6
5 8 3
17 19 6
17 20 2
19 0 10
0 3 3
14 18 1
18 21 6
15 18 5
6 8 6
15 17 7
6 9 8
13 16 9
15 18 9
7 11 3
16 21 10
2 5 6
10 13 10
5 8 6
14 16 2
2 4 1
16 20 9
11 15 1
16 19 8
16 19 2
6 10 8
19 21 8
12 17 5
10 11 10
23 2 3
9 13 9
14 18 9
6 10 8
18 23 5
11 15 7
23 2 5
15 17 3
19 21 2
22 1 2
1 4 10
13 16 7
6 10 5
8 10 8
19 23 1
23 2 2
19 21 10
0 1 8
3 5 4
12 15 3
0 3 6
15 18 2
20 22 7
6 8 10
14 15 2
7 10 9
21 0 9
22 23 5
17 20 6
2 4 9
23 3 7
0 1 2
4 9 2
10 14 5
22 2 5
1 5 9
7 9 7
4 9 9
8 12 9
12 15 10
4 7 6
10 15 10
6 10 3
19 22 9
12 15 3
1 5 7
11 15 3
10 12 7
4 6 7
21 22 5
11 14 2
5 9 4
20 22 2
19 23 8
11 16 3
16 18 2
21 0 1
12 14 8
17 21 9
3 5 6
18 21 4
17 21 2
1 5 2
14 17 9
12 15 10
18 20 2
0 3 7
0 1 6
16 20 6
15 18 5
3 5 3
0 4 7
14 18 1
12 16 2
3 9 6
8 12 2
16 18 6
18 20 10
6 9 10
19 0 5
11 13 1
23 0 4
1 3 9
12 14 2
14 18 2
23 2 7
8 10 7
13 16 3
3 4 10
17 21 6
14 16 5
6 10 2
17 20 4
6 9 10
3 7 10
21 0 3
15 18 3
0 3 8
18 20 7
19 21 8
9 11 2
0 2 3
6 7 1
9 12 9
23 1 6
9 12 6
2 6 2
2 6 7
20 23 4
6 9 2
15 19 3
11 13 7
11 14 3
15 18 5
1 3 9
15 18 4
2 4 8
2 4 10
13 16 7
5 8 6
0 3 6
3 5 7
12 15 4
12 14 1
3 7 7
20 23 1
2 5 3
3 8 1
19 21 9
9 12 8
21 23 3
2 5 7
15 19 4
18 20 7
12 14 9
0 4 9
11 15 10
0 2 1
14 16 2
9 14 6
9 11 10
18 20 7
12 16 6
19 22 2
15 19 3
8 12 3
0 3 6
22 1 7
1 4 10
6 10 7
21 2 2
16 21 7
23 3 3
8 11 1
7 10 5
13 17 9
19 22 4
3 6 2
7 11 3
10 13 1
17 20 9
19 20 7
7 11 4
23 1 8
16 20 4
22 0 2
17 21 10
20 0 10
18 20 4
9 12 9
14 16 2
22 1 5
13 16 9
0 4 1
12 15 1
0 4 9
2 6 9
7 12 7
19 23 8
8 11 5
13 17 8
18 21 1
23 2 10
10 14 4
5 8 5
14 17 9
13 15 1
5 10 10
16 18 7
13 15 8
6 9 4
3 6 3
11 15 2
15 18 1
1 4 9
6 9 6
23 1 9
7 9 7
7 10 4
1 5 1
6 8 6
3 8 9
9 11 8
16 18 2
9 11 5
15 16 2
13 18 7
17 19 1
14 16 9
0 3 6
12 15 3
14 17 9
7 10 8
2 6 8
3 5 3
23 2 3
5 9 6
1 3 8
5 9 10
13 15 7
11 14 8
7 8 7
12 14 7
8 10 2
9 10 2
22 1 7
21 1 2
16 21 1
20 23 10
23 1 8
19 21 1
0 2 4
13 16 5
6 9 5
18 22 5
9 12 5
16 17 5
8 11 6
5 7 4
7 8 8
15 18 8
11 13 4
2 4 4
1 4 10
22 1 5
3 6 10
13 17 5
1 1 3
13 15 4
10 12 9
22 1 7
8 15 2
20 22 2
7 9 4
20 22 3
15 17 9
13 17 8
0 4 3
23 3 9
16 18 5
5 9 8
7 9 1
3 6 3
5 8 10
13 15 7
21 2 9
20 23 7
13 17 9
14 17 3
21 0 5
12 15 4
0 1 7
23 2 1
14 17 9
16 20 10
19 23 5
14 17 2
2 5 6
22 1 5
18 20 5
23 2 8
23 1 5
20 22 2
2 5 9
17 21 3
18 21 4
16 18 2
1 4 9
11 12 10
9 11 5
17 19 8
12 15 3
17 20 1
19 21 5
10 12 3
18 21 7
6 10 5
17 21 9
4 8 3
2 5 2
18 22 4
0 4 9
3 5 10
10 14 7
5 10 6
13 15 4
19 23 8
20 23 6
15 17 6
5 7 10
12 15 7
2 5 10
23 1 3
7 9 2
10 12 4
13 15 10
12 12 9
0 2 2
4 7 6
18 21 6
3 5 6
5 8 7
2 5 7
10 13 1
14 17 10
14 18 10
16 19 7
12 15 10
7 9 3
21 0 8
14 17 3
20 23 5
7 11 9
19 21 8
